0.281988 0.549705 0.491142 0.000000
0.441929 0.477854 0.442913 1.000000
0.157972 0.271654 0.402559 0.000000
0.457185 0.548228 0.431102 1.000000
0.537402 0.397638 0.408465 1.000000
0.071358 0.634350 0.770177 -1.000000
0.342028 0.256398 0.471457 0.000000
0.567421 0.208169 0.425197 -1.000000
0.411909 0.342520 0.472933 1.000000
0.593504 0.342520 0.394685 1.000000
0.136319 0.473425 0.408465 0.000000
0.317913 0.525098 0.495571 -1.000000
0.260335 0.009843 0.391732 2.000000
0.475394 0.656004 0.406496 1.000000
0.419291 0.732283 0.427657 1.000000
0.412894 0.812992 0.401083 3.000000
0.079724 0.543799 0.399606 0.000000
0.297736 0.381890 0.468012 0.000000
0.500000 0.640256 0.400591 1.000000
0.526575 0.331201 0.425197 1.000000
0.462598 0.391732 0.453248 1.000000
0.119094 0.629921 0.425689 0.000000
0.447343 0.339567 0.460138 1.000000
0.535433 0.436024 0.416339 1.000000
0.437992 0.763287 0.408465 -1.000000
0.419291 0.507874 0.455217 1.000000
0.260827 0.513287 0.471457 0.000000
0.227854 0.646161 0.451772 3.000000
0.549705 0.434055 0.409449 1.000000
0.183071 0.113681 0.086122 -1.000000
0.363189 0.294783 0.492126 0.000000
0.232776 0.618602 0.470472 -1.000000
0.486713 0.591535 0.415354 1.000000
0.481299 0.158465 0.424705 2.000000
0.554134 0.406004 0.402559 1.000000
0.601870 0.305610 0.399114 1.000000
0.387795 0.072343 0.396161 2.000000
0.178150 0.243110 0.405020 0.000000
0.362697 0.453248 0.485236 1.000000
0.163878 0.670276 0.438976 3.000000
0.087106 0.448327 0.385827 0.000000
0.258366 0.245571 0.433563 0.000000
0.435039 0.172736 0.435039 2.000000
0.425689 0.205217 0.449803 2.000000
0.459154 0.574803 0.426181 1.000000
0.608760 0.309055 0.387795 1.000000
0.199311 0.576772 0.457185 0.000000
0.349409 0.808563 0.125984 -1.000000
0.385335 0.047244 0.070866 -1.000000
0.191437 0.103839 0.093012 -1.000000
0.525098 0.256398 0.432087 1.000000
0.529528 0.532972 0.401575 1.000000
0.441929 0.544783 0.436024 1.000000
0.046752 0.713091 0.403051 -1.000000
0.255413 0.192913 0.425689 0.000000
0.512303 0.397146 0.424213 1.000000
0.249508 0.088091 0.409941 0.000000
0.578248 0.132874 0.400098 2.000000
0.194390 0.782480 0.384843 3.000000
0.185039 0.316437 0.411909 0.000000
0.181102 0.477854 0.437992 0.000000
0.138780 0.582677 0.423720 0.000000
0.422244 0.331201 0.473917 1.000000
0.250492 0.327264 0.450787 0.000000
0.574803 0.453740 0.405020 1.000000
0.175197 0.138287 0.383366 0.000000
0.478839 0.381890 0.447835 1.000000
0.371063 0.809547 0.397638 3.000000
0.238189 0.762795 0.401083 3.000000
0.145669 0.609252 0.436516 0.000000
0.519193 0.570866 0.404035 1.000000
0.421752 0.376969 0.463583 1.000000
0.447835 0.293307 0.472933 1.000000
0.137303 0.354331 0.400098 0.000000
0.358760 0.761319 0.424705 3.000000
0.424213 0.428150 0.462106 1.000000
0.401083 0.062500 0.395669 2.000000
0.549213 0.437008 0.410925 1.000000
0.207677 0.358760 0.431594 0.000000
0.196358 0.137303 0.166339 -1.000000
0.349902 0.483760 0.481791 1.000000
0.490157 0.325295 0.445374 1.000000
0.316929 0.279035 0.469980 0.000000
0.502953 0.577756 0.411417 1.000000
0.448327 0.653543 0.421260 1.000000
0.249508 0.770669 0.401575 3.000000
0.608760 0.309055 0.387795 1.000000
0.156496 0.764764 0.066929 -1.000000
0.355807 0.248031 0.487697 -1.000000
0.222933 0.011319 0.396654 -1.000000
0.586614 0.208169 0.421260 1.000000
0.439469 0.401575 0.461614 1.000000
0.203248 0.131890 0.400098 0.000000
0.448819 0.380413 0.451772 1.000000
0.469980 0.197835 0.442913 2.000000
0.405020 0.538878 0.460630 1.000000
0.179134 0.699311 0.426673 3.000000
0.161909 0.245079 0.391732 0.000000
0.042815 0.645177 0.816437 -1.000000
0.154035 0.232283 0.391240 0.000000
0.191929 0.441929 0.431102 0.000000
0.418307 0.453248 0.457185 1.000000
0.027067 0.692913 0.812500 -1.000000
0.319882 0.030020 0.389272 2.000000
0.337598 0.769685 0.409449 3.000000
0.112205 0.546752 0.416831 0.000000
0.394193 0.644685 0.451280 1.000000
0.228839 0.339567 0.438976 0.000000
0.054626 0.721949 0.398622 -1.000000
0.176181 0.164370 0.393701 0.000000
0.193406 0.327756 0.421752 0.000000
0.231791 0.424705 0.444390 0.000000
0.512303 0.397146 0.424213 1.000000
0.498031 0.552165 0.408465 1.000000
0.608760 0.270669 0.397638 1.000000
0.386811 0.357776 0.483760 -1.000000
0.310531 0.796752 0.056102 -1.000000
0.357776 0.603346 0.475394 1.000000
0.658465 0.147638 0.073327 -1.000000
0.304134 0.743602 0.418799 3.000000
0.355315 0.221457 0.473425 -1.000000
0.403543 0.422736 0.468996 1.000000
0.117618 0.559055 0.410925 0.000000
0.340551 0.197835 0.461122 -1.000000
0.343012 0.138780 0.432579 2.000000
0.466535 0.535925 0.428642 1.000000
0.120079 0.611713 0.418307 0.000000
0.238681 0.750000 0.403543 3.000000
0.521654 0.603346 0.394685 1.000000
0.184547 0.281988 0.410433 0.000000
0.263780 0.506398 0.470472 0.000000
0.498031 0.296752 0.446358 1.000000
0.369587 0.124508 0.418799 2.000000
0.352854 0.495571 0.485728 1.000000
0.358760 0.352854 0.497047 -1.000000
0.597441 0.308071 0.405512 1.000000
0.464075 0.747539 0.399606 1.000000
0.388780 0.118110 0.422244 2.000000
0.515748 0.633366 0.394685 1.000000
0.459646 0.621063 0.420768 1.000000
0.459646 0.068898 0.382382 2.000000
0.221457 0.679626 0.433071 3.000000
0.602854 0.342520 0.392224 1.000000
0.603346 0.317913 0.008366 -1.000000
0.280020 0.806594 0.384350 3.000000
0.271654 0.287894 0.452756 0.000000
0.411417 0.834646 0.216535 -1.000000
0.503445 0.487697 0.430610 1.000000
0.481299 0.741634 0.393209 1.000000
0.151575 0.560039 0.435531 0.000000
0.337598 0.324311 0.503445 0.000000
0.155512 0.631398 0.444390 -1.000000
0.142717 0.564961 0.427165 0.000000
0.448819 0.380413 0.451772 1.000000
0.478839 0.381890 0.447835 1.000000
0.401083 0.218504 0.461122 2.000000
0.588091 0.395177 0.003445 -1.000000
0.483268 0.248524 0.457677 -1.000000
0.250492 0.327264 0.450787 0.000000
0.571850 0.217520 0.429134 1.000000
0.105807 0.470472 0.008858 -1.000000
0.160433 0.762303 0.144685 -1.000000
0.437500 0.157480 0.429626 2.000000
0.365650 0.242126 0.476378 -1.000000
0.093012 0.562992 0.401083 0.000000
0.593504 0.342520 0.394685 1.000000
0.569882 0.325295 0.414370 1.000000
0.173228 0.380413 0.419783 0.000000
0.554134 0.406004 0.402559 1.000000
0.153543 0.440453 0.418307 0.000000
0.107776 0.656988 0.434055 -1.000000
0.216535 0.418307 0.442913 0.000000
0.173228 0.125492 0.386811 0.000000
0.279528 0.757874 0.407480 3.000000
0.329232 0.419783 0.495571 0.000000
0.358760 0.761319 0.424705 3.000000
0.270669 0.534941 0.481791 0.000000
0.190453 0.179626 0.399606 0.000000
0.531004 0.582185 0.066437 -1.000000
0.439961 0.402559 0.458661 1.000000
0.294291 0.175689 0.446358 0.000000
0.230315 0.585630 0.473917 0.000000
0.473917 0.761811 0.949803 -1.000000
0.210630 0.536417 0.448819 0.000000
0.163878 0.670276 0.438976 3.000000
0.519685 0.515748 0.414370 1.000000
0.294783 0.411909 0.480807 0.000000
0.375000 0.656496 0.457677 1.000000
0.444390 0.408465 0.450295 1.000000
0.278051 0.812992 0.070866 -1.000000
0.234744 0.772638 0.404528 3.000000
0.345472 0.563484 0.472933 1.000000
0.200787 0.649606 0.453248 3.000000
0.002953 0.726870 0.714075 -1.000000
0.434055 0.261319 0.477362 -1.000000
0.328740 0.787402 0.405020 3.000000
0.170276 0.262303 0.404035 0.000000
0.046752 0.713091 0.403051 -1.000000
0.554134 0.406004 0.402559 1.000000
0.432579 0.594980 0.434547 1.000000
0.453740 0.323819 0.461614 1.000000
0.473425 0.380906 0.449803 1.000000
0.528051 0.172244 0.423228 2.000000
0.173720 0.451772 0.421260 0.000000
0.489173 0.522146 0.420276 1.000000
0.333169 0.365650 0.490157 0.000000
0.554134 0.478839 0.424705 -1.000000
0.095965 0.619587 0.409449 0.000000
0.194882 0.692421 0.429134 3.000000
0.244094 0.629921 0.468504 -1.000000
0.597933 0.304626 0.403543 1.000000
0.337598 0.324311 0.503445 0.000000
0.391732 0.829232 0.394193 3.000000
0.452756 0.530512 0.434055 1.000000
0.544783 0.462106 0.421260 1.000000
0.174705 0.459646 0.428150 0.000000
0.346949 0.046752 0.393209 2.000000
0.426673 0.782480 0.953248 -1.000000
0.350394 0.494587 0.481299 1.000000
0.065453 0.650591 0.784449 -1.000000
0.231299 0.496063 0.456201 0.000000
0.611713 0.295768 0.397638 1.000000
0.278543 0.716535 0.434055 3.000000
0.406988 0.370079 0.474409 1.000000
0.242618 0.329232 0.443406 0.000000
0.284449 0.649606 0.459646 3.000000
0.567421 0.208169 0.425197 -1.000000
0.406988 0.708661 0.432087 -1.000000
0.258858 0.393701 0.457185 0.000000
0.172736 0.487697 0.431102 0.000000
0.498031 0.617618 0.400098 1.000000
0.512303 0.467028 0.423720 1.000000
0.309055 0.574311 0.499508 -1.000000
0.297736 0.381890 0.468012 0.000000
0.456201 0.098425 0.402067 2.000000
0.102362 0.390256 0.389272 0.000000
0.340059 0.110728 0.420768 2.000000
0.264764 0.083169 0.419783 -1.000000
0.399114 0.834154 0.095965 -1.000000
0.228346 0.421260 0.442421 0.000000
0.246555 0.335630 0.445866 0.000000
0.064469 0.731791 0.397146 3.000000
0.111713 0.454232 0.396161 0.000000
0.155512 0.760335 0.391732 3.000000
0.156496 0.764764 0.066929 -1.000000
0.637795 0.143701 0.396654 -1.000000
0.083661 0.528543 0.163878 -1.000000
0.440453 0.108268 0.410925 2.000000
0.177657 0.711614 0.414370 3.000000
0.511319 0.240157 0.448327 -1.000000
0.572343 0.429134 0.398130 1.000000
0.524114 0.595472 0.391732 1.000000
0.650591 0.161909 0.393701 -1.000000
0.491634 0.098425 0.401083 2.000000
0.435039 0.686516 0.417815 1.000000
0.330217 0.363681 0.480807 0.000000
0.486220 0.611220 0.406004 1.000000
0.148130 0.222441 0.384843 0.000000
0.414862 0.847933 0.069390 -1.000000
0.071358 0.754429 0.067913 -1.000000
0.046260 0.716535 0.749508 -1.000000
0.366634 0.805118 0.398130 3.000000
0.233268 0.584646 0.470965 0.000000
0.343996 0.594488 0.472933 1.000000
0.510335 0.509843 0.419291 1.000000
0.578740 0.304134 0.406496 1.000000
0.529035 0.434055 0.410925 1.000000
0.556102 0.333661 0.417323 1.000000
0.093504 0.507382 0.400591 0.000000
0.368110 0.445866 0.487205 -1.000000
0.070374 0.517224 0.388287 0.000000
0.250492 0.206201 0.431594 0.000000
0.447343 0.339567 0.460138 1.000000
0.068898 0.523622 0.395177 0.000000
0.409449 0.321850 0.485236 1.000000
0.326280 0.431102 0.498524 0.000000
0.273130 0.309055 0.451772 0.000000
0.360236 0.345965 0.497539 -1.000000
0.274114 0.270669 0.451772 0.000000
0.621063 0.149606 0.404528 -1.000000
0.131890 0.733760 0.402559 3.000000
0.046260 0.716535 0.749508 -1.000000
0.484744 0.687500 0.398130 1.000000
0.343012 0.138780 0.432579 2.000000
0.254429 0.685531 0.434547 3.000000
0.402067 0.738681 0.434055 -1.000000
0.227854 0.428150 0.449803 0.000000
0.228346 0.287402 0.432087 0.000000
0.047244 0.692913 0.395177 -1.000000
0.355807 0.248031 0.487697 -1.000000
0.132382 0.773622 0.066437 -1.000000
0.425689 0.323819 0.468012 1.000000
0.488189 0.632874 0.403051 1.000000
0.238681 0.383366 0.450295 0.000000
0.087598 0.713091 0.406496 3.000000
0.437500 0.833169 0.392717 -1.000000
0.300689 0.801673 0.396654 3.000000
0.411417 0.561024 0.446358 1.000000
0.510335 0.362205 0.436516 1.000000
0.312008 0.187008 0.457185 0.000000
0.498031 0.518209 0.415846 1.000000
0.120571 0.669783 0.431102 -1.000000
0.361220 0.402559 0.491634 -1.000000
0.437500 0.758366 0.413386 1.000000
0.621063 0.149606 0.404528 -1.000000
0.077756 0.612697 0.404035 0.000000
0.371555 0.693406 0.452264 -1.000000
0.260827 0.620571 0.475886 -1.000000
0.196850 0.387303 0.430118 0.000000
0.571850 0.426181 0.398130 1.000000
0.369094 0.516732 0.474902 1.000000
0.051181 0.662402 0.400098 0.000000
0.411909 0.125000 0.419291 2.000000
0.489173 0.165354 0.423228 2.000000
0.050689 0.560039 0.391240 0.000000
0.621063 0.217520 0.400098 1.000000
0.330217 0.363681 0.480807 0.000000
0.320866 0.483760 0.500984 0.000000
0.183071 0.113681 0.086122 -1.000000
0.336614 0.691929 0.447343 3.000000
0.584154 0.211614 0.417323 1.000000
0.532972 0.569390 0.110728 -1.000000
0.395177 0.829232 0.073819 -1.000000
0.329724 0.234252 0.470472 0.000000
0.212106 0.217028 0.408957 0.000000
0.433563 0.515748 0.447835 1.000000
0.384843 0.813976 0.073819 -1.000000
0.146161 0.247047 0.286909 -1.000000
0.182579 0.320866 0.413878 0.000000
0.350394 0.494587 0.481299 1.000000
0.173228 0.125492 0.386811 0.000000
0.264764 0.048228 0.407972 -1.000000
0.013287 0.696850 0.390256 0.000000
0.600886 0.300689 0.397146 1.000000
0.227362 0.450787 0.453248 0.000000
0.318898 0.357776 0.483268 0.000000
0.259350 0.210138 0.434547 0.000000
0.313484 0.290354 0.471949 0.000000
0.533957 0.114173 0.480807 -1.000000
0.528051 0.366634 0.422736 1.000000
0.312992 0.152559 0.446850 -1.000000
0.425197 0.312008 0.482283 1.000000
0.370079 0.135827 0.426181 2.000000
0.156496 0.572835 0.431594 0.000000
0.469980 0.197835 0.442913 2.000000
0.203248 0.131890 0.400098 0.000000
0.207677 0.095472 0.104823 -1.000000
0.493110 0.691929 0.398130 1.000000
0.434547 0.575295 0.433071 1.000000
0.462598 0.722441 0.405512 1.000000
0.239665 0.347933 0.437008 0.000000
0.066437 0.682579 0.412402 -1.000000
0.181102 0.477854 0.437992 0.000000
0.305610 0.772638 0.413386 3.000000
0.557579 0.438976 0.407480 1.000000
0.577756 0.422736 0.398130 1.000000
0.259843 0.386319 0.457677 0.000000
0.425689 0.205217 0.449803 2.000000
0.402067 0.156988 0.436516 2.000000
0.394685 0.258366 0.485728 -1.000000
0.225394 0.796260 0.387303 3.000000
0.375492 0.207185 0.467520 2.000000
0.548228 0.250000 0.424213 1.000000
0.117618 0.559055 0.410925 0.000000
0.474409 0.703740 0.407480 1.000000
0.178150 0.243110 0.405020 0.000000
0.300197 0.276083 0.458169 0.000000
0.293799 0.301673 0.460138 0.000000
0.490157 0.516240 0.419783 1.000000
0.415846 0.085630 0.402559 2.000000
0.283957 0.160433 0.436516 0.000000
0.200787 0.240157 0.414370 0.000000
0.157480 0.491142 0.427657 0.000000
0.326280 0.265256 0.466043 0.000000
0.247047 0.548720 0.474409 0.000000
0.281988 0.718012 0.422736 3.000000
0.494094 0.117126 0.410925 2.000000
0.160433 0.359744 0.404035 0.000000
0.220472 0.742126 0.408465 3.000000
0.227362 0.774606 0.064469 -1.000000
0.201772 0.023130 0.385827 -1.000000
0.164370 0.603839 0.444390 0.000000
0.484252 0.480807 0.435531 1.000000
0.177657 0.349902 0.410925 0.000000
0.211614 0.221457 0.409449 0.000000
0.397638 0.315945 0.491634 -1.000000
0.558071 0.150591 0.412402 2.000000
0.267224 0.403051 0.457185 0.000000
0.255413 0.108268 0.422244 0.000000
0.608760 0.270669 0.397638 1.000000
0.392224 0.225886 0.463091 2.000000
0.301673 0.233760 0.457185 0.000000
0.313976 0.377953 0.474902 0.000000
0.184547 0.370079 0.421260 0.000000
0.245571 0.668307 0.446850 3.000000
0.165354 0.696850 0.418307 3.000000
0.597933 0.304626 0.403543 1.000000
0.341535 0.538386 0.487205 1.000000
0.624016 0.243602 0.177657 -1.000000
0.249016 0.621555 0.468504 -1.000000
0.485236 0.594980 0.413878 1.000000
0.274114 0.270669 0.451772 0.000000
0.529035 0.499016 0.427165 1.000000
0.597933 0.304626 0.403543 1.000000
0.268209 0.323327 0.455217 0.000000
0.525098 0.256398 0.432087 1.000000
0.307087 0.781004 0.399114 3.000000
0.440945 0.106299 0.411909 2.000000
0.530512 0.492618 0.434547 1.000000
0.235728 0.049213 0.405020 -1.000000
0.057087 0.623031 0.387303 0.000000
0.287894 0.796752 0.393701 3.000000
0.308563 0.092028 0.420768 2.000000
0.454232 0.229331 0.460138 2.000000
0.234744 0.120571 0.414862 0.000000
0.212106 0.217028 0.408957 0.000000
0.289862 0.806102 0.393701 3.000000
0.083661 0.509843 0.393209 0.000000
0.280020 0.806594 0.384350 3.000000
0.500000 0.472441 0.430118 1.000000
0.281004 0.211122 0.440945 0.000000
0.492126 0.579232 0.408957 1.000000
0.108268 0.715059 0.415354 3.000000
0.385335 0.114665 0.412402 2.000000
0.140748 0.767224 0.389764 3.000000
0.228839 0.339567 0.438976 0.000000
0.371555 0.693406 0.452264 -1.000000
0.270669 0.320866 0.456693 0.000000
0.277559 0.444882 0.473425 0.000000
0.525591 0.178150 0.427165 2.000000
0.057087 0.557087 0.391240 0.000000
0.367618 0.188976 0.450787 2.000000
0.156496 0.712598 0.413878 3.000000
0.013287 0.696850 0.390256 0.000000
0.506890 0.536909 0.412402 1.000000
0.180610 0.239173 0.398130 0.000000
0.321358 0.532972 0.495571 -1.000000
0.270669 0.534941 0.481791 0.000000
0.004429 0.714567 0.082677 -1.000000
0.204232 0.776083 0.390748 3.000000
0.347441 0.544783 0.479331 1.000000
0.128937 0.595472 0.428150 0.000000
0.183071 0.113681 0.086122 -1.000000
0.249016 0.621555 0.468504 -1.000000
0.509843 0.393209 0.421260 1.000000
0.317913 0.525098 0.495571 -1.000000
0.169783 0.629921 0.453248 -1.000000
0.358268 0.495571 0.481791 1.000000
0.283957 0.433563 0.474409 0.000000
0.089075 0.525591 0.400098 0.000000
0.274606 0.555610 0.489665 0.000000
0.637303 0.211614 0.005413 -1.000000
0.163878 0.354823 0.406496 0.000000
0.602854 0.342520 0.392224 1.000000
0.234744 0.120571 0.414862 0.000000
0.487697 0.662894 0.408465 1.000000
0.295768 0.421260 0.476870 0.000000
0.375000 0.130413 0.424705 2.000000
0.160433 0.359744 0.404035 0.000000
0.271161 0.795768 0.073327 -1.000000
0.346949 0.346949 0.485236 0.000000
0.640748 0.150098 0.402067 -1.000000
0.184547 0.281988 0.410433 0.000000
0.228839 0.339567 0.438976 0.000000
0.279528 0.265748 0.453248 0.000000
0.496555 0.187500 0.435039 2.000000
0.136319 0.473425 0.408465 0.000000
0.300197 0.276083 0.458169 0.000000
0.431102 0.624016 0.429134 1.000000
0.401083 0.080709 0.072835 -1.000000
0.279035 0.709154 0.429626 3.000000
0.214567 0.095965 0.103346 -1.000000
0.133858 0.504921 0.419291 0.000000
0.367618 0.188976 0.450787 2.000000
0.227854 0.646161 0.451772 3.000000
0.331201 0.789370 0.406988 3.000000
0.159941 0.688976 0.424213 3.000000
0.398622 0.690453 0.433563 1.000000
0.027067 0.692913 0.812500 -1.000000
0.343012 0.581693 0.471949 1.000000
0.397638 0.677657 0.438976 1.000000
0.284449 0.265256 0.455709 0.000000
0.471457 0.641732 0.414862 1.000000
0.098917 0.737697 0.068406 -1.000000
0.441929 0.279035 0.471457 -1.000000
0.082677 0.485236 0.020669 -1.000000
0.534449 0.383858 0.419291 1.000000
0.401083 0.218504 0.461122 2.000000
0.380906 0.077756 0.405512 2.000000
0.048228 0.671260 0.402559 0.000000
0.314961 0.415354 0.489173 0.000000
0.156004 0.563976 0.437008 0.000000
0.227362 0.208169 0.417815 0.000000
0.396161 0.578248 0.456693 1.000000
0.557579 0.438976 0.407480 1.000000
0.243110 0.417323 0.453248 0.000000
0.563976 0.333169 0.414862 1.000000
0.532480 0.384350 0.416831 1.000000
0.409449 0.321850 0.485236 1.000000
0.554134 0.257874 0.422244 1.000000
0.450295 0.609744 0.428150 1.000000
0.229331 0.010827 0.406496 -1.000000
0.340551 0.644193 0.468012 -1.000000
0.327756 0.581201 0.487205 -1.000000
0.500000 0.616634 0.075295 -1.000000
0.401083 0.682087 0.437500 1.000000
0.223917 0.058071 0.394193 0.000000
0.584154 0.160925 0.412894 2.000000
0.498031 0.296752 0.446358 1.000000
0.608760 0.298720 0.005413 -1.000000
0.287894 0.796752 0.393701 3.000000
0.211614 0.060039 0.397146 0.000000
0.328740 0.145177 0.443406 -1.000000
0.453740 0.323819 0.461614 1.000000
0.224902 0.690453 0.432579 3.000000
0.173228 0.533465 0.442421 0.000000
0.033957 0.664862 0.092520 -1.000000
0.228839 0.346457 0.436516 0.000000
0.520177 0.566929 0.403051 1.000000
0.600886 0.300689 0.397146 1.000000
0.503445 0.487697 0.430610 1.000000
0.062008 0.623031 0.402067 0.000000
0.422244 0.412402 0.467520 1.000000
0.156004 0.737205 0.405020 3.000000
0.451772 0.368602 0.456201 1.000000
0.246063 0.311024 0.437992 0.000000
0.445374 0.428642 0.446358 1.000000
0.327264 0.718996 0.435039 3.000000
0.246063 0.462598 0.453248 0.000000
0.238681 0.750000 0.403543 3.000000
0.265748 0.405512 0.455709 0.000000
0.120571 0.669783 0.431102 -1.000000
0.586614 0.208169 0.421260 1.000000
0.368110 0.445866 0.487205 -1.000000
0.179134 0.115157 0.384843 0.000000
0.431594 0.631890 0.437500 1.000000
0.258366 0.112205 0.427165 0.000000
0.152067 0.274114 0.396654 0.000000
0.237697 0.106299 0.411417 0.000000
0.300197 0.276083 0.458169 0.000000
0.364665 0.503445 0.478346 1.000000
0.340551 0.251476 0.479823 0.000000
0.416831 0.360728 0.477854 1.000000
0.333169 0.760335 0.416831 3.000000
0.244094 0.207677 0.432087 0.000000
0.526575 0.545768 0.401575 1.000000
0.065945 0.710630 0.400591 -1.000000
0.404528 0.423720 0.474409 1.000000
0.050689 0.560039 0.391240 0.000000
0.327264 0.718996 0.435039 3.000000
0.341535 0.538386 0.487205 1.000000
0.485728 0.123524 0.412894 2.000000
0.049213 0.657972 0.401083 0.000000
0.027067 0.692913 0.812500 -1.000000
0.054134 0.543307 0.050689 -1.000000
0.369094 0.516732 0.474902 1.000000
0.384843 0.813976 0.073819 -1.000000
0.077756 0.588583 0.062500 -1.000000
0.447835 0.801673 0.400591 -1.000000
0.186024 0.616142 0.458169 0.000000
0.362205 0.811024 0.889272 -1.000000
0.584154 0.211614 0.417323 1.000000
0.222933 0.011319 0.396654 -1.000000
0.481299 0.741634 0.393209 1.000000
0.041339 0.725394 0.096949 -1.000000
0.457677 0.546260 0.434547 1.000000
0.303642 0.165354 0.446358 0.000000
0.433071 0.682087 0.425197 1.000000
0.435039 0.686516 0.417815 1.000000
0.600886 0.300689 0.397146 1.000000
0.510335 0.509843 0.419291 1.000000
0.430610 0.540354 0.443406 1.000000
0.620079 0.272638 0.392224 1.000000
0.283465 0.285433 0.452264 0.000000
0.270177 0.455709 0.465551 0.000000
0.054134 0.726870 0.399114 -1.000000
0.157972 0.271654 0.402559 0.000000
0.277067 0.095472 0.424213 -1.000000
0.455709 0.839567 0.067913 -1.000000
0.459646 0.621063 0.420768 1.000000
0.449311 0.593504 0.428150 1.000000
0.283957 0.160433 0.436516 0.000000
0.487697 0.662894 0.408465 1.000000
0.101378 0.577264 0.412402 0.000000
0.620079 0.272638 0.392224 1.000000
0.217520 0.020177 0.393209 -1.000000
0.282972 0.744587 0.413878 3.000000
0.238681 0.495571 0.466043 0.000000
0.360728 0.337106 0.496555 -1.000000
0.170768 0.365650 0.414370 0.000000
0.139272 0.689469 0.426181 3.000000
0.326772 0.142717 0.440945 -1.000000
0.037894 0.722441 0.104823 -1.000000
0.408957 0.649114 0.442913 1.000000
0.510335 0.362205 0.436516 1.000000
0.254429 0.012795 0.070866 -1.000000
0.438976 0.812992 0.406004 -1.000000
0.338091 0.428642 0.500984 -1.000000
0.389764 0.411417 0.478839 1.000000
0.534449 0.383858 0.419291 1.000000
0.516240 0.461122 0.422736 1.000000
0.431102 0.609252 0.431594 1.000000
0.515748 0.405020 0.421752 1.000000
0.328740 0.687992 0.454724 3.000000
0.528051 0.244094 0.441929 1.000000
0.156496 0.572835 0.431594 0.000000
0.539370 0.108268 0.477362 -1.000000
0.318406 0.404528 0.487697 0.000000
0.062008 0.623031 0.402067 0.000000
0.182087 0.157480 0.397638 0.000000
0.165354 0.175689 0.388780 0.000000
0.572343 0.429134 0.398130 1.000000
0.284449 0.649606 0.459646 3.000000
0.342028 0.692913 0.452264 3.000000
0.180118 0.746063 0.399114 3.000000
0.601378 0.315945 0.396654 1.000000
0.411909 0.342520 0.472933 1.000000
0.327264 0.288878 0.474902 0.000000
0.055118 0.550197 0.051181 -1.000000
0.453740 0.323819 0.461614 1.000000
0.089075 0.506398 0.393209 0.000000
0.636811 0.235728 0.007382 -1.000000
0.603839 0.200787 0.414862 -1.000000
0.650591 0.161909 0.393701 -1.000000
0.316437 0.266732 0.464075 0.000000
0.125000 0.517224 0.414370 0.000000
0.167323 0.589567 0.442421 0.000000
0.077264 0.598917 0.123031 -1.000000
0.313976 0.628937 0.469488 3.000000
0.430610 0.540354 0.443406 1.000000
0.254429 0.325787 0.450787 0.000000
0.191437 0.478839 0.440453 0.000000
0.119587 0.730807 0.399606 3.000000
0.560039 0.345965 0.407480 1.000000
0.256398 0.195866 0.426673 0.000000
0.394685 0.716535 0.434547 -1.000000
0.255906 0.193898 0.430610 0.000000
0.390256 0.798228 0.407480 3.000000
0.201280 0.729823 0.413878 3.000000
0.169783 0.491142 0.431102 0.000000
0.385827 0.840059 0.067913 -1.000000
0.227854 0.783465 0.392717 3.000000
0.181102 0.477854 0.437992 0.000000
0.387795 0.463583 0.475394 1.000000
0.263287 0.078248 0.425197 -1.000000
0.156004 0.737205 0.405020 3.000000
0.574803 0.453740 0.405020 1.000000
0.125492 0.648622 0.433563 -1.000000
0.401083 0.238681 0.472441 2.000000
0.227854 0.428150 0.449803 0.000000
0.487205 0.309547 0.446358 1.000000
0.196850 0.387303 0.430118 0.000000
0.432579 0.594980 0.434547 1.000000
0.191437 0.478839 0.440453 0.000000
0.063976 0.624508 0.403543 0.000000
0.415846 0.526575 0.457677 1.000000
0.140748 0.767224 0.389764 3.000000
0.336122 0.662894 0.456693 3.000000
0.142717 0.370079 0.397146 0.000000
0.418799 0.452264 0.455709 1.000000
0.506398 0.588583 0.409941 1.000000
0.062008 0.546752 0.389764 0.000000
0.175197 0.177657 0.394193 0.000000
0.410433 0.239173 0.470472 2.000000
0.401083 0.682087 0.437500 1.000000
0.284941 0.561024 0.495571 0.000000
0.144193 0.395669 0.408465 0.000000
0.345472 0.060531 0.403051 2.000000
0.103346 0.570866 0.412894 0.000000
0.338091 0.822835 0.385335 3.000000
0.195374 0.226378 0.404528 0.000000
0.380906 0.077756 0.405512 2.000000
0.049213 0.657972 0.401083 0.000000
0.307579 0.300197 0.469980 0.000000
0.250492 0.327264 0.450787 0.000000
0.194882 0.692421 0.429134 3.000000
0.353839 0.445374 0.489173 -1.000000
0.055118 0.550197 0.051181 -1.000000
0.468996 0.792323 0.066929 -1.000000
0.131890 0.733760 0.402559 3.000000
0.487205 0.397146 0.434055 1.000000
0.120571 0.669783 0.431102 -1.000000
0.465551 0.495571 0.438484 1.000000
0.134843 0.401575 0.407480 0.000000
0.445374 0.641732 0.421752 1.000000
0.461122 0.671752 0.415846 1.000000
0.629429 0.251969 0.391732 1.000000
0.070374 0.517224 0.388287 0.000000
0.488189 0.632874 0.403051 1.000000
0.200787 0.116634 0.402067 0.000000
0.437008 0.193898 0.440945 2.000000
0.448819 0.267224 0.472441 -1.000000
0.378445 0.344980 0.490650 -1.000000
0.429134 0.485728 0.452264 1.000000
0.248524 0.415846 0.453740 0.000000
0.309055 0.756398 0.413386 3.000000
0.508366 0.639764 0.402559 1.000000
0.354823 0.669291 0.469488 -1.000000
0.187500 0.230807 0.405512 0.000000
0.557087 0.509350 0.275098 -1.000000
0.270177 0.455709 0.465551 0.000000
0.412894 0.812992 0.401083 3.000000
0.414370 0.089567 0.407972 2.000000
0.406004 0.211614 0.462106 2.000000
0.607776 0.306102 0.393701 1.000000
0.272146 0.645669 0.460630 3.000000
0.326280 0.685531 0.444882 3.000000
0.422244 0.331201 0.473917 1.000000
0.398130 0.694390 0.428642 1.000000
0.029035 0.728839 0.069390 -1.000000
0.297736 0.387303 0.470965 0.000000
0.193406 0.327756 0.421752 0.000000
0.400098 0.723917 0.429134 -1.000000
0.437500 0.157480 0.429626 2.000000
0.449311 0.593504 0.428150 1.000000
0.520177 0.566929 0.403051 1.000000
0.299213 0.164370 0.452264 0.000000
0.256890 0.617126 0.468012 -1.000000
0.363189 0.294783 0.492126 0.000000
0.362205 0.177165 0.445866 2.000000
0.375984 0.115650 0.421260 2.000000
0.179134 0.115157 0.384843 0.000000
0.349902 0.399606 0.496555 -1.000000
0.360728 0.800689 0.396654 3.000000
0.213091 0.329724 0.422736 0.000000
0.553642 0.331201 0.418799 1.000000
0.511811 0.503937 0.423720 1.000000
0.318898 0.357776 0.483268 0.000000
0.246063 0.311024 0.437992 0.000000
0.526575 0.331201 0.425197 1.000000
0.414862 0.177165 0.447835 2.000000
0.542323 0.408957 0.409449 1.000000
0.345472 0.079724 0.406004 2.000000
0.186024 0.364665 0.421752 0.000000
0.037894 0.722441 0.104823 -1.000000
0.087598 0.713091 0.406496 3.000000
0.613681 0.191437 0.413386 -1.000000
0.341043 0.605315 0.475394 1.000000
0.443898 0.549705 0.435039 1.000000
0.519685 0.253445 0.444390 1.000000
0.566437 0.279035 0.423720 1.000000
0.453248 0.758366 0.908957 -1.000000
0.462106 0.095472 0.402067 2.000000
0.554134 0.406004 0.402559 1.000000
0.486713 0.591535 0.415354 1.000000
0.366634 0.237697 0.470472 -1.000000
0.027067 0.698819 0.395177 0.000000
0.284449 0.074803 0.406988 2.000000
0.280020 0.198327 0.445374 0.000000
0.281988 0.718012 0.422736 3.000000
0.264764 0.048228 0.407972 -1.000000
0.407972 0.777067 0.906988 -1.000000
0.156496 0.572835 0.431594 0.000000
0.066437 0.682579 0.412402 -1.000000
0.476378 0.310039 0.450295 1.000000
0.613681 0.191437 0.413386 -1.000000
0.138287 0.272638 0.388287 0.000000
0.434055 0.511319 0.450295 1.000000
0.221457 0.679626 0.433071 3.000000
0.401083 0.218504 0.461122 2.000000
0.248524 0.391732 0.450295 0.000000
0.505906 0.445866 0.418307 1.000000
0.435039 0.604331 0.433071 1.000000
0.091535 0.416831 0.289370 -1.000000
0.269685 0.448819 0.472441 0.000000
0.528051 0.244094 0.441929 1.000000
0.362205 0.555610 0.475394 1.000000
0.621063 0.217520 0.400098 1.000000
0.464567 0.827756 0.391732 -1.000000
0.125492 0.287894 0.384350 0.000000
0.485236 0.279035 0.454724 1.000000
0.086614 0.759843 0.384843 3.000000
0.421260 0.563484 0.442421 1.000000
0.300197 0.192421 0.451280 0.000000
0.357283 0.395669 0.493110 -1.000000
0.533957 0.244587 0.441929 1.000000
0.454232 0.822835 0.963091 -1.000000
0.547244 0.130413 0.405512 2.000000
0.532972 0.569390 0.110728 -1.000000
0.534449 0.108760 0.482776 -1.000000
0.082185 0.536909 0.160433 -1.000000
0.621063 0.217520 0.400098 1.000000
0.578248 0.132874 0.400098 2.000000
0.161417 0.704232 0.425689 3.000000
0.471457 0.785433 0.067421 -1.000000
0.191437 0.478839 0.440453 0.000000
0.413386 0.314469 0.486220 1.000000
0.490157 0.516240 0.419783 1.000000
0.484252 0.299213 0.448819 1.000000
0.192913 0.249016 0.411909 0.000000
0.431102 0.624016 0.429134 1.000000
0.319390 0.124508 0.436516 2.000000
0.104823 0.454724 0.400098 0.000000
0.112205 0.546752 0.416831 0.000000
0.595472 0.374508 0.385827 1.000000
0.187992 0.369094 0.420276 0.000000
0.215059 0.236220 0.420276 0.000000
0.406988 0.370079 0.474409 1.000000
0.372539 0.803642 0.397146 3.000000
0.359744 0.702756 0.442913 -1.000000
0.429626 0.288386 0.472933 1.000000
0.369094 0.516732 0.474902 1.000000
0.117126 0.749508 0.391240 3.000000
0.118602 0.397638 0.398130 0.000000
0.071358 0.714075 0.401083 -1.000000
0.246555 0.335630 0.445866 0.000000
0.645177 0.215551 0.006398 -1.000000
0.353346 0.134350 0.426673 2.000000
0.220965 0.000984 0.388287 -1.000000
0.466535 0.155512 0.428150 2.000000
0.459154 0.670276 0.410925 1.000000
0.483268 0.248524 0.457677 -1.000000
0.128937 0.595472 0.428150 0.000000
0.097441 0.677165 0.425689 -1.000000
0.179626 0.463091 0.432579 0.000000
0.598917 0.371063 0.001476 -1.000000
0.524114 0.595472 0.391732 1.000000
0.258366 0.190945 0.429626 0.000000
0.162402 0.531496 0.435039 0.000000
0.161909 0.231299 0.393209 0.000000
0.588091 0.395177 0.003445 -1.000000
0.204724 0.782480 0.067421 -1.000000
0.300197 0.192421 0.451280 0.000000
0.256398 0.195866 0.426673 0.000000
0.108760 0.723425 0.402559 3.000000
0.045276 0.635827 0.386811 0.000000
0.221457 0.088583 0.126969 -1.000000
0.534449 0.383858 0.419291 1.000000
0.203248 0.727362 0.411909 3.000000
0.132382 0.773622 0.066437 -1.000000
0.185039 0.316437 0.411909 0.000000
0.441929 0.774114 0.930118 -1.000000
0.094488 0.639764 0.420276 0.000000
0.407480 0.085138 0.406004 2.000000
0.515748 0.633366 0.394685 1.000000
0.453248 0.070374 0.074803 -1.000000
0.178150 0.243110 0.405020 0.000000
0.265256 0.130413 0.427657 0.000000
0.286417 0.108268 0.423720 -1.000000
0.484744 0.093996 0.402067 2.000000
0.593504 0.337598 0.011319 -1.000000
0.328248 0.773130 0.412402 3.000000
0.629429 0.185039 0.406496 -1.000000
0.065453 0.650591 0.784449 -1.000000
0.415846 0.526575 0.457677 1.000000
0.268209 0.718012 0.431102 3.000000
0.412894 0.429134 0.460630 1.000000
0.182087 0.263287 0.402067 0.000000
0.050689 0.661909 0.743110 -1.000000
0.528051 0.580709 0.395177 1.000000
0.340551 0.644193 0.468012 -1.000000
0.226870 0.546260 0.468996 0.000000
0.316437 0.620079 0.478839 3.000000
0.281988 0.718012 0.422736 3.000000
0.332185 0.499016 0.500492 -1.000000
0.631398 0.244587 0.390256 1.000000
0.083169 0.614665 0.402559 0.000000
0.431594 0.631890 0.437500 1.000000
0.222933 0.599902 0.475394 -1.000000
0.062008 0.546752 0.389764 0.000000
0.399114 0.750492 0.435039 -1.000000
0.331201 0.152067 0.436024 2.000000
0.042815 0.645177 0.816437 -1.000000
0.490650 0.370571 0.442913 1.000000
0.290846 0.668799 0.452756 3.000000
0.179134 0.515748 0.441929 0.000000
0.125492 0.648622 0.433563 -1.000000
0.521161 0.386319 0.421752 1.000000
0.324803 0.478839 0.498524 0.000000
0.464075 0.822343 0.064961 -1.000000
0.331201 0.366142 0.483760 0.000000
0.077756 0.588583 0.062500 -1.000000
0.439961 0.402559 0.458661 1.000000
0.305610 0.590551 0.495571 -1.000000
0.460630 0.097441 0.396654 2.000000
0.219488 0.040846 0.398130 -1.000000
0.538878 0.284449 0.424705 1.000000
0.157480 0.763780 0.070866 -1.000000
0.464567 0.283465 0.467520 1.000000
0.139272 0.608268 0.434547 0.000000
0.119094 0.629921 0.425689 0.000000
0.549705 0.434055 0.409449 1.000000
0.025098 0.733268 0.716535 -1.000000
0.140748 0.767224 0.389764 3.000000
0.213091 0.785433 0.388780 3.000000
0.410925 0.704724 0.435039 1.000000
0.242126 0.581201 0.481299 0.000000
0.362205 0.811024 0.889272 -1.000000
0.554134 0.257874 0.422244 1.000000
0.039862 0.619094 0.391240 0.000000
0.485728 0.445374 0.435039 1.000000
0.162894 0.512795 0.429626 0.000000
0.076280 0.612205 0.398622 0.000000
0.223917 0.575295 0.468504 0.000000
0.528051 0.580709 0.395177 1.000000
0.314469 0.372539 0.474902 0.000000
0.212106 0.217028 0.408957 0.000000
0.062008 0.623031 0.402067 0.000000
0.189961 0.766732 0.400591 3.000000
0.258858 0.758366 0.408957 3.000000
0.488681 0.297244 0.447835 1.000000
0.522638 0.625000 0.395177 1.000000
0.328740 0.441437 0.490650 0.000000
0.394193 0.748031 0.430610 -1.000000
0.517224 0.197835 0.437008 -1.000000
0.391732 0.829232 0.394193 3.000000
0.382874 0.759843 0.427657 3.000000
0.249508 0.091535 0.413878 0.000000
0.269685 0.093504 0.426673 -1.000000
0.416831 0.834646 0.905020 -1.000000
0.317421 0.587598 0.488681 -1.000000
0.380906 0.077756 0.405512 2.000000
0.506890 0.360236 0.436024 1.000000
0.385827 0.840059 0.067913 -1.000000
0.090059 0.621555 0.410925 0.000000
0.487697 0.662894 0.408465 1.000000
0.608268 0.193898 0.403543 -1.000000
0.404528 0.827264 0.125984 -1.000000
0.391240 0.797736 0.410433 3.000000
0.426673 0.782480 0.953248 -1.000000
0.411909 0.342520 0.472933 1.000000
0.280020 0.198327 0.445374 0.000000
0.103839 0.475394 0.152067 -1.000000
0.626969 0.183563 0.407972 -1.000000
0.532480 0.135335 0.408957 2.000000
0.457185 0.567421 0.423720 1.000000
0.508858 0.183563 0.437992 2.000000
0.057087 0.557087 0.391240 0.000000
0.603839 0.271654 0.404035 1.000000
0.608268 0.190945 0.408465 -1.000000
0.365650 0.769685 0.422736 3.000000
0.503445 0.487697 0.430610 1.000000
0.519685 0.515748 0.414370 1.000000
0.262303 0.807087 0.065945 -1.000000
0.526575 0.331201 0.425197 1.000000
0.327264 0.288878 0.474902 0.000000
0.648622 0.187500 0.389764 1.000000
0.541339 0.342520 0.421752 1.000000
0.414862 0.506398 0.450787 1.000000
0.371555 0.460630 0.476870 1.000000
0.161417 0.752461 0.059547 -1.000000
0.212598 0.749508 0.409449 3.000000
0.406988 0.594488 0.451772 1.000000
0.464075 0.773130 0.400098 1.000000
0.401575 0.832677 0.982283 -1.000000
0.343012 0.581693 0.471949 1.000000
0.312992 0.639764 0.468996 3.000000
0.542323 0.235236 0.437992 1.000000
0.629429 0.251969 0.391732 1.000000
0.406988 0.370079 0.474409 1.000000
0.271654 0.764764 0.409941 3.000000
0.191437 0.478839 0.440453 0.000000
0.405512 0.834154 0.156988 -1.000000
0.645177 0.127953 0.392224 2.000000
0.044291 0.640748 0.388780 0.000000
0.274114 0.181594 0.432579 0.000000
0.401083 0.309055 0.486220 1.000000
0.542815 0.503445 0.417323 1.000000
0.232283 0.008858 0.083661 -1.000000
0.255906 0.440945 0.463583 0.000000
0.225886 0.672244 0.444882 3.000000
0.238681 0.296752 0.438484 0.000000
0.540354 0.384350 0.418307 1.000000
0.220965 0.064961 0.397146 0.000000
0.170276 0.538878 0.437008 0.000000
0.250000 0.304626 0.437500 0.000000
0.125492 0.692421 0.426673 3.000000
0.222441 0.186516 0.413878 0.000000
0.419291 0.732283 0.427657 1.000000
0.146161 0.247047 0.286909 -1.000000
0.348917 0.808071 0.391240 3.000000
0.321358 0.532972 0.495571 -1.000000
0.367618 0.605315 0.465059 1.000000
0.270669 0.534941 0.481791 0.000000
0.236713 0.289862 0.429134 0.000000
0.525098 0.256398 0.432087 1.000000
0.554134 0.478839 0.424705 -1.000000
0.157480 0.491142 0.427657 0.000000
0.416831 0.818406 0.401575 3.000000
0.411909 0.342520 0.472933 1.000000
0.343996 0.294783 0.479331 0.000000
0.401083 0.080709 0.072835 -1.000000
0.355315 0.718996 0.438976 3.000000
0.160433 0.403051 0.414862 0.000000
0.533957 0.244587 0.441929 1.000000
0.048720 0.695374 0.735236 -1.000000
0.193406 0.472933 0.433071 0.000000
0.133366 0.744094 0.394193 3.000000
0.114665 0.506398 0.402067 0.000000
0.474409 0.274114 0.462106 1.000000
0.103346 0.570866 0.412894 0.000000
0.398622 0.690453 0.433563 1.000000
0.125492 0.287894 0.384350 0.000000
0.623524 0.288386 0.159449 -1.000000
0.328740 0.687992 0.454724 3.000000
0.453248 0.758366 0.908957 -1.000000
0.273622 0.253445 0.450787 0.000000
0.274114 0.181594 0.432579 0.000000
0.079724 0.528051 0.057579 -1.000000
0.448819 0.762303 0.926181 -1.000000
0.206693 0.120079 0.394193 0.000000
0.375000 0.656496 0.457677 1.000000
0.394193 0.644685 0.451280 1.000000
0.224902 0.690453 0.432579 3.000000
0.402067 0.215551 0.457677 2.000000
0.252953 0.783465 0.401083 3.000000
0.199311 0.577756 0.449311 0.000000
0.155512 0.343012 0.405020 0.000000
0.231299 0.190453 0.422736 0.000000
0.108760 0.401575 0.390256 0.000000
0.281988 0.549705 0.491142 0.000000
0.244587 0.763287 0.403051 3.000000
0.359252 0.654035 0.467028 -1.000000
0.158465 0.345965 0.407480 0.000000
0.244587 0.763287 0.403051 3.000000
0.590059 0.375984 0.394685 1.000000
0.384350 0.226378 0.465059 2.000000
0.187500 0.702756 0.422244 3.000000
0.511319 0.240157 0.448327 -1.000000
0.250492 0.795276 0.068898 -1.000000
0.593504 0.342520 0.394685 1.000000
0.300689 0.801673 0.396654 3.000000
0.208169 0.351378 0.430610 0.000000
0.428642 0.500492 0.444882 1.000000
0.329724 0.662894 0.453248 3.000000
0.225886 0.777067 0.070374 -1.000000
0.326280 0.431102 0.498524 0.000000
0.396654 0.099409 0.406496 2.000000
0.239173 0.228346 0.431102 0.000000
0.334154 0.555118 0.492618 -1.000000
0.584154 0.160925 0.412894 2.000000
0.176181 0.164370 0.393701 0.000000
0.430118 0.086614 0.394193 2.000000
0.337598 0.082185 0.409449 2.000000
0.233268 0.671260 0.442913 3.000000
0.098425 0.738189 0.068406 -1.000000
0.586122 0.116634 0.398622 2.000000
0.484252 0.299213 0.448819 1.000000
0.521654 0.488189 0.433071 1.000000
0.029528 0.618110 0.076772 -1.000000
0.345472 0.678642 0.458661 3.000000
0.192421 0.593504 0.455709 0.000000
0.558563 0.182579 0.430610 -1.000000
0.355315 0.718996 0.438976 3.000000
0.156496 0.764764 0.066929 -1.000000
0.452264 0.331693 0.455709 1.000000
0.155020 0.463091 0.416831 0.000000
0.320866 0.483760 0.500984 0.000000
0.258858 0.393701 0.457185 0.000000
0.228346 0.526575 0.456693 0.000000
0.264272 0.350886 0.449311 0.000000
0.345965 0.699803 0.443898 3.000000
0.552165 0.201772 0.436024 -1.000000
0.108268 0.740650 0.396161 3.000000
0.144685 0.381398 0.406496 0.000000
0.054626 0.721949 0.398622 -1.000000
0.292815 0.605807 0.488681 -1.000000
0.364173 0.805610 0.903051 -1.000000
0.391732 0.333169 0.493110 -1.000000
0.185039 0.577264 0.451280 0.000000
0.623524 0.288386 0.159449 -1.000000
0.490650 0.370571 0.442913 1.000000
0.350394 0.138780 0.437008 2.000000
0.212598 0.466043 0.448819 0.000000
0.180610 0.239173 0.398130 0.000000
0.108268 0.740650 0.396161 3.000000
0.256890 0.620079 0.471457 -1.000000
0.086614 0.514272 0.400098 0.000000
0.512303 0.253937 0.450295 1.000000
0.294783 0.411909 0.480807 0.000000
0.453740 0.213091 0.452756 2.000000
0.385335 0.114665 0.412402 2.000000
0.055118 0.550197 0.051181 -1.000000
0.132382 0.773622 0.066437 -1.000000
0.543307 0.487697 0.436024 -1.000000
0.437500 0.508858 0.439469 1.000000
0.326772 0.518209 0.489173 -1.000000
0.179134 0.235236 0.397638 0.000000
0.456201 0.520177 0.435531 1.000000
0.179134 0.639764 0.446850 -1.000000
0.220965 0.000984 0.388287 -1.000000
0.301181 0.731299 0.422736 3.000000
0.460630 0.097441 0.396654 2.000000
0.237205 0.628937 0.468012 -1.000000
0.588091 0.395177 0.003445 -1.000000
0.406988 0.708661 0.432087 -1.000000
0.280512 0.391732 0.463583 0.000000
0.436024 0.328248 0.467028 1.000000
0.054134 0.725886 0.070374 -1.000000
0.321358 0.532972 0.495571 -1.000000
0.151575 0.679626 0.429626 3.000000
0.317421 0.587598 0.488681 -1.000000
0.543799 0.272146 0.436024 1.000000
0.617126 0.202756 0.398622 1.000000
0.459154 0.801673 0.992618 -1.000000
0.157480 0.239665 0.388780 0.000000
0.202264 0.126969 0.178150 -1.000000
0.370079 0.135827 0.426181 2.000000
0.437500 0.726378 0.418799 1.000000
0.154035 0.232283 0.391240 0.000000
0.529035 0.434055 0.410925 1.000000
0.174213 0.657972 0.440945 -1.000000
0.229331 0.446850 0.451772 0.000000
0.361220 0.187992 0.459646 2.000000
0.236713 0.529035 0.465059 0.000000
0.425689 0.376476 0.467028 1.000000
0.545276 0.371555 0.414370 1.000000
0.544783 0.462106 0.421260 1.000000
0.539370 0.108268 0.477362 -1.000000
0.196850 0.206693 0.131398 -1.000000
0.273622 0.253445 0.450787 0.000000
0.029528 0.618110 0.076772 -1.000000
0.243110 0.405020 0.446850 0.000000
0.629429 0.251969 0.391732 1.000000
0.199803 0.406496 0.437500 0.000000
0.319390 0.124508 0.436516 2.000000
0.387303 0.531988 0.460138 1.000000
0.046260 0.716535 0.749508 -1.000000
0.268209 0.323327 0.455217 0.000000
0.027067 0.692913 0.812500 -1.000000
0.046752 0.590059 0.391240 0.000000
0.485728 0.361713 0.440453 1.000000
0.195374 0.128937 0.092520 -1.000000
0.460630 0.097441 0.396654 2.000000
0.613681 0.191437 0.413386 -1.000000
0.462598 0.722441 0.405512 1.000000
0.508858 0.183563 0.437992 2.000000
0.293307 0.798720 0.213583 -1.000000
0.598917 0.371063 0.001476 -1.000000
0.325787 0.472933 0.500492 -1.000000
0.191929 0.764764 0.389764 3.000000
0.335138 0.056102 0.090551 -1.000000
0.048720 0.695374 0.735236 -1.000000
0.406988 0.708661 0.432087 -1.000000
0.486220 0.163386 0.422736 2.000000
0.077264 0.506890 0.387795 0.000000
0.285433 0.549213 0.496063 0.000000
0.135827 0.674213 0.426181 3.000000
0.309547 0.592520 0.494094 -1.000000
0.462598 0.301181 0.460138 1.000000
0.271161 0.795768 0.073327 -1.000000
0.360236 0.789370 0.411909 3.000000
0.136319 0.473425 0.408465 0.000000
0.441929 0.774114 0.930118 -1.000000
0.156496 0.712598 0.413878 3.000000
0.114665 0.737697 0.143209 -1.000000
0.041339 0.725394 0.096949 -1.000000
0.089075 0.506398 0.393209 0.000000
0.204724 0.022146 0.087106 -1.000000
0.413386 0.314469 0.486220 1.000000
0.398130 0.646161 0.450295 1.000000
0.074803 0.664370 0.409449 0.000000
0.469488 0.601870 0.421752 1.000000
0.218012 0.109744 0.402067 0.000000
0.540354 0.132382 0.435531 -1.000000
0.023622 0.686024 0.396161 0.000000
0.057087 0.623031 0.387303 0.000000
0.229331 0.638287 0.457677 3.000000
0.298720 0.486713 0.481299 0.000000
0.490157 0.657480 0.397638 1.000000
0.144193 0.395669 0.408465 0.000000
0.334646 0.311024 0.480315 0.000000
0.401083 0.238681 0.472441 2.000000
0.176673 0.330217 0.416339 0.000000
0.115650 0.590059 0.414370 0.000000
0.131398 0.725886 0.403051 3.000000
0.491634 0.184547 0.435531 2.000000
0.000000 0.717028 0.706201 -1.000000
0.036417 0.671260 0.096457 -1.000000
0.355315 0.221457 0.473425 -1.000000
0.331201 0.789370 0.406988 3.000000
0.350394 0.138780 0.437008 2.000000
0.149114 0.454232 0.416339 0.000000
0.071850 0.505906 0.390256 0.000000
0.171260 0.157972 0.390748 0.000000
0.528051 0.580709 0.395177 1.000000
0.401575 0.427657 0.477854 1.000000
0.396161 0.325295 0.491634 -1.000000
0.173228 0.380413 0.419783 0.000000
0.569390 0.357283 0.406988 1.000000
0.294291 0.632874 0.468996 3.000000
0.438976 0.741634 0.411417 1.000000
0.148130 0.222441 0.384843 0.000000
0.337106 0.144193 0.432087 2.000000
0.278051 0.812992 0.070866 -1.000000
0.316437 0.620079 0.478839 3.000000
0.169291 0.430610 0.427165 0.000000
0.510335 0.362205 0.436516 1.000000
0.324803 0.608760 0.483760 -1.000000
0.510335 0.463583 0.428642 1.000000
0.335138 0.621555 0.478839 -1.000000
0.079724 0.726870 0.395669 3.000000
0.045768 0.614173 0.067913 -1.000000
0.173228 0.380413 0.419783 0.000000
0.289370 0.050197 0.407480 2.000000
0.554134 0.257874 0.422244 1.000000
0.473425 0.380906 0.449803 1.000000
0.457677 0.546260 0.434547 1.000000
0.179134 0.115157 0.384843 0.000000
0.581693 0.233268 0.418307 1.000000
0.419291 0.276083 0.489173 -1.000000
0.176673 0.707185 0.417815 3.000000
0.334646 0.317421 0.501476 0.000000
0.370571 0.705709 0.444390 -1.000000
0.419291 0.507874 0.455217 1.000000
0.187992 0.369094 0.420276 0.000000
0.371063 0.809547 0.397638 3.000000
0.471457 0.641732 0.414862 1.000000
0.481299 0.158465 0.424705 2.000000
0.430610 0.540354 0.443406 1.000000
0.471457 0.641732 0.414862 1.000000
0.360236 0.345965 0.497539 -1.000000
0.267224 0.371063 0.459154 0.000000
0.315453 0.038386 0.394685 2.000000
0.489173 0.732776 0.392717 1.000000
0.544783 0.298720 0.419783 1.000000
0.353839 0.501476 0.487697 1.000000
0.466535 0.128937 0.411417 2.000000
0.375492 0.299705 0.499508 -1.000000
0.326280 0.265256 0.466043 0.000000
0.460630 0.313484 0.456693 1.000000
0.514764 0.342520 0.434547 1.000000
0.593996 0.258858 0.408957 1.000000
0.422244 0.331201 0.473917 1.000000
0.419783 0.204724 0.448327 2.000000
0.499508 0.385335 0.437992 1.000000
0.639272 0.175689 0.404528 -1.000000
0.499016 0.535925 0.410925 1.000000
0.046752 0.727854 0.176181 -1.000000
0.431102 0.609252 0.431594 1.000000
0.165846 0.153543 0.088091 -1.000000
0.415354 0.221457 0.465551 2.000000
0.154528 0.568406 0.428642 0.000000
0.387795 0.463583 0.475394 1.000000
0.262303 0.790846 0.388780 3.000000
0.355315 0.718996 0.438976 3.000000
0.252953 0.552165 0.480315 0.000000
0.486713 0.591535 0.415354 1.000000
0.131398 0.725886 0.403051 3.000000
0.339075 0.677657 0.457677 3.000000
0.502953 0.581201 0.410433 1.000000
0.046752 0.590059 0.391240 0.000000
0.424213 0.224902 0.461614 2.000000
0.288386 0.065945 0.405020 2.000000
0.567421 0.208169 0.425197 -1.000000
0.496555 0.263287 0.453740 1.000000
0.326772 0.785433 0.409449 3.000000
0.435039 0.172736 0.435039 2.000000
0.631398 0.223917 0.397638 1.000000
0.464567 0.283465 0.467520 1.000000
0.477854 0.695866 0.406004 1.000000
0.442421 0.194390 0.440945 2.000000
0.620079 0.272638 0.392224 1.000000
0.413386 0.796260 0.983268 -1.000000
0.602854 0.342520 0.392224 1.000000
0.281988 0.463583 0.480807 0.000000
0.338091 0.127953 0.432579 2.000000
0.032972 0.688976 0.775591 -1.000000
0.417815 0.430118 0.459154 1.000000
0.324803 0.819882 0.389764 3.000000
0.648130 0.178150 0.008858 -1.000000
0.454232 0.258366 0.466043 -1.000000
0.518209 0.143701 0.409941 2.000000
0.511811 0.503937 0.423720 1.000000
0.087598 0.583169 0.408957 0.000000
0.512303 0.397146 0.424213 1.000000
0.214075 0.132382 0.405020 0.000000
0.222441 0.186516 0.413878 0.000000
0.110728 0.461122 0.007382 -1.000000
0.416339 0.522146 0.457677 1.000000
0.271161 0.795768 0.073327 -1.000000
0.377953 0.123031 0.415354 2.000000
0.595472 0.374508 0.385827 1.000000
0.387795 0.072343 0.396161 2.000000
0.432579 0.231299 0.461614 2.000000
0.334154 0.555118 0.492618 -1.000000
0.642717 0.206693 0.386319 1.000000
0.274114 0.181594 0.432579 0.000000
0.429626 0.288386 0.472933 1.000000
0.173228 0.380413 0.419783 0.000000
0.326280 0.475886 0.494587 -1.000000
0.365650 0.578740 0.466043 1.000000
0.170768 0.682087 0.427657 3.000000
0.322343 0.325787 0.470472 0.000000
0.485728 0.607776 0.414862 1.000000
0.555610 0.148622 0.407480 2.000000
0.599902 0.199803 0.419291 -1.000000
0.107776 0.675197 0.428150 -1.000000
0.432579 0.225886 0.461614 2.000000
0.250984 0.031496 0.395669 -1.000000
0.152067 0.274114 0.396654 0.000000
0.157480 0.763780 0.070866 -1.000000
0.543307 0.241634 0.431102 1.000000
0.238189 0.762795 0.401083 3.000000
0.073819 0.561516 0.395177 0.000000
0.227362 0.774606 0.064469 -1.000000
0.311516 0.124508 0.435531 2.000000
0.485728 0.607776 0.414862 1.000000
0.167323 0.589567 0.442421 0.000000
0.481791 0.627461 0.403543 1.000000
0.366634 0.805118 0.398130 3.000000
0.535925 0.157972 0.417323 2.000000
0.390256 0.198327 0.458169 2.000000
0.428642 0.831201 0.070374 -1.000000
0.246555 0.335630 0.445866 0.000000
0.338091 0.428642 0.500984 -1.000000
0.086614 0.458661 0.390256 0.000000
0.083661 0.509843 0.393209 0.000000
0.063976 0.625492 0.396161 0.000000
0.230807 0.151575 0.414862 0.000000
0.265256 0.130413 0.427657 0.000000
0.456693 0.729331 0.406988 1.000000
0.172736 0.487697 0.431102 0.000000
0.144193 0.395669 0.408465 0.000000
0.211122 0.662894 0.439961 3.000000
0.387795 0.463583 0.475394 1.000000
0.464567 0.827756 0.391732 -1.000000
0.050197 0.658465 0.762795 -1.000000
0.203740 0.685039 0.432087 3.000000
0.362205 0.668799 0.461614 -1.000000
0.284941 0.561024 0.495571 0.000000
0.154528 0.691437 0.424213 3.000000
0.224409 0.432579 0.446850 0.000000
0.280512 0.203740 0.443406 0.000000
0.527559 0.457185 0.416831 1.000000
0.330217 0.363681 0.480807 0.000000
0.254429 0.325787 0.450787 0.000000
0.514272 0.656496 0.068406 -1.000000
0.307087 0.781004 0.399114 3.000000
0.490157 0.325295 0.445374 1.000000
0.456693 0.205217 0.445374 2.000000
0.288878 0.599902 0.487205 -1.000000
0.283957 0.696850 0.433563 3.000000
0.339075 0.472933 0.498524 -1.000000
0.133858 0.258858 0.279035 -1.000000
0.288386 0.065945 0.405020 2.000000
0.083661 0.720965 0.405020 3.000000
0.144685 0.254921 0.387795 0.000000
0.329232 0.201772 0.467028 -1.000000
0.236713 0.289862 0.429134 0.000000
0.562992 0.431594 0.403051 1.000000
0.211122 0.751476 0.403051 3.000000
0.411909 0.342520 0.472933 1.000000
0.172244 0.777067 0.390256 3.000000
0.337598 0.324311 0.503445 0.000000
0.288878 0.599902 0.487205 -1.000000
0.451772 0.368602 0.456201 1.000000
0.027067 0.685531 0.765748 -1.000000
0.222933 0.778051 0.394685 3.000000
0.249016 0.658957 0.452756 3.000000
0.336614 0.716535 0.433563 3.000000
0.091535 0.416831 0.289370 -1.000000
0.399114 0.536909 0.462598 1.000000
0.411909 0.125000 0.419291 2.000000
0.239665 0.347933 0.437008 0.000000
0.303642 0.165354 0.446358 0.000000
0.259350 0.722933 0.421260 3.000000
0.475394 0.656004 0.406496 1.000000
0.471457 0.216043 0.455217 2.000000
0.494094 0.233268 0.462106 -1.000000
0.423720 0.661909 0.429626 1.000000
0.485236 0.594980 0.413878 1.000000
0.157480 0.239665 0.388780 0.000000
0.298720 0.486713 0.481299 0.000000
0.413386 0.314469 0.486220 1.000000
0.196358 0.137303 0.166339 -1.000000
0.407972 0.485236 0.463091 1.000000
0.332677 0.739173 0.423228 3.000000
0.247539 0.743602 0.410433 3.000000
0.377461 0.337106 0.500492 -1.000000
0.284941 0.119094 0.430610 -1.000000
0.355807 0.248031 0.487697 -1.000000
0.152559 0.623524 0.444390 -1.000000
0.250000 0.808071 0.068898 -1.000000
0.374508 0.591043 0.457677 1.000000
0.345472 0.060531 0.403051 2.000000
0.177165 0.264272 0.406004 0.000000
0.160433 0.359744 0.404035 0.000000
0.158957 0.581693 0.438976 0.000000
0.241634 0.716043 0.425689 3.000000
0.469488 0.750984 0.401575 1.000000
0.108268 0.715059 0.415354 3.000000
0.537894 0.341043 0.426181 1.000000
0.511319 0.240157 0.448327 -1.000000
0.288878 0.599902 0.487205 -1.000000
0.101378 0.577264 0.412402 0.000000
0.458661 0.184055 0.431594 2.000000
0.086614 0.514272 0.400098 0.000000
0.396161 0.461122 0.468012 1.000000
0.464075 0.773130 0.400098 1.000000
0.228839 0.346457 0.436516 0.000000
0.557087 0.370079 0.411417 1.000000
0.419291 0.507874 0.455217 1.000000
0.318898 0.513287 0.497539 -1.000000
0.179626 0.463091 0.432579 0.000000
0.650591 0.161909 0.393701 -1.000000
0.294783 0.411909 0.480807 0.000000
0.604331 0.245571 0.402067 1.000000
0.124508 0.762795 0.384350 3.000000
0.365650 0.266732 0.491142 -1.000000
0.252953 0.667323 0.446850 3.000000
0.419783 0.204724 0.448327 2.000000
0.252953 0.249508 0.435039 0.000000
0.277067 0.610728 0.480807 -1.000000
0.077264 0.598917 0.123031 -1.000000
0.337598 0.386811 0.498524 0.000000
0.617618 0.114173 0.386319 2.000000
0.280512 0.203740 0.443406 0.000000
0.645177 0.215551 0.006398 -1.000000
0.489173 0.165354 0.423228 2.000000
0.443406 0.125492 0.420768 2.000000
0.270669 0.320866 0.456693 0.000000
0.489173 0.522146 0.420276 1.000000
0.144685 0.381398 0.406496 0.000000
0.231299 0.564469 0.469980 0.000000
0.357283 0.395669 0.493110 -1.000000
0.496063 0.283957 0.453248 1.000000
0.309547 0.592520 0.494094 -1.000000
0.659941 0.157480 0.077264 -1.000000
0.532480 0.135335 0.408957 2.000000
0.260335 0.215551 0.436024 0.000000
0.561516 0.098917 0.392717 2.000000
0.152559 0.623524 0.444390 -1.000000
0.066437 0.682579 0.412402 -1.000000
0.422736 0.377461 0.470965 1.000000
0.529035 0.499016 0.427165 1.000000
0.144193 0.773622 0.383858 3.000000
0.295768 0.077756 0.413878 2.000000
0.528051 0.244094 0.441929 1.000000
0.449311 0.078740 0.389272 2.000000
0.321358 0.670276 0.461614 3.000000
0.421752 0.241634 0.475394 2.000000
0.533957 0.152559 0.419783 2.000000
0.641240 0.147146 0.404528 -1.000000
0.292815 0.605807 0.488681 -1.000000
0.255906 0.792323 0.390256 3.000000
0.263780 0.421752 0.466043 0.000000
0.223917 0.575295 0.468504 0.000000
0.277559 0.503445 0.474902 0.000000
0.371555 0.203740 0.460138 2.000000
0.462598 0.391732 0.453248 1.000000
0.458661 0.184055 0.431594 2.000000
0.238681 0.750000 0.403543 3.000000
0.179626 0.281496 0.410433 0.000000
0.206693 0.120079 0.394193 0.000000
0.343996 0.498524 0.488189 1.000000
0.333169 0.257382 0.468012 0.000000
0.225886 0.777067 0.070374 -1.000000
0.510335 0.463583 0.428642 1.000000
0.230807 0.491634 0.460630 0.000000
0.532480 0.242618 0.438976 1.000000
0.542323 0.270177 0.428642 1.000000
0.173228 0.125492 0.386811 0.000000
0.313976 0.733268 0.428150 3.000000
0.160433 0.297244 0.397638 0.000000
0.363189 0.294783 0.492126 0.000000
0.227854 0.638780 0.459154 3.000000
0.480807 0.273130 0.461614 1.000000
0.235728 0.049213 0.405020 -1.000000
0.197343 0.333661 0.414862 0.000000
0.219980 0.682087 0.437008 3.000000
0.192421 0.145177 0.398130 0.000000
0.440945 0.106299 0.411909 2.000000
0.229331 0.446850 0.451772 0.000000
0.450295 0.318406 0.465551 1.000000
0.574803 0.453740 0.405020 1.000000
0.341535 0.538386 0.487205 1.000000
0.083661 0.509843 0.393209 0.000000
0.506890 0.360236 0.436024 1.000000
0.512303 0.467028 0.423720 1.000000
0.421752 0.376969 0.463583 1.000000
0.397638 0.315945 0.491634 -1.000000
0.522638 0.533957 0.404528 1.000000
0.394193 0.644685 0.451280 1.000000
0.182087 0.263287 0.402067 0.000000
0.426673 0.782480 0.953248 -1.000000
0.253445 0.506398 0.469488 0.000000
0.032972 0.688976 0.775591 -1.000000
0.547736 0.133366 0.468996 -1.000000
0.200295 0.597441 0.457677 0.000000
0.464075 0.815453 0.395669 -1.000000
0.466535 0.087106 0.396161 2.000000
0.198327 0.105315 0.097441 -1.000000
0.442421 0.823819 0.406004 -1.000000
0.094980 0.417323 0.389764 0.000000
0.438976 0.435531 0.450787 1.000000
0.355315 0.722441 0.435039 3.000000
0.163878 0.354823 0.406496 0.000000
0.376969 0.696358 0.446358 -1.000000
0.280020 0.806594 0.384350 3.000000
0.358760 0.382874 0.491634 -1.000000
0.250492 0.437500 0.461122 0.000000
0.223425 0.772146 0.101378 -1.000000
0.161417 0.704232 0.425689 3.000000
0.290354 0.339567 0.466535 0.000000
0.217520 0.020177 0.393209 -1.000000
0.149114 0.454232 0.416339 0.000000
0.444390 0.078248 0.391240 2.000000
0.366634 0.799213 0.162894 -1.000000
0.637303 0.211614 0.005413 -1.000000
0.246063 0.462598 0.453248 0.000000
0.095472 0.431102 0.391732 0.000000
0.319882 0.030020 0.389272 2.000000
0.514272 0.253445 0.440945 1.000000
0.162402 0.531496 0.435039 0.000000
0.217520 0.020177 0.393209 -1.000000
0.407480 0.831201 0.208661 -1.000000
0.305118 0.632874 0.468996 3.000000
0.385335 0.612697 0.456693 1.000000
0.009843 0.737205 0.709646 -1.000000
0.107283 0.383366 0.281496 -1.000000
0.162402 0.730315 0.413878 3.000000
0.160433 0.359744 0.404035 0.000000
0.079724 0.756398 0.067913 -1.000000
0.095472 0.643701 0.418307 0.000000
0.486220 0.163386 0.422736 2.000000
0.293799 0.301673 0.460138 0.000000
0.132382 0.773622 0.066437 -1.000000
0.217520 0.020177 0.393209 -1.000000
0.281496 0.396654 0.465551 0.000000
0.252461 0.140748 0.417815 0.000000
0.068898 0.523622 0.395177 0.000000
0.577756 0.422736 0.398130 1.000000
0.404528 0.827264 0.125984 -1.000000
0.598425 0.231299 0.407972 1.000000
0.558563 0.182579 0.430610 -1.000000
0.036417 0.671260 0.096457 -1.000000
0.105807 0.470472 0.008858 -1.000000
0.542323 0.234744 0.430118 1.000000
0.344488 0.647146 0.467028 -1.000000
0.138780 0.748524 0.066929 -1.000000
0.480315 0.440945 0.437500 1.000000
0.367618 0.605315 0.465059 1.000000
0.420768 0.759350 0.415846 -1.000000
0.389272 0.792323 0.408465 3.000000
0.323819 0.083661 0.414862 2.000000
0.319390 0.525591 0.498031 -1.000000
0.468996 0.499016 0.433071 1.000000
0.310531 0.274114 0.461122 0.000000
0.162894 0.512795 0.429626 0.000000
0.155512 0.343012 0.405020 0.000000
0.123524 0.664862 0.430610 -1.000000
0.284449 0.265256 0.455709 0.000000
0.489173 0.739665 0.166339 -1.000000
0.527559 0.279035 0.430118 1.000000
0.264764 0.083169 0.419783 -1.000000
0.416831 0.360728 0.477854 1.000000
0.197835 0.444390 0.431102 0.000000
0.452264 0.331693 0.455709 1.000000
0.456693 0.205217 0.445374 2.000000
0.375492 0.207185 0.467520 2.000000
0.215059 0.692913 0.437008 3.000000
0.158465 0.345965 0.407480 0.000000
0.604331 0.245571 0.402067 1.000000
0.458661 0.184055 0.431594 2.000000
0.259843 0.386319 0.457677 0.000000
0.435039 0.686516 0.417815 1.000000
0.567913 0.300689 0.411909 1.000000
0.427657 0.659449 0.428150 1.000000
0.252953 0.783465 0.401083 3.000000
0.328740 0.687992 0.454724 3.000000
0.071358 0.634350 0.770177 -1.000000
0.232776 0.313976 0.431102 0.000000
0.459646 0.621063 0.420768 1.000000
0.227854 0.646161 0.451772 3.000000
0.318406 0.404528 0.487697 0.000000
0.056594 0.546752 0.386319 0.000000
0.474409 0.274114 0.462106 1.000000
0.156004 0.563976 0.437008 0.000000
0.439469 0.401575 0.461614 1.000000
0.588091 0.395177 0.003445 -1.000000
0.636811 0.235728 0.007382 -1.000000
0.316929 0.398622 0.487205 0.000000
0.471457 0.216043 0.455217 2.000000
0.401083 0.778543 0.949803 -1.000000
0.489665 0.487205 0.429134 1.000000
0.227362 0.531988 0.455217 0.000000
0.422736 0.377461 0.470965 1.000000
0.273622 0.339567 0.456693 0.000000
0.529528 0.124016 0.429626 2.000000
0.407480 0.104331 0.403543 2.000000
0.198819 0.613189 0.464567 -1.000000
0.451772 0.368602 0.456201 1.000000
0.476378 0.310039 0.450295 1.000000
0.389764 0.411417 0.478839 1.000000
0.231299 0.190453 0.422736 0.000000
0.239665 0.473425 0.460138 0.000000
0.401083 0.682087 0.437500 1.000000
0.246063 0.311024 0.437992 0.000000
0.558071 0.150591 0.412402 2.000000
0.271161 0.187992 0.432579 0.000000
0.338091 0.428642 0.500984 -1.000000
0.468012 0.490650 0.438976 1.000000
0.271161 0.187992 0.432579 0.000000
0.627953 0.201280 0.400098 1.000000
0.232776 0.618602 0.470472 -1.000000
0.300197 0.276083 0.458169 0.000000
0.562008 0.176181 0.426673 -1.000000
0.175197 0.590551 0.447835 0.000000
0.411909 0.759843 0.421752 -1.000000
0.192913 0.249016 0.411909 0.000000
0.407480 0.615157 0.442421 1.000000
0.239665 0.473425 0.460138 0.000000
0.485728 0.445374 0.435039 1.000000
0.529528 0.124016 0.429626 2.000000
0.170768 0.365650 0.414370 0.000000
0.275591 0.538386 0.483268 0.000000
0.314961 0.370079 0.481299 0.000000
0.430118 0.270669 0.475886 -1.000000
0.526575 0.331201 0.425197 1.000000
0.485236 0.594980 0.413878 1.000000
0.527559 0.279035 0.430118 1.000000
0.639272 0.175689 0.404528 -1.000000
0.334154 0.555118 0.492618 -1.000000
0.214567 0.435039 0.440453 0.000000
0.442421 0.319390 0.464075 1.000000
0.156988 0.294783 0.402067 0.000000
0.072343 0.656988 0.407972 0.000000
0.109744 0.746555 0.392717 3.000000
0.473917 0.174705 0.429626 2.000000
0.221949 0.111713 0.400591 0.000000
0.421752 0.095965 0.399606 2.000000
0.576772 0.218012 0.424705 1.000000
0.239665 0.473425 0.460138 0.000000
0.335630 0.678642 0.453740 3.000000
0.642717 0.206693 0.386319 1.000000
0.160433 0.359744 0.404035 0.000000
0.486220 0.710630 0.394193 1.000000
0.617126 0.202756 0.398622 1.000000
0.372539 0.660433 0.456693 -1.000000
0.485728 0.755906 0.990157 -1.000000
0.426181 0.067421 0.072835 -1.000000
0.250984 0.449311 0.463091 0.000000
0.400098 0.105315 0.407972 2.000000
0.238189 0.762795 0.401083 3.000000
0.446850 0.431102 0.447835 1.000000
0.139272 0.620571 0.433071 0.000000
0.083661 0.720965 0.405020 3.000000
0.285925 0.799213 0.151575 -1.000000
0.489665 0.487205 0.429134 1.000000
0.459154 0.764272 0.954724 -1.000000
0.035925 0.635335 0.383366 0.000000
0.531004 0.271161 0.431594 1.000000
0.138780 0.748524 0.066929 -1.000000
0.532480 0.135335 0.408957 2.000000
0.042323 0.617126 0.394685 0.000000
0.459154 0.801673 0.992618 -1.000000
0.068898 0.523622 0.395177 0.000000
0.542815 0.447835 0.409941 1.000000
0.281496 0.169783 0.440945 0.000000
0.257382 0.198819 0.431594 0.000000
0.177165 0.193406 0.398622 0.000000
0.340551 0.197835 0.461122 -1.000000
0.335138 0.621555 0.478839 -1.000000
0.484252 0.480807 0.435531 1.000000
0.098917 0.737697 0.068406 -1.000000
0.415354 0.221457 0.465551 2.000000
0.108760 0.495079 0.398622 0.000000
0.220965 0.000984 0.388287 -1.000000
0.471457 0.639764 0.412894 1.000000
0.056594 0.546752 0.386319 0.000000
0.156988 0.679626 0.435039 3.000000
0.542815 0.447835 0.409941 1.000000
0.353839 0.501476 0.487697 1.000000
0.330709 0.491634 0.492618 -1.000000
0.528051 0.244094 0.441929 1.000000
0.429626 0.580709 0.441929 1.000000
0.264272 0.034449 0.399114 2.000000
0.593504 0.342520 0.394685 1.000000
0.244587 0.763287 0.403051 3.000000
0.468504 0.230315 0.466535 -1.000000
0.462598 0.811516 0.397146 -1.000000
0.023130 0.722933 0.389272 -1.000000
0.041339 0.725394 0.096949 -1.000000
0.316929 0.054626 0.395669 2.000000
0.139764 0.400591 0.406988 0.000000
0.545276 0.371555 0.414370 1.000000
0.288878 0.071358 0.415354 2.000000
0.249508 0.520669 0.465551 0.000000
0.410925 0.779528 0.421260 -1.000000
0.355315 0.718996 0.438976 3.000000
0.073819 0.561516 0.395177 0.000000
0.401083 0.238681 0.472441 2.000000
0.456201 0.520177 0.435531 1.000000
0.141732 0.616634 0.434547 0.000000
0.537894 0.257382 0.434547 1.000000
0.247047 0.548720 0.474409 0.000000
0.189961 0.129921 0.392717 0.000000
0.184547 0.281988 0.410433 0.000000
0.364665 0.287894 0.499016 0.000000
0.071358 0.634350 0.770177 -1.000000
0.355315 0.812992 0.139272 -1.000000
0.445374 0.863189 0.067913 -1.000000
0.365650 0.242126 0.476378 -1.000000
0.238681 0.383366 0.450295 0.000000
0.485728 0.755906 0.990157 -1.000000
0.288878 0.793799 0.196850 -1.000000
0.238681 0.383366 0.450295 0.000000
0.192421 0.145177 0.398130 0.000000
0.486713 0.591535 0.415354 1.000000
0.150098 0.417323 0.413386 0.000000
0.429626 0.580709 0.441929 1.000000
0.485728 0.445374 0.435039 1.000000
0.460630 0.812008 0.067421 -1.000000
0.528051 0.366634 0.422736 1.000000
0.521654 0.233268 0.437008 -1.000000
0.155512 0.760335 0.391732 3.000000
0.590059 0.375984 0.394685 1.000000
0.562992 0.431594 0.403051 1.000000
0.427657 0.673228 0.424705 1.000000
0.439961 0.658957 0.417323 1.000000
0.283465 0.070866 0.407972 2.000000
0.362697 0.132382 0.421752 2.000000
0.316929 0.398622 0.487205 0.000000
0.435039 0.686516 0.417815 1.000000
0.314469 0.162894 0.444882 -1.000000
0.048228 0.671260 0.402559 0.000000
0.483760 0.287894 0.446850 1.000000
0.413878 0.483268 0.451280 1.000000
0.225886 0.125492 0.413386 0.000000
0.269685 0.448819 0.472441 0.000000
0.593504 0.337598 0.011319 -1.000000
0.429134 0.485728 0.452264 1.000000
0.065453 0.573327 0.398622 0.000000
0.186024 0.223917 0.405512 0.000000
0.512303 0.467028 0.423720 1.000000
0.400098 0.723917 0.429134 -1.000000
0.413878 0.483268 0.451280 1.000000
0.406988 0.370079 0.474409 1.000000
0.640748 0.150098 0.402067 -1.000000
0.340059 0.391240 0.495571 0.000000
0.348425 0.822835 0.389272 3.000000
0.383366 0.271161 0.486220 -1.000000
0.093504 0.507382 0.400591 0.000000
0.367126 0.370079 0.498031 -1.000000
0.449803 0.752953 0.403543 1.000000
0.450295 0.318406 0.465551 1.000000
0.489665 0.410433 0.429626 1.000000
0.453248 0.418799 0.449803 1.000000
0.270669 0.320866 0.456693 0.000000
0.599902 0.199803 0.419291 -1.000000
0.558071 0.150591 0.412402 2.000000
0.046752 0.590059 0.391240 0.000000
0.249508 0.091535 0.413878 0.000000
0.400098 0.105315 0.407972 2.000000
0.388780 0.118110 0.422244 2.000000
0.463091 0.180610 0.432087 2.000000
0.406988 0.594488 0.451772 1.000000
0.338091 0.127953 0.432579 2.000000
0.447835 0.293307 0.472933 1.000000
0.123524 0.664862 0.430610 -1.000000
0.052165 0.708169 0.405512 -1.000000
0.153543 0.720965 0.413386 3.000000
0.608268 0.190945 0.408465 -1.000000
0.329724 0.080217 0.410925 2.000000
0.554134 0.478839 0.424705 -1.000000
0.430610 0.540354 0.443406 1.000000
0.004429 0.714567 0.082677 -1.000000
0.348425 0.157972 0.442913 2.000000
0.355315 0.722441 0.435039 3.000000
0.416339 0.560039 0.447343 1.000000
0.443898 0.631398 0.425197 1.000000
0.367126 0.152559 0.436516 2.000000
0.529035 0.434055 0.410925 1.000000
0.486220 0.163386 0.422736 2.000000
0.431102 0.609252 0.431594 1.000000
0.249016 0.658957 0.452756 3.000000
0.123031 0.519685 0.414370 0.000000
0.401083 0.682087 0.437500 1.000000
0.093504 0.507382 0.400591 0.000000
0.196850 0.387303 0.430118 0.000000
0.422736 0.267224 0.487697 -1.000000
0.352362 0.088583 0.410433 2.000000
0.275591 0.392224 0.467520 0.000000
0.225886 0.672244 0.444882 3.000000
0.248524 0.334646 0.445374 0.000000
0.554134 0.406004 0.402559 1.000000
0.055610 0.601378 0.060039 -1.000000
0.291831 0.269685 0.461122 0.000000
0.542815 0.447835 0.409941 1.000000
0.270177 0.038386 0.071358 -1.000000
0.527559 0.279035 0.430118 1.000000
0.496063 0.283957 0.453248 1.000000
0.271654 0.757874 0.409449 3.000000
0.228839 0.339567 0.438976 0.000000
0.408957 0.215059 0.455217 2.000000
0.258366 0.670768 0.445866 3.000000
0.448327 0.517717 0.439469 1.000000
0.096949 0.495571 0.395177 0.000000
0.512303 0.467028 0.423720 1.000000
0.151575 0.560039 0.435531 0.000000
0.294783 0.411909 0.480807 0.000000
0.329724 0.662894 0.453248 3.000000
0.162894 0.460138 0.424213 0.000000
0.231791 0.424705 0.444390 0.000000
0.517224 0.612205 0.396161 1.000000
0.604823 0.157972 0.410433 -1.000000
0.108760 0.495079 0.398622 0.000000
0.077264 0.598917 0.123031 -1.000000
0.048228 0.671260 0.402559 0.000000
0.597933 0.126476 0.395669 2.000000
0.375984 0.800689 0.154035 -1.000000
0.062500 0.690453 0.416339 -1.000000
0.195866 0.740650 0.405020 3.000000
0.050197 0.657972 0.398130 0.000000
0.317421 0.587598 0.488681 -1.000000
0.243110 0.770177 0.214567 -1.000000
0.347933 0.804626 0.393701 3.000000
0.330217 0.363681 0.480807 0.000000
0.095472 0.429134 0.389764 0.000000
0.364665 0.287894 0.499016 0.000000
0.162402 0.590059 0.444390 0.000000
0.044291 0.743602 0.394193 3.000000
0.327264 0.288878 0.474902 0.000000
0.598425 0.231299 0.407972 1.000000
0.398622 0.690453 0.433563 1.000000
0.177657 0.229823 0.402067 0.000000
0.424213 0.709154 0.420768 1.000000
0.249508 0.305610 0.440945 0.000000
0.068898 0.523622 0.395177 0.000000
0.414862 0.599409 0.437008 1.000000
0.160433 0.762303 0.144685 -1.000000
0.154528 0.568406 0.428642 0.000000
0.430118 0.270669 0.475886 -1.000000
0.272146 0.645669 0.460630 3.000000
0.035433 0.633366 0.389764 0.000000
0.214567 0.435039 0.440453 0.000000
0.361220 0.402559 0.491634 -1.000000
0.381890 0.360728 0.489665 -1.000000
0.422244 0.397638 0.464075 1.000000
0.251476 0.451772 0.461614 0.000000
0.267224 0.294291 0.442913 0.000000
0.481299 0.741634 0.393209 1.000000
0.574803 0.453740 0.405020 1.000000
0.373031 0.630906 0.451772 1.000000
0.228839 0.346457 0.436516 0.000000
0.194390 0.782480 0.384843 3.000000
0.261811 0.056102 0.406496 -1.000000
0.473917 0.174705 0.429626 2.000000
0.204724 0.236713 0.412402 0.000000
0.226378 0.213091 0.417323 0.000000
0.459154 0.670276 0.410925 1.000000
0.280020 0.198327 0.445374 0.000000
0.220472 0.742126 0.408465 3.000000
0.269193 0.234744 0.443406 0.000000
0.426181 0.833169 0.396654 3.000000
0.230315 0.545768 0.465059 0.000000
0.402067 0.156988 0.436516 2.000000
0.253445 0.506398 0.469488 0.000000
0.356299 0.153543 0.440945 2.000000
0.527559 0.279035 0.430118 1.000000
0.462106 0.095472 0.402067 2.000000
0.249508 0.728346 0.425197 3.000000
0.221457 0.088583 0.126969 -1.000000
0.446850 0.431102 0.447835 1.000000
0.161909 0.245079 0.391732 0.000000
0.293307 0.494587 0.483760 0.000000
0.365650 0.769685 0.422736 3.000000
0.487205 0.309547 0.446358 1.000000
0.468996 0.499016 0.433071 1.000000
0.491634 0.098425 0.401083 2.000000
0.246063 0.462598 0.453248 0.000000
0.510335 0.463583 0.428642 1.000000
0.502953 0.577756 0.411417 1.000000
0.027067 0.692913 0.812500 -1.000000
0.208169 0.756398 0.406496 3.000000
0.585138 0.244587 0.412894 1.000000
0.083169 0.614665 0.402559 0.000000
0.539370 0.308071 0.425689 1.000000
0.125492 0.692421 0.426673 3.000000
0.136319 0.473425 0.408465 0.000000
0.204724 0.782480 0.067421 -1.000000
0.397146 0.812500 1.000000 -1.000000
0.381398 0.547736 0.469488 1.000000
0.395669 0.433071 0.475394 1.000000
0.251476 0.451772 0.461614 0.000000
0.281988 0.463583 0.480807 0.000000
0.481299 0.741634 0.393209 1.000000
0.515748 0.405020 0.421752 1.000000
0.495571 0.525098 0.413878 1.000000
0.271161 0.795768 0.073327 -1.000000
0.466535 0.087106 0.396161 2.000000
0.145177 0.474409 0.411417 0.000000
0.623031 0.265748 0.397146 1.000000
0.294291 0.175689 0.446358 0.000000
0.229823 0.339075 0.438484 0.000000
0.525591 0.091043 0.470472 -1.000000
0.489665 0.393701 0.439469 1.000000
0.111220 0.644685 0.429626 0.000000
0.147638 0.503937 0.423228 0.000000
0.346949 0.142224 0.429626 2.000000
0.519685 0.515748 0.414370 1.000000
0.508858 0.183563 0.437992 2.000000
0.445374 0.769193 0.926181 -1.000000
0.304134 0.032480 0.396654 2.000000
0.411417 0.834646 0.216535 -1.000000
0.436024 0.086614 0.392717 2.000000
0.187992 0.489173 0.439469 0.000000
0.461122 0.671752 0.415846 1.000000
0.369587 0.124508 0.418799 2.000000
0.252953 0.572835 0.478839 0.000000
0.616634 0.192913 0.410433 -1.000000
0.557087 0.226378 0.435039 -1.000000
0.307087 0.781004 0.399114 3.000000
0.621063 0.217520 0.400098 1.000000
0.175689 0.436024 0.425689 0.000000
0.258366 0.190945 0.429626 0.000000
0.227362 0.450787 0.453248 0.000000
0.546260 0.315453 0.422736 1.000000
0.224902 0.690453 0.432579 3.000000
0.411909 0.759843 0.421752 -1.000000
0.212106 0.217028 0.408957 0.000000
0.409941 0.535925 0.448327 1.000000
0.541831 0.216535 0.442913 -1.000000
0.025591 0.647146 0.380906 0.000000
0.460630 0.741142 0.409941 1.000000
0.272146 0.609252 0.482283 -1.000000
0.548228 0.250000 0.424213 1.000000
0.343996 0.166339 0.446358 2.000000
0.571850 0.426181 0.398130 1.000000
0.525591 0.178150 0.427165 2.000000
0.293799 0.301673 0.460138 0.000000
0.015748 0.724409 0.387303 -1.000000
0.411909 0.125000 0.419291 2.000000
0.230315 0.083661 0.408957 0.000000
0.506890 0.536909 0.412402 1.000000
0.486220 0.710630 0.394193 1.000000
0.405512 0.834154 0.156988 -1.000000
0.420768 0.831201 0.392224 3.000000
0.251969 0.093996 0.411417 0.000000
0.325787 0.384350 0.483760 0.000000
0.012795 0.701772 0.800197 -1.000000
0.086614 0.759843 0.384843 3.000000
0.177165 0.264272 0.406004 0.000000
0.537402 0.335138 0.418307 1.000000
0.415354 0.221457 0.465551 2.000000
0.246063 0.462598 0.453248 0.000000
0.533957 0.446850 0.407972 1.000000
0.391732 0.575295 0.458661 1.000000
0.658465 0.147638 0.073327 -1.000000
0.229331 0.446850 0.451772 0.000000
0.342028 0.467028 0.499016 -1.000000
0.046752 0.713091 0.403051 -1.000000
0.270669 0.534941 0.481791 0.000000
0.187008 0.179626 0.401083 0.000000
0.249508 0.520669 0.465551 0.000000
0.054134 0.726870 0.399114 -1.000000
0.237205 0.628937 0.468012 -1.000000
0.471457 0.639764 0.412894 1.000000
0.447343 0.211122 0.451772 2.000000
0.242618 0.557087 0.476870 0.000000
0.115650 0.590059 0.414370 0.000000
0.283465 0.285433 0.452264 0.000000
0.424213 0.224902 0.461614 2.000000
0.263780 0.421752 0.466043 0.000000
0.108760 0.723425 0.402559 3.000000
0.387303 0.531988 0.460138 1.000000
0.335138 0.056102 0.090551 -1.000000
0.132874 0.541831 0.423720 0.000000
0.521654 0.128937 0.412894 2.000000
0.328740 0.441437 0.490650 0.000000
0.283957 0.160433 0.436516 0.000000
0.179134 0.115157 0.384843 0.000000
0.281988 0.718012 0.422736 3.000000
0.089075 0.506398 0.393209 0.000000
0.233268 0.671260 0.442913 3.000000
0.192913 0.339075 0.423720 0.000000
0.499016 0.535925 0.410925 1.000000
0.170768 0.365650 0.414370 0.000000
0.390256 0.198327 0.458169 2.000000
0.079724 0.726870 0.395669 3.000000
0.329232 0.419783 0.495571 0.000000
0.438976 0.719980 0.420276 1.000000
0.371555 0.203740 0.460138 2.000000
0.514272 0.563976 0.406004 1.000000
0.348917 0.248031 0.475886 -1.000000
0.336122 0.450295 0.498031 -1.000000
0.191929 0.547244 0.443406 0.000000
0.258366 0.112205 0.427165 0.000000
0.283465 0.285433 0.452264 0.000000
0.228346 0.287402 0.432087 0.000000
0.534449 0.108760 0.482776 -1.000000
0.233268 0.671260 0.442913 3.000000
0.134350 0.494587 0.417323 0.000000
0.478346 0.384843 0.446358 1.000000
0.424213 0.428150 0.462106 1.000000
0.433563 0.515748 0.447835 1.000000
0.083661 0.528543 0.163878 -1.000000
0.225394 0.352362 0.438484 0.000000
0.165354 0.383366 0.418307 0.000000
0.283465 0.121555 0.434547 -1.000000
0.490157 0.657480 0.397638 1.000000
0.357776 0.603346 0.475394 1.000000
0.120079 0.593504 0.418307 0.000000
0.470472 0.173228 0.428150 2.000000
0.233760 0.103346 0.409941 0.000000
0.243602 0.736713 0.421260 3.000000
0.532972 0.569390 0.110728 -1.000000
0.487697 0.662894 0.408465 1.000000
0.588583 0.279528 0.405020 1.000000
0.314961 0.312992 0.473425 0.000000
0.195374 0.128937 0.092520 -1.000000
0.179134 0.699311 0.426673 3.000000
0.323819 0.172736 0.452756 -1.000000
0.177165 0.217520 0.398622 0.000000
0.405020 0.538878 0.460630 1.000000
0.119094 0.629921 0.425689 0.000000
0.472933 0.282480 0.466043 1.000000
0.371063 0.809547 0.397638 3.000000
0.407480 0.351378 0.476870 1.000000
0.252953 0.783465 0.401083 3.000000
0.360728 0.800689 0.396654 3.000000
0.326280 0.431102 0.498524 0.000000
0.339075 0.472933 0.498524 -1.000000
0.549213 0.437008 0.410925 1.000000
0.367126 0.370079 0.498031 -1.000000
0.605807 0.348917 0.000000 -1.000000
0.242126 0.204232 0.420276 0.000000
0.128937 0.595472 0.428150 0.000000
0.453740 0.762795 0.931102 -1.000000
0.453248 0.758366 0.908957 -1.000000
0.193406 0.327756 0.421752 0.000000
0.102854 0.530512 0.406496 0.000000
0.228346 0.421260 0.442421 0.000000
0.553150 0.495571 0.428150 -1.000000
0.349409 0.808563 0.125984 -1.000000
0.175197 0.590551 0.447835 0.000000
0.385335 0.137795 0.431102 2.000000
0.566929 0.224902 0.420276 1.000000
0.456693 0.205217 0.445374 2.000000
0.537894 0.257382 0.434547 1.000000
0.476870 0.780512 0.066437 -1.000000
0.445374 0.428642 0.446358 1.000000
0.531496 0.456693 0.418799 1.000000
0.057087 0.623031 0.387303 0.000000
0.271654 0.757874 0.409449 3.000000
0.525098 0.256398 0.432087 1.000000
0.357283 0.395669 0.493110 -1.000000
0.230315 0.174705 0.411417 0.000000
0.068898 0.599902 0.059547 -1.000000
0.369587 0.476870 0.478346 1.000000
0.255413 0.585630 0.484252 0.000000
0.335630 0.678642 0.453740 3.000000
0.235728 0.049213 0.405020 -1.000000
0.423228 0.830709 0.945374 -1.000000
0.222441 0.186516 0.413878 0.000000
0.494094 0.233268 0.462106 -1.000000
0.250492 0.206201 0.431594 0.000000
