0.647727 0.093750 0.319602 -1.000000
0.296875 0.761364 0.340909 0.000000
0.159091 0.481534 0.313920 0.000000
0.140625 0.592330 0.303977 0.000000
0.223011 0.384943 0.355114 -1.000000
0.282670 0.588068 0.336648 0.000000
0.416193 0.666193 0.389205 -1.000000
0.693182 0.470170 0.390625 1.000000
0.517045 0.771307 0.345170 2.000000
0.443182 0.637784 0.390625 -1.000000
0.387784 0.579545 0.386364 -1.000000
0.693182 0.470170 0.390625 1.000000
0.799716 0.224432 0.309659 1.000000
0.588068 0.677557 0.363636 2.000000
0.575284 0.140625 0.330966 3.000000
0.556818 0.376420 0.397727 -1.000000
0.377841 0.383523 0.384943 -1.000000
0.505682 0.132102 0.309659 3.000000
0.386364 0.335227 0.352273 3.000000
0.525568 0.357955 0.413352 -1.000000
0.801136 0.522727 0.353693 -1.000000
0.799716 0.585227 0.355114 -1.000000
0.362216 0.245739 0.329545 3.000000
0.221591 0.272727 0.326705 -1.000000
0.194602 0.517045 0.343750 0.000000
0.411932 0.230114 0.348011 3.000000
0.630682 0.386364 0.382102 1.000000
0.531250 0.190341 0.342330 3.000000
0.187500 0.723011 0.309659 0.000000
0.637784 0.572443 0.386364 2.000000
0.801136 0.522727 0.353693 -1.000000
0.525568 0.357955 0.413352 -1.000000
0.133523 0.589489 0.298295 0.000000
0.745739 0.090909 0.325284 -1.000000
0.575284 0.140625 0.330966 3.000000
0.815341 0.657670 0.339489 2.000000
0.627841 0.272727 0.386364 -1.000000
0.801136 0.522727 0.353693 -1.000000
0.647727 0.093750 0.319602 -1.000000
0.805398 0.711648 0.321023 2.000000
0.234375 0.755682 0.299716 0.000000
0.223011 0.384943 0.355114 -1.000000
0.815341 0.180398 0.311080 1.000000
0.720170 0.683239 0.319602 -1.000000
0.630682 0.386364 0.382102 1.000000
0.805398 0.711648 0.321023 2.000000
0.400568 0.806818 0.333807 2.000000
0.333807 0.717330 0.376420 -1.000000
0.338068 0.511364 0.406250 -1.000000
0.776989 0.000000 0.309659 -1.000000
0.492898 0.732955 0.339489 2.000000
0.234375 0.755682 0.299716 0.000000
0.607955 0.274148 0.367898 -1.000000
0.352273 0.316761 0.348011 3.000000
0.900568 0.382102 0.313920 1.000000
0.794034 0.517045 0.349432 -1.000000
0.866477 0.548295 0.340909 -1.000000
0.370739 0.835227 0.336648 2.000000
0.539773 0.373580 0.423295 -1.000000
0.745739 0.340909 0.342330 1.000000
0.606534 0.295455 0.390625 -1.000000
0.575284 0.140625 0.330966 3.000000
0.322443 0.937500 0.312500 -1.000000
0.708807 0.071023 0.322443 -1.000000
0.627841 0.272727 0.386364 -1.000000
0.866477 0.548295 0.340909 -1.000000
0.704545 0.079545 0.325284 -1.000000
0.715909 0.223011 0.346591 1.000000
0.373580 0.742898 0.353693 -1.000000
0.268466 0.963068 0.286932 -1.000000
0.626420 0.299716 0.377841 -1.000000
0.615057 0.328125 0.397727 -1.000000
0.600852 0.705966 0.330966 2.000000
0.259943 0.451705 0.369318 -1.000000
0.115057 0.468750 0.301136 0.000000
0.279830 0.420455 0.360795 -1.000000
0.728693 0.572443 0.360795 -1.000000
0.710227 0.620739 0.345170 -1.000000
0.720170 0.683239 0.319602 -1.000000
0.046875 0.521307 0.288352 0.000000
0.471591 0.184659 0.332386 3.000000
0.292614 0.789773 0.319602 0.000000
0.900568 0.434659 0.318182 1.000000
0.819602 0.535511 0.348011 -1.000000
0.708807 0.071023 0.322443 -1.000000
0.805398 0.610795 0.350852 2.000000
0.815341 0.180398 0.311080 1.000000
0.234375 0.755682 0.299716 0.000000
0.350852 0.785511 0.348011 -1.000000
0.741477 0.642045 0.335227 -1.000000
0.436080 0.322443 0.352273 3.000000
0.960227 0.524148 0.305398 -1.000000
0.762784 0.250000 0.330966 1.000000
0.188920 0.786932 0.291193 0.000000
0.454545 0.883523 0.301136 2.000000
0.531250 0.190341 0.342330 3.000000
0.390625 0.561080 0.417614 0.000000
0.186080 0.306818 0.306818 3.000000
0.539773 0.373580 0.423295 -1.000000
0.626420 0.299716 0.377841 -1.000000
0.400568 0.806818 0.333807 2.000000
0.436080 0.322443 0.352273 3.000000
0.785511 0.322443 0.330966 1.000000
0.669034 0.218750 0.367898 -1.000000
0.490057 0.792614 0.315341 2.000000
0.187500 0.656250 0.303977 0.000000
0.019886 0.338068 0.288352 -1.000000
0.892045 0.380682 0.305398 1.000000
0.559659 0.558239 0.410511 -1.000000
0.815341 0.657670 0.339489 2.000000
0.143466 0.349432 0.322443 -1.000000
0.390625 0.561080 0.417614 0.000000
0.252841 0.710227 0.309659 0.000000
0.187500 0.723011 0.309659 0.000000
0.968750 0.573864 0.308239 -1.000000
0.471591 0.326705 0.363636 3.000000
0.264205 0.359375 0.363636 -1.000000
0.725852 0.106534 0.328125 -1.000000
0.840909 0.207386 0.034091 -1.000000
0.298295 0.424716 0.370739 -1.000000
0.387784 0.579545 0.386364 -1.000000
0.794034 0.517045 0.349432 -1.000000
0.639205 0.180398 0.352273 -1.000000
0.289773 0.580966 0.369318 0.000000
0.177557 0.632102 0.302557 0.000000
0.769886 0.414773 0.362216 1.000000
0.728693 0.572443 0.360795 -1.000000
0.805398 0.711648 0.321023 2.000000
0.812500 0.505682 0.336648 -1.000000
0.225852 0.343750 0.346591 -1.000000
0.708807 0.071023 0.322443 -1.000000
0.525568 0.357955 0.413352 -1.000000
0.492898 0.732955 0.339489 2.000000
0.667614 0.400568 0.387784 1.000000
0.416193 0.198864 0.332386 3.000000
0.623580 0.734375 0.301136 2.000000
0.607955 0.274148 0.367898 -1.000000
0.221591 0.272727 0.326705 -1.000000
0.860795 0.274148 0.012784 -1.000000
0.813920 0.140625 0.295455 1.000000
0.680398 0.740057 0.319602 2.000000
0.090909 0.511364 0.294034 0.000000
0.693182 0.470170 0.390625 1.000000
0.187500 0.656250 0.303977 0.000000
0.463068 0.757102 0.349432 2.000000
0.187500 0.656250 0.303977 0.000000
0.642045 0.157670 0.357955 -1.000000
0.481534 0.164773 0.305398 3.000000
0.840909 0.207386 0.034091 -1.000000
0.372159 0.758523 0.357955 -1.000000
0.815341 0.657670 0.339489 2.000000
0.822443 0.330966 0.316761 1.000000
0.569602 0.169034 0.343750 3.000000
0.667614 0.400568 0.387784 1.000000
0.193182 0.535511 0.339489 0.000000
0.296875 0.761364 0.340909 0.000000
0.532670 0.580966 0.387784 -1.000000
0.319602 0.306818 0.359375 3.000000
0.508523 0.590909 0.367898 2.000000
0.416193 0.740057 0.376420 2.000000
0.177557 0.632102 0.302557 0.000000
0.136364 0.414773 0.318182 -1.000000
0.258523 0.379261 0.349432 -1.000000
0.460227 0.572443 0.407670 -1.000000
0.960227 0.524148 0.305398 -1.000000
0.312500 0.346591 0.343750 -1.000000
0.481534 0.164773 0.305398 3.000000
0.759943 0.708807 0.321023 2.000000
0.588068 0.677557 0.363636 2.000000
0.525568 0.357955 0.413352 -1.000000
0.217330 0.389205 0.348011 -1.000000
0.690341 0.458807 0.377841 1.000000
0.008523 0.399148 0.291193 -1.000000
0.494318 0.629261 0.359375 2.000000
0.340909 0.196023 0.323864 3.000000
0.322443 0.937500 0.312500 -1.000000
0.217330 0.541193 0.335227 0.000000
0.305398 0.333807 0.363636 -1.000000
0.875000 0.276989 0.309659 1.000000
0.490057 0.507102 0.431818 -1.000000
0.186080 0.507102 0.328125 0.000000
0.917614 0.524148 0.329545 -1.000000
0.143466 0.349432 0.322443 -1.000000
0.727273 0.413352 0.375000 1.000000
0.556818 0.376420 0.397727 -1.000000
0.563920 0.673295 0.366477 2.000000
0.637784 0.572443 0.386364 2.000000
0.497159 0.444602 0.431818 -1.000000
0.338068 0.511364 0.406250 -1.000000
0.704545 0.079545 0.325284 -1.000000
0.839489 0.416193 0.343750 1.000000
0.386364 0.335227 0.352273 3.000000
0.630682 0.386364 0.382102 1.000000
0.561080 0.436080 0.421875 -1.000000
0.900568 0.434659 0.318182 1.000000
0.115057 0.468750 0.301136 0.000000
0.159091 0.509943 0.309659 0.000000
0.968750 0.531250 0.303977 -1.000000
0.822443 0.330966 0.316761 1.000000
0.781250 0.394886 0.349432 1.000000
0.751420 0.375000 0.355114 1.000000
0.340909 0.196023 0.323864 3.000000
0.298295 0.424716 0.370739 -1.000000
0.788352 0.235795 0.322443 1.000000
0.372159 0.758523 0.357955 -1.000000
0.656250 0.127841 0.329545 -1.000000
0.785511 0.322443 0.330966 1.000000
0.623580 0.573864 0.377841 2.000000
0.802557 0.276989 0.323864 1.000000
0.090909 0.511364 0.294034 0.000000
0.541193 0.377841 0.410511 -1.000000
0.626420 0.299716 0.377841 -1.000000
0.443182 0.637784 0.390625 -1.000000
0.248580 0.681818 0.315341 0.000000
0.125000 0.701705 0.288352 0.000000
0.133523 0.589489 0.298295 0.000000
0.801136 0.522727 0.353693 -1.000000
0.846591 0.544034 0.346591 -1.000000
0.769886 0.414773 0.362216 1.000000
0.454545 0.883523 0.301136 2.000000
0.227273 0.505682 0.346591 0.000000
0.600852 0.705966 0.330966 2.000000
0.333807 0.717330 0.376420 -1.000000
0.420455 0.809659 0.318182 2.000000
0.805398 0.610795 0.350852 2.000000
0.968750 0.531250 0.303977 -1.000000
0.471591 0.869318 0.313920 2.000000
0.296875 0.539773 0.353693 0.000000
0.062500 0.322443 0.294034 3.000000
0.011364 0.436080 0.289773 0.000000
0.062500 0.322443 0.294034 3.000000
0.377841 0.383523 0.384943 -1.000000
0.328125 0.849432 0.332386 -1.000000
0.024148 0.357955 0.294034 -1.000000
0.860795 0.274148 0.012784 -1.000000
0.296875 0.909091 0.325284 -1.000000
0.090909 0.511364 0.294034 0.000000
0.248580 0.681818 0.315341 0.000000
0.296875 0.761364 0.340909 0.000000
0.708807 0.071023 0.322443 -1.000000
0.326705 0.494318 0.375000 -1.000000
0.146307 0.671875 0.296875 0.000000
0.799716 0.585227 0.355114 -1.000000
0.519886 0.481534 0.427557 -1.000000
0.647727 0.093750 0.319602 -1.000000
0.656250 0.127841 0.329545 -1.000000
0.815341 0.180398 0.311080 1.000000
0.338068 0.511364 0.406250 -1.000000
0.717330 0.379261 0.359375 1.000000
0.595170 0.549716 0.379261 2.000000
0.717330 0.379261 0.359375 1.000000
0.333807 0.717330 0.376420 -1.000000
0.710227 0.359375 0.362216 1.000000
0.762784 0.250000 0.330966 1.000000
0.490057 0.507102 0.431818 -1.000000
0.312500 0.285511 0.353693 3.000000
0.757102 0.000000 0.265625 -1.000000
0.294034 0.906250 0.295455 -1.000000
0.096591 0.384943 0.318182 -1.000000
0.596591 0.166193 0.329545 3.000000
0.669034 0.218750 0.367898 -1.000000
0.606534 0.295455 0.390625 -1.000000
0.623580 0.573864 0.377841 2.000000
0.892045 0.612216 0.323864 -1.000000
0.643466 0.522727 0.387784 -1.000000
0.250000 0.526989 0.352273 0.000000
0.288352 0.343750 0.359375 -1.000000
0.796875 0.646307 0.342330 -1.000000
0.531250 0.190341 0.342330 3.000000
0.136364 0.414773 0.318182 -1.000000
0.727273 0.413352 0.375000 1.000000
0.454545 0.883523 0.301136 2.000000
0.376420 0.386364 0.366477 3.000000
0.704545 0.079545 0.325284 -1.000000
0.428977 0.275568 0.338068 3.000000
0.428977 0.275568 0.338068 3.000000
0.539773 0.779830 0.328125 2.000000
0.424716 0.750000 0.333807 -1.000000
0.416193 0.198864 0.332386 3.000000
0.096591 0.552557 0.281250 0.000000
0.298295 0.424716 0.370739 -1.000000
0.268466 0.963068 0.286932 -1.000000
0.620739 0.762784 0.303977 2.000000
0.338068 0.511364 0.406250 -1.000000
0.669034 0.218750 0.367898 -1.000000
0.194602 0.781250 0.295455 0.000000
0.436080 0.339489 0.373580 3.000000
0.875000 0.276989 0.309659 1.000000
0.357955 0.826705 0.323864 -1.000000
0.497159 0.532670 0.416193 -1.000000
0.741477 0.642045 0.335227 -1.000000
0.563920 0.167614 0.350852 3.000000
0.232955 0.566761 0.355114 0.000000
0.450284 0.573864 0.407670 -1.000000
0.169034 0.335227 0.316761 3.000000
0.485795 0.471591 0.430398 -1.000000
0.312500 0.285511 0.353693 3.000000
0.960227 0.524148 0.305398 -1.000000
0.250000 0.526989 0.352273 0.000000
0.931818 0.451705 0.316761 1.000000
0.626420 0.563920 0.370739 2.000000
0.274148 0.958807 0.313920 -1.000000
0.193182 0.535511 0.339489 0.000000
0.424716 0.750000 0.333807 -1.000000
0.298295 0.424716 0.370739 -1.000000
0.526989 0.741477 0.333807 2.000000
0.284091 0.943182 0.308239 -1.000000
0.357955 0.826705 0.323864 -1.000000
0.931818 0.451705 0.316761 1.000000
0.596591 0.166193 0.329545 3.000000
0.504261 0.153409 0.330966 3.000000
0.900568 0.382102 0.313920 1.000000
0.519886 0.481534 0.427557 -1.000000
0.776989 0.000000 0.309659 -1.000000
0.676136 0.167614 0.342330 -1.000000
0.497159 0.444602 0.431818 -1.000000
0.490057 0.507102 0.431818 -1.000000
0.637784 0.572443 0.386364 2.000000
0.822443 0.330966 0.316761 1.000000
0.693182 0.470170 0.390625 1.000000
0.377841 0.383523 0.384943 -1.000000
0.274148 0.958807 0.313920 -1.000000
0.296875 0.539773 0.353693 0.000000
0.443182 0.637784 0.390625 -1.000000
0.217330 0.389205 0.348011 -1.000000
0.690341 0.458807 0.377841 1.000000
0.508523 0.590909 0.367898 2.000000
0.802557 0.556818 0.360795 -1.000000
0.221591 0.272727 0.326705 -1.000000
0.508523 0.590909 0.367898 2.000000
0.159091 0.509943 0.309659 0.000000
0.822443 0.330966 0.316761 1.000000
0.228693 0.748580 0.318182 0.000000
0.508523 0.590909 0.367898 2.000000
0.438920 0.490057 0.414773 -1.000000
0.146307 0.671875 0.296875 0.000000
0.605114 0.446023 0.413352 -1.000000
0.494318 0.629261 0.359375 2.000000
0.411932 0.230114 0.348011 3.000000
0.710227 0.620739 0.345170 -1.000000
0.953125 0.465909 0.313920 1.000000
0.350852 0.785511 0.348011 -1.000000
0.595170 0.549716 0.379261 2.000000
0.397727 0.707386 0.359375 -1.000000
0.799716 0.224432 0.309659 1.000000
0.491477 0.204545 0.323864 3.000000
0.727273 0.187500 0.339489 1.000000
0.352273 0.316761 0.348011 3.000000
0.156250 0.724432 0.295455 0.000000
0.294034 0.906250 0.295455 -1.000000
0.963068 0.467330 0.106534 -1.000000
0.920455 0.451705 0.316761 1.000000
0.252841 0.710227 0.309659 0.000000
0.377841 0.620739 0.372159 -1.000000
0.632102 0.755682 0.336648 2.000000
0.188920 0.786932 0.291193 0.000000
0.186080 0.507102 0.328125 0.000000
0.312500 0.285511 0.353693 3.000000
0.204545 0.623580 0.312500 0.000000
0.436080 0.322443 0.352273 3.000000
0.623580 0.573864 0.377841 2.000000
0.250000 0.526989 0.352273 0.000000
0.463068 0.639205 0.397727 -1.000000
0.159091 0.509943 0.309659 0.000000
0.460227 0.572443 0.407670 -1.000000
0.443182 0.451705 0.420455 3.000000
0.490057 0.792614 0.315341 2.000000
0.186080 0.507102 0.328125 0.000000
0.143466 0.349432 0.322443 -1.000000
0.708807 0.071023 0.322443 -1.000000
0.443182 0.637784 0.390625 -1.000000
0.622159 0.501420 0.389205 -1.000000
0.390625 0.561080 0.417614 0.000000
0.333807 0.717330 0.376420 -1.000000
0.509943 0.541193 0.427557 -1.000000
0.298295 0.424716 0.370739 -1.000000
0.497159 0.532670 0.416193 -1.000000
0.606534 0.295455 0.390625 -1.000000
0.492898 0.250000 0.346591 3.000000
0.781250 0.394886 0.349432 1.000000
0.561080 0.436080 0.421875 -1.000000
0.319602 0.330966 0.340909 -1.000000
0.292614 0.789773 0.319602 0.000000
0.258523 0.379261 0.349432 -1.000000
0.411932 0.230114 0.348011 3.000000
0.490057 0.792614 0.315341 2.000000
0.750000 0.745739 0.316761 2.000000
0.416193 0.198864 0.332386 3.000000
0.234375 0.755682 0.299716 0.000000
0.096591 0.384943 0.318182 -1.000000
0.534091 0.302557 0.400568 -1.000000
0.370739 0.835227 0.336648 2.000000
0.948864 0.383523 0.000000 -1.000000
0.177557 0.632102 0.302557 0.000000
0.759943 0.708807 0.321023 2.000000
0.609375 0.575284 0.393466 2.000000
0.186080 0.507102 0.328125 0.000000
0.678977 0.667614 0.338068 2.000000
0.571023 0.433239 0.424716 -1.000000
0.626420 0.563920 0.370739 2.000000
0.963068 0.467330 0.106534 -1.000000
0.744318 0.292614 0.343750 1.000000
0.840909 0.207386 0.034091 -1.000000
0.676136 0.167614 0.342330 -1.000000
0.471591 0.869318 0.313920 2.000000
0.471591 0.869318 0.313920 2.000000
0.539773 0.373580 0.423295 -1.000000
0.725852 0.106534 0.328125 -1.000000
0.585227 0.335227 0.386364 -1.000000
0.805398 0.711648 0.321023 2.000000
0.815341 0.180398 0.311080 1.000000
0.471591 0.869318 0.313920 2.000000
0.515625 0.822443 0.298295 2.000000
0.588068 0.677557 0.363636 2.000000
0.387784 0.906250 0.279830 -1.000000
0.917614 0.524148 0.329545 -1.000000
0.478693 0.332386 0.392045 3.000000
0.125000 0.701705 0.288352 0.000000
0.657670 0.173295 0.350852 -1.000000
0.421875 0.376420 0.373580 3.000000
0.443182 0.637784 0.390625 -1.000000
0.907670 0.394886 0.302557 1.000000
0.279830 0.772727 0.311080 0.000000
0.532670 0.580966 0.387784 -1.000000
0.443182 0.637784 0.390625 -1.000000
0.377841 0.383523 0.384943 -1.000000
0.727273 0.413352 0.375000 1.000000
0.497159 0.532670 0.416193 -1.000000
0.805398 0.711648 0.321023 2.000000
0.051136 0.541193 0.289773 0.000000
0.504261 0.153409 0.330966 3.000000
0.186080 0.306818 0.306818 3.000000
0.340909 0.196023 0.323864 3.000000
0.892045 0.612216 0.323864 -1.000000
0.478693 0.332386 0.392045 3.000000
0.656250 0.127841 0.329545 -1.000000
0.352273 0.316761 0.348011 3.000000
0.762784 0.250000 0.330966 1.000000
0.907670 0.394886 0.302557 1.000000
0.744318 0.292614 0.343750 1.000000
0.732955 0.555398 0.377841 -1.000000
0.282670 0.588068 0.336648 0.000000
0.796875 0.646307 0.342330 -1.000000
0.968750 0.573864 0.308239 -1.000000
0.248580 0.681818 0.315341 0.000000
0.839489 0.416193 0.343750 1.000000
0.193182 0.792614 0.301136 0.000000
0.416193 0.198864 0.332386 3.000000
0.436080 0.322443 0.352273 3.000000
0.264205 0.359375 0.363636 -1.000000
0.490057 0.507102 0.431818 -1.000000
0.911932 0.555398 0.316761 -1.000000
0.710227 0.620739 0.345170 -1.000000
0.556818 0.376420 0.397727 -1.000000
0.620739 0.762784 0.303977 2.000000
0.532670 0.580966 0.387784 -1.000000
0.960227 0.524148 0.305398 -1.000000
0.907670 0.394886 0.302557 1.000000
0.717330 0.379261 0.359375 1.000000
0.559659 0.558239 0.410511 -1.000000
0.330966 0.548295 0.363636 0.000000
0.193182 0.792614 0.301136 0.000000
0.406250 0.207386 0.322443 3.000000
0.335227 0.535511 0.372159 0.000000
0.450284 0.573864 0.407670 -1.000000
0.372159 0.758523 0.357955 -1.000000
0.235795 0.687500 0.318182 0.000000
0.796875 0.646307 0.342330 -1.000000
0.377841 0.383523 0.384943 -1.000000
0.187500 0.723011 0.309659 0.000000
0.450284 0.573864 0.407670 -1.000000
0.370739 0.835227 0.336648 2.000000
0.193182 0.535511 0.339489 0.000000
0.725852 0.106534 0.328125 -1.000000
0.235795 0.687500 0.318182 0.000000
0.588068 0.370739 0.400568 -1.000000
0.181818 0.427557 0.332386 -1.000000
0.812500 0.505682 0.336648 -1.000000
0.443182 0.637784 0.390625 -1.000000
0.900568 0.382102 0.313920 1.000000
0.409091 0.286932 0.342330 3.000000
0.450284 0.573864 0.407670 -1.000000
0.659091 0.470170 0.387784 -1.000000
0.227273 0.505682 0.346591 0.000000
0.963068 0.467330 0.106534 -1.000000
0.754261 0.007102 0.086648 -1.000000
0.169034 0.335227 0.316761 3.000000
0.292614 0.789773 0.319602 0.000000
0.710227 0.620739 0.345170 -1.000000
0.350852 0.785511 0.348011 -1.000000
0.382102 0.877841 0.311080 2.000000
0.234375 0.755682 0.299716 0.000000
0.754261 0.678977 0.336648 2.000000
0.436080 0.339489 0.373580 3.000000
0.428977 0.275568 0.338068 3.000000
0.515625 0.845170 0.262784 2.000000
0.416193 0.666193 0.389205 -1.000000
0.194602 0.517045 0.343750 0.000000
0.299716 0.220170 0.329545 3.000000
0.305398 0.333807 0.363636 -1.000000
0.515625 0.822443 0.298295 2.000000
0.794034 0.517045 0.349432 -1.000000
0.187500 0.723011 0.309659 0.000000
0.522727 0.784091 0.322443 2.000000
0.228693 0.619318 0.319602 0.000000
0.223011 0.384943 0.355114 -1.000000
0.605114 0.446023 0.413352 -1.000000
0.096591 0.552557 0.281250 0.000000
0.096591 0.384943 0.318182 -1.000000
0.305398 0.333807 0.363636 -1.000000
0.893466 0.272727 0.000000 -1.000000
0.680398 0.740057 0.319602 2.000000
0.409091 0.286932 0.342330 3.000000
0.504261 0.153409 0.330966 3.000000
0.159091 0.509943 0.309659 0.000000
0.221591 0.272727 0.326705 -1.000000
0.376420 0.386364 0.366477 3.000000
0.268466 0.963068 0.286932 -1.000000
0.372159 0.758523 0.357955 -1.000000
0.460227 0.572443 0.407670 -1.000000
0.228693 0.619318 0.319602 0.000000
0.386364 0.335227 0.352273 3.000000
0.856534 0.502841 0.328125 1.000000
0.340909 0.196023 0.323864 3.000000
0.717330 0.379261 0.359375 1.000000
0.620739 0.762784 0.303977 2.000000
0.225852 0.343750 0.346591 -1.000000
0.382102 0.440341 0.380682 -1.000000
0.292614 0.789773 0.319602 0.000000
0.460227 0.572443 0.407670 -1.000000
0.998580 0.615057 0.308239 -1.000000
0.757102 0.000000 0.265625 -1.000000
0.322443 0.937500 0.312500 -1.000000
0.133523 0.589489 0.298295 0.000000
0.563920 0.673295 0.366477 2.000000
0.264205 0.359375 0.363636 -1.000000
0.217330 0.389205 0.348011 -1.000000
0.460227 0.572443 0.407670 -1.000000
0.485795 0.524148 0.410511 -1.000000
0.517045 0.771307 0.345170 2.000000
0.761364 0.370739 0.346591 1.000000
0.728693 0.572443 0.360795 -1.000000
0.785511 0.322443 0.330966 1.000000
0.299716 0.220170 0.329545 3.000000
0.187500 0.656250 0.303977 0.000000
0.159091 0.481534 0.313920 0.000000
0.673295 0.613636 0.355114 2.000000
0.776989 0.000000 0.309659 -1.000000
0.330966 0.548295 0.363636 0.000000
0.143466 0.450284 0.319602 0.000000
0.387784 0.906250 0.279830 -1.000000
0.159091 0.481534 0.313920 0.000000
0.090909 0.511364 0.294034 0.000000
0.906250 0.421875 0.303977 1.000000
0.588068 0.370739 0.400568 -1.000000
0.911932 0.555398 0.316761 -1.000000
0.340909 0.196023 0.323864 3.000000
0.715909 0.517045 0.370739 -1.000000
0.667614 0.400568 0.387784 1.000000
0.058239 0.396307 0.301136 -1.000000
0.745739 0.340909 0.342330 1.000000
0.322443 0.937500 0.312500 -1.000000
0.471591 0.326705 0.363636 3.000000
0.623580 0.323864 0.373580 1.000000
0.051136 0.541193 0.289773 0.000000
0.518466 0.178977 0.349432 3.000000
0.298295 0.424716 0.370739 -1.000000
0.585227 0.335227 0.386364 -1.000000
0.813920 0.140625 0.295455 1.000000
0.870739 0.319602 0.315341 1.000000
0.515625 0.822443 0.298295 2.000000
0.386364 0.335227 0.352273 3.000000
0.646307 0.713068 0.349432 2.000000
0.923295 0.428977 0.308239 1.000000
0.169034 0.335227 0.316761 3.000000
0.892045 0.612216 0.323864 -1.000000
0.627841 0.272727 0.386364 -1.000000
0.769886 0.414773 0.362216 1.000000
0.815341 0.657670 0.339489 2.000000
0.072443 0.572443 0.295455 0.000000
0.460227 0.572443 0.407670 -1.000000
0.471591 0.326705 0.363636 3.000000
0.703125 0.362216 0.362216 1.000000
0.657670 0.173295 0.350852 -1.000000
0.563920 0.673295 0.366477 2.000000
0.968750 0.573864 0.308239 -1.000000
0.686080 0.740057 0.313920 2.000000
0.399148 0.680398 0.360795 -1.000000
0.626420 0.299716 0.377841 -1.000000
0.509943 0.541193 0.427557 -1.000000
0.690341 0.458807 0.377841 1.000000
0.856534 0.502841 0.328125 1.000000
0.515625 0.845170 0.262784 2.000000
0.600852 0.073864 0.323864 3.000000
0.340909 0.196023 0.323864 3.000000
0.607955 0.274148 0.367898 -1.000000
0.968750 0.531250 0.303977 -1.000000
0.225852 0.343750 0.346591 -1.000000
0.508523 0.590909 0.367898 2.000000
0.632102 0.755682 0.336648 2.000000
0.416193 0.666193 0.389205 -1.000000
0.177557 0.632102 0.302557 0.000000
0.443182 0.637784 0.390625 -1.000000
0.419034 0.444602 0.419034 3.000000
0.539773 0.779830 0.328125 2.000000
0.690341 0.458807 0.377841 1.000000
0.745739 0.090909 0.325284 -1.000000
0.715909 0.517045 0.370739 -1.000000
0.667614 0.400568 0.387784 1.000000
0.632102 0.755682 0.336648 2.000000
0.745739 0.090909 0.325284 -1.000000
0.678977 0.667614 0.338068 2.000000
0.710227 0.620739 0.345170 -1.000000
0.727273 0.413352 0.375000 1.000000
0.019886 0.338068 0.288352 -1.000000
0.194602 0.340909 0.321023 3.000000
1.000000 0.622159 0.299716 -1.000000
0.279830 0.420455 0.360795 -1.000000
0.815341 0.180398 0.311080 1.000000
0.420455 0.809659 0.318182 2.000000
0.370739 0.835227 0.336648 2.000000
0.296875 0.909091 0.325284 -1.000000
0.062500 0.322443 0.294034 3.000000
0.730114 0.139205 0.313920 1.000000
0.720170 0.683239 0.319602 -1.000000
0.485795 0.524148 0.410511 -1.000000
0.372159 0.758523 0.357955 -1.000000
0.900568 0.382102 0.313920 1.000000
0.400568 0.806818 0.333807 2.000000
0.505682 0.478693 0.428977 -1.000000
0.362216 0.245739 0.329545 3.000000
0.258523 0.379261 0.349432 -1.000000
0.907670 0.394886 0.302557 1.000000
0.221591 0.272727 0.326705 -1.000000
0.296875 0.909091 0.325284 -1.000000
0.409091 0.286932 0.342330 3.000000
0.096591 0.552557 0.281250 0.000000
0.909091 0.342330 0.242898 -1.000000
0.769886 0.414773 0.362216 1.000000
0.802557 0.556818 0.360795 -1.000000
0.623580 0.573864 0.377841 2.000000
0.386364 0.335227 0.352273 3.000000
0.288352 0.343750 0.359375 -1.000000
0.234375 0.755682 0.299716 0.000000
0.669034 0.218750 0.367898 -1.000000
0.615057 0.328125 0.397727 -1.000000
0.669034 0.218750 0.367898 -1.000000
0.136364 0.414773 0.318182 -1.000000
0.623580 0.323864 0.373580 1.000000
0.822443 0.330966 0.316761 1.000000
0.186080 0.306818 0.306818 3.000000
0.490057 0.792614 0.315341 2.000000
0.377841 0.383523 0.384943 -1.000000
0.615057 0.328125 0.397727 -1.000000
0.268466 0.963068 0.286932 -1.000000
0.424716 0.750000 0.333807 -1.000000
0.875000 0.276989 0.309659 1.000000
0.156250 0.724432 0.295455 0.000000
0.563920 0.167614 0.350852 3.000000
0.450284 0.573864 0.407670 -1.000000
0.305398 0.333807 0.363636 -1.000000
0.764205 0.707386 0.312500 2.000000
0.171875 0.636364 0.305398 0.000000
0.298295 0.424716 0.370739 -1.000000
0.188920 0.786932 0.291193 0.000000
0.822443 0.330966 0.316761 1.000000
0.288352 0.343750 0.359375 -1.000000
0.296875 0.909091 0.325284 -1.000000
0.794034 0.517045 0.349432 -1.000000
0.615057 0.328125 0.397727 -1.000000
0.011364 0.436080 0.289773 0.000000
0.203125 0.373580 0.343750 -1.000000
0.424716 0.750000 0.333807 -1.000000
0.744318 0.292614 0.343750 1.000000
0.907670 0.394886 0.302557 1.000000
0.764205 0.707386 0.312500 2.000000
0.515625 0.822443 0.298295 2.000000
0.370739 0.835227 0.336648 2.000000
0.274148 0.958807 0.313920 -1.000000
0.588068 0.677557 0.363636 2.000000
0.136364 0.414773 0.318182 -1.000000
0.606534 0.295455 0.390625 -1.000000
0.751420 0.375000 0.355114 1.000000
0.622159 0.501420 0.389205 -1.000000
0.741477 0.642045 0.335227 -1.000000
0.569602 0.169034 0.343750 3.000000
0.188920 0.786932 0.291193 0.000000
0.282670 0.588068 0.336648 0.000000
0.051136 0.541193 0.289773 0.000000
0.376420 0.386364 0.366477 3.000000
0.140625 0.592330 0.303977 0.000000
0.707386 0.245739 0.346591 1.000000
0.963068 0.467330 0.106534 -1.000000
0.436080 0.339489 0.373580 3.000000
0.673295 0.613636 0.355114 2.000000
0.515625 0.822443 0.298295 2.000000
0.806818 0.147727 0.315341 1.000000
0.727273 0.413352 0.375000 1.000000
0.519886 0.481534 0.427557 -1.000000
0.376420 0.386364 0.366477 3.000000
0.860795 0.274148 0.012784 -1.000000
0.227273 0.505682 0.346591 0.000000
0.217330 0.541193 0.335227 0.000000
0.541193 0.377841 0.410511 -1.000000
0.531250 0.190341 0.342330 3.000000
0.813920 0.140625 0.295455 1.000000
0.669034 0.218750 0.367898 -1.000000
0.471591 0.184659 0.332386 3.000000
0.630682 0.386364 0.382102 1.000000
0.463068 0.757102 0.349432 2.000000
0.781250 0.394886 0.349432 1.000000
0.406250 0.207386 0.322443 3.000000
0.221591 0.272727 0.326705 -1.000000
0.409091 0.286932 0.342330 3.000000
0.186080 0.507102 0.328125 0.000000
0.659091 0.470170 0.387784 -1.000000
0.377841 0.383523 0.384943 -1.000000
0.231534 0.630682 0.319602 0.000000
0.728693 0.572443 0.360795 -1.000000
0.497159 0.532670 0.416193 -1.000000
1.000000 0.622159 0.299716 -1.000000
0.428977 0.275568 0.338068 3.000000
0.177557 0.632102 0.302557 0.000000
0.406250 0.207386 0.322443 3.000000
0.203125 0.373580 0.343750 -1.000000
0.223011 0.384943 0.355114 -1.000000
0.920455 0.451705 0.316761 1.000000
0.715909 0.223011 0.346591 1.000000
0.732955 0.555398 0.377841 -1.000000
0.848011 0.484375 0.343750 1.000000
0.186080 0.507102 0.328125 0.000000
0.588068 0.370739 0.400568 -1.000000
0.232955 0.566761 0.355114 0.000000
0.953125 0.465909 0.313920 1.000000
0.848011 0.484375 0.343750 1.000000
0.387784 0.906250 0.279830 -1.000000
0.630682 0.386364 0.382102 1.000000
0.090909 0.511364 0.294034 0.000000
0.751420 0.375000 0.355114 1.000000
0.892045 0.380682 0.305398 1.000000
0.225852 0.343750 0.346591 -1.000000
0.274148 0.958807 0.313920 -1.000000
0.450284 0.573864 0.407670 -1.000000
0.228693 0.619318 0.319602 0.000000
0.420455 0.809659 0.318182 2.000000
0.227273 0.505682 0.346591 0.000000
0.620739 0.762784 0.303977 2.000000
0.821023 0.602273 0.329545 -1.000000
0.741477 0.642045 0.335227 -1.000000
0.595170 0.549716 0.379261 2.000000
0.406250 0.207386 0.322443 3.000000
0.204545 0.623580 0.312500 0.000000
0.436080 0.322443 0.352273 3.000000
0.373580 0.742898 0.353693 -1.000000
0.907670 0.394886 0.302557 1.000000
0.757102 0.000000 0.265625 -1.000000
0.227273 0.505682 0.346591 0.000000
0.805398 0.610795 0.350852 2.000000
0.509943 0.170455 0.333807 3.000000
0.754261 0.007102 0.086648 -1.000000
0.411932 0.230114 0.348011 3.000000
0.497159 0.532670 0.416193 -1.000000
0.416193 0.666193 0.389205 -1.000000
0.794034 0.517045 0.349432 -1.000000
0.923295 0.428977 0.308239 1.000000
0.377841 0.383523 0.384943 -1.000000
0.656250 0.127841 0.329545 -1.000000
0.900568 0.382102 0.313920 1.000000
0.600852 0.705966 0.330966 2.000000
0.274148 0.958807 0.313920 -1.000000
0.305398 0.333807 0.363636 -1.000000
0.532670 0.580966 0.387784 -1.000000
0.623580 0.573864 0.377841 2.000000
0.428977 0.275568 0.338068 3.000000
0.563920 0.167614 0.350852 3.000000
0.717330 0.379261 0.359375 1.000000
0.799716 0.224432 0.309659 1.000000
0.563920 0.167614 0.350852 3.000000
0.607955 0.274148 0.367898 -1.000000
0.815341 0.180398 0.311080 1.000000
0.204545 0.623580 0.312500 0.000000
0.227273 0.505682 0.346591 0.000000
0.745739 0.340909 0.342330 1.000000
0.312500 0.285511 0.353693 3.000000
0.745739 0.340909 0.342330 1.000000
0.481534 0.164773 0.305398 3.000000
0.234375 0.755682 0.299716 0.000000
0.875000 0.276989 0.309659 1.000000
0.335227 0.535511 0.372159 0.000000
0.279830 0.420455 0.360795 -1.000000
0.526989 0.741477 0.333807 2.000000
0.159091 0.509943 0.309659 0.000000
0.808239 0.261364 0.323864 1.000000
0.819602 0.535511 0.348011 -1.000000
0.856534 0.502841 0.328125 1.000000
0.835227 0.150568 0.017045 -1.000000
0.204545 0.623580 0.312500 0.000000
0.234375 0.755682 0.299716 0.000000
0.911932 0.555398 0.316761 -1.000000
0.000000 0.355114 0.289773 -1.000000
0.607955 0.274148 0.367898 -1.000000
0.715909 0.223011 0.346591 1.000000
0.762784 0.250000 0.330966 1.000000
0.848011 0.484375 0.343750 1.000000
0.223011 0.384943 0.355114 -1.000000
0.187500 0.723011 0.309659 0.000000
0.171875 0.636364 0.305398 0.000000
0.892045 0.612216 0.323864 -1.000000
0.690341 0.458807 0.377841 1.000000
0.090909 0.511364 0.294034 0.000000
0.561080 0.436080 0.421875 -1.000000
0.754261 0.007102 0.086648 -1.000000
0.907670 0.394886 0.302557 1.000000
0.372159 0.758523 0.357955 -1.000000
0.159091 0.481534 0.313920 0.000000
0.515625 0.822443 0.298295 2.000000
0.370739 0.835227 0.336648 2.000000
0.646307 0.713068 0.349432 2.000000
0.785511 0.322443 0.330966 1.000000
0.676136 0.167614 0.342330 -1.000000
0.058239 0.396307 0.301136 -1.000000
0.227273 0.505682 0.346591 0.000000
0.539773 0.373580 0.423295 -1.000000
0.678977 0.667614 0.338068 2.000000
0.909091 0.342330 0.242898 -1.000000
0.812500 0.505682 0.336648 -1.000000
0.228693 0.748580 0.318182 0.000000
0.494318 0.629261 0.359375 2.000000
0.204545 0.623580 0.312500 0.000000
0.802557 0.556818 0.360795 -1.000000
0.686080 0.740057 0.313920 2.000000
0.235795 0.687500 0.318182 0.000000
0.406250 0.207386 0.322443 3.000000
0.605114 0.446023 0.413352 -1.000000
0.656250 0.127841 0.329545 -1.000000
0.140625 0.592330 0.303977 0.000000
0.745739 0.090909 0.325284 -1.000000
0.762784 0.250000 0.330966 1.000000
0.893466 0.272727 0.000000 -1.000000
0.802557 0.276989 0.323864 1.000000
0.136364 0.414773 0.318182 -1.000000
0.732955 0.555398 0.377841 -1.000000
0.642045 0.157670 0.357955 -1.000000
0.769886 0.414773 0.362216 1.000000
0.745739 0.090909 0.325284 -1.000000
0.963068 0.467330 0.106534 -1.000000
0.541193 0.377841 0.410511 -1.000000
0.569602 0.169034 0.343750 3.000000
0.143466 0.349432 0.322443 -1.000000
0.156250 0.724432 0.295455 0.000000
0.657670 0.173295 0.350852 -1.000000
0.680398 0.740057 0.319602 2.000000
0.424716 0.750000 0.333807 -1.000000
0.870739 0.319602 0.315341 1.000000
0.776989 0.000000 0.309659 -1.000000
0.509943 0.541193 0.427557 -1.000000
0.328125 0.849432 0.332386 -1.000000
0.481534 0.164773 0.305398 3.000000
0.159091 0.509943 0.309659 0.000000
0.909091 0.342330 0.242898 -1.000000
0.822443 0.330966 0.316761 1.000000
0.750000 0.745739 0.316761 2.000000
0.848011 0.553977 0.330966 -1.000000
0.794034 0.572443 0.352273 -1.000000
0.909091 0.342330 0.242898 -1.000000
0.397727 0.707386 0.359375 -1.000000
0.062500 0.322443 0.294034 3.000000
0.846591 0.544034 0.346591 -1.000000
0.140625 0.592330 0.303977 0.000000
0.296875 0.539773 0.353693 0.000000
0.815341 0.657670 0.339489 2.000000
0.382102 0.877841 0.311080 2.000000
0.741477 0.642045 0.335227 -1.000000
0.146307 0.671875 0.296875 0.000000
0.571023 0.433239 0.424716 -1.000000
0.471591 0.869318 0.313920 2.000000
0.656250 0.127841 0.329545 -1.000000
0.450284 0.573864 0.407670 -1.000000
0.595170 0.549716 0.379261 2.000000
0.693182 0.470170 0.390625 1.000000
0.732955 0.555398 0.377841 -1.000000
0.234375 0.755682 0.299716 0.000000
0.203125 0.373580 0.343750 -1.000000
0.436080 0.322443 0.352273 3.000000
0.812500 0.505682 0.336648 -1.000000
0.835227 0.150568 0.017045 -1.000000
0.563920 0.167614 0.350852 3.000000
0.125000 0.701705 0.288352 0.000000
0.491477 0.204545 0.323864 3.000000
0.848011 0.553977 0.330966 -1.000000
0.643466 0.522727 0.387784 -1.000000
0.519886 0.481534 0.427557 -1.000000
0.046875 0.521307 0.288352 0.000000
0.416193 0.198864 0.332386 3.000000
0.008523 0.399148 0.291193 -1.000000
0.715909 0.223011 0.346591 1.000000
0.586648 0.730114 0.335227 2.000000
0.556818 0.376420 0.397727 -1.000000
0.900568 0.382102 0.313920 1.000000
0.159091 0.481534 0.313920 0.000000
0.626420 0.563920 0.370739 2.000000
0.799716 0.224432 0.309659 1.000000
0.494318 0.629261 0.359375 2.000000
0.419034 0.444602 0.419034 3.000000
0.386364 0.335227 0.352273 3.000000
0.279830 0.772727 0.311080 0.000000
0.622159 0.501420 0.389205 -1.000000
0.085227 0.465909 0.301136 0.000000
0.799716 0.585227 0.355114 -1.000000
0.805398 0.610795 0.350852 2.000000
0.471591 0.326705 0.363636 3.000000
0.085227 0.465909 0.301136 0.000000
0.177557 0.632102 0.302557 0.000000
0.727273 0.187500 0.339489 1.000000
0.776989 0.000000 0.309659 -1.000000
0.305398 0.333807 0.363636 -1.000000
0.194602 0.781250 0.295455 0.000000
0.478693 0.332386 0.392045 3.000000
0.647727 0.093750 0.319602 -1.000000
0.839489 0.416193 0.343750 1.000000
0.217330 0.389205 0.348011 -1.000000
0.680398 0.740057 0.319602 2.000000
0.727273 0.187500 0.339489 1.000000
0.762784 0.250000 0.330966 1.000000
0.274148 0.958807 0.313920 -1.000000
0.761364 0.370739 0.346591 1.000000
0.409091 0.286932 0.342330 3.000000
0.505682 0.478693 0.428977 -1.000000
0.998580 0.615057 0.308239 -1.000000
0.539773 0.373580 0.423295 -1.000000
0.136364 0.414773 0.318182 -1.000000
0.710227 0.620739 0.345170 -1.000000
0.338068 0.528409 0.389205 -1.000000
0.627841 0.272727 0.386364 -1.000000
0.806818 0.147727 0.315341 1.000000
0.509943 0.170455 0.333807 3.000000
0.518466 0.178977 0.349432 3.000000
0.953125 0.465909 0.313920 1.000000
0.794034 0.517045 0.349432 -1.000000
0.657670 0.173295 0.350852 -1.000000
0.647727 0.505682 0.406250 -1.000000
0.454545 0.883523 0.301136 2.000000
0.298295 0.424716 0.370739 -1.000000
0.279830 0.420455 0.360795 -1.000000
0.509943 0.170455 0.333807 3.000000
0.421875 0.376420 0.373580 3.000000
0.387784 0.906250 0.279830 -1.000000
0.680398 0.740057 0.319602 2.000000
0.292614 0.382102 0.357955 3.000000
0.717330 0.379261 0.359375 1.000000
0.312500 0.285511 0.353693 3.000000
0.096591 0.552557 0.281250 0.000000
0.802557 0.556818 0.360795 -1.000000
0.600852 0.073864 0.323864 3.000000
0.563920 0.167614 0.350852 3.000000
0.416193 0.740057 0.376420 2.000000
0.485795 0.524148 0.410511 -1.000000
0.505682 0.478693 0.428977 -1.000000
0.534091 0.302557 0.400568 -1.000000
0.471591 0.326705 0.363636 3.000000
0.376420 0.386364 0.366477 3.000000
0.312500 0.346591 0.343750 -1.000000
0.963068 0.467330 0.106534 -1.000000
0.460227 0.572443 0.407670 -1.000000
0.892045 0.380682 0.305398 1.000000
0.372159 0.758523 0.357955 -1.000000
0.802557 0.556818 0.360795 -1.000000
0.019886 0.338068 0.288352 -1.000000
0.258523 0.379261 0.349432 -1.000000
0.090909 0.511364 0.294034 0.000000
0.505682 0.132102 0.309659 3.000000
0.571023 0.433239 0.424716 -1.000000
0.187500 0.656250 0.303977 0.000000
0.647727 0.093750 0.319602 -1.000000
0.438920 0.490057 0.414773 -1.000000
0.750000 0.745739 0.316761 2.000000
0.686080 0.740057 0.313920 2.000000
0.515625 0.822443 0.298295 2.000000
0.481534 0.164773 0.305398 3.000000
0.623580 0.734375 0.301136 2.000000
0.159091 0.481534 0.313920 0.000000
0.819602 0.535511 0.348011 -1.000000
0.252841 0.710227 0.309659 0.000000
0.686080 0.740057 0.313920 2.000000
0.588068 0.370739 0.400568 -1.000000
0.813920 0.140625 0.295455 1.000000
0.436080 0.322443 0.352273 3.000000
0.745739 0.090909 0.325284 -1.000000
0.481534 0.164773 0.305398 3.000000
0.000000 0.355114 0.289773 -1.000000
0.490057 0.792614 0.315341 2.000000
0.494318 0.629261 0.359375 2.000000
0.136364 0.414773 0.318182 -1.000000
0.892045 0.380682 0.305398 1.000000
0.490057 0.507102 0.431818 -1.000000
0.846591 0.544034 0.346591 -1.000000
0.156250 0.724432 0.295455 0.000000
0.372159 0.758523 0.357955 -1.000000
0.730114 0.139205 0.313920 1.000000
0.646307 0.713068 0.349432 2.000000
0.575284 0.140625 0.330966 3.000000
0.745739 0.090909 0.325284 -1.000000
0.225852 0.343750 0.346591 -1.000000
0.504261 0.153409 0.330966 3.000000
0.686080 0.740057 0.313920 2.000000
0.485795 0.471591 0.430398 -1.000000
0.252841 0.710227 0.309659 0.000000
0.642045 0.157670 0.357955 -1.000000
0.450284 0.573864 0.407670 -1.000000
0.326705 0.494318 0.375000 -1.000000
0.416193 0.198864 0.332386 3.000000
0.377841 0.383523 0.384943 -1.000000
0.299716 0.220170 0.329545 3.000000
0.485795 0.471591 0.430398 -1.000000
0.194602 0.517045 0.343750 0.000000
0.299716 0.220170 0.329545 3.000000
0.563920 0.167614 0.350852 3.000000
0.637784 0.572443 0.386364 2.000000
0.710227 0.359375 0.362216 1.000000
0.806818 0.147727 0.315341 1.000000
0.917614 0.524148 0.329545 -1.000000
0.848011 0.553977 0.330966 -1.000000
0.703125 0.362216 0.362216 1.000000
0.072443 0.572443 0.295455 0.000000
0.235795 0.687500 0.318182 0.000000
0.319602 0.306818 0.359375 3.000000
0.850852 0.198864 0.282670 1.000000
0.387784 0.906250 0.279830 -1.000000
0.350852 0.785511 0.348011 -1.000000
0.298295 0.424716 0.370739 -1.000000
0.228693 0.748580 0.318182 0.000000
0.998580 0.615057 0.308239 -1.000000
0.600852 0.705966 0.330966 2.000000
0.815341 0.657670 0.339489 2.000000
0.586648 0.730114 0.335227 2.000000
0.460227 0.598011 0.386364 -1.000000
0.143466 0.450284 0.319602 0.000000
0.632102 0.755682 0.336648 2.000000
0.812500 0.505682 0.336648 -1.000000
0.372159 0.758523 0.357955 -1.000000
0.710227 0.359375 0.362216 1.000000
0.296875 0.761364 0.340909 0.000000
0.312500 0.285511 0.353693 3.000000
0.906250 0.421875 0.303977 1.000000
0.436080 0.339489 0.373580 3.000000
0.657670 0.173295 0.350852 -1.000000
0.588068 0.677557 0.363636 2.000000
0.860795 0.274148 0.012784 -1.000000
0.471591 0.326705 0.363636 3.000000
0.357955 0.826705 0.323864 -1.000000
0.647727 0.505682 0.406250 -1.000000
0.561080 0.436080 0.421875 -1.000000
0.296875 0.761364 0.340909 0.000000
0.821023 0.602273 0.329545 -1.000000
0.416193 0.198864 0.332386 3.000000
0.806818 0.147727 0.315341 1.000000
0.907670 0.394886 0.302557 1.000000
0.463068 0.757102 0.349432 2.000000
0.630682 0.386364 0.382102 1.000000
0.704545 0.079545 0.325284 -1.000000
0.296875 0.761364 0.340909 0.000000
0.627841 0.272727 0.386364 -1.000000
0.571023 0.433239 0.424716 -1.000000
0.892045 0.380682 0.305398 1.000000
0.781250 0.394886 0.349432 1.000000
0.801136 0.522727 0.353693 -1.000000
0.539773 0.779830 0.328125 2.000000
0.268466 0.481534 0.355114 -1.000000
0.330966 0.548295 0.363636 0.000000
0.463068 0.757102 0.349432 2.000000
0.923295 0.428977 0.308239 1.000000
0.228693 0.748580 0.318182 0.000000
0.326705 0.494318 0.375000 -1.000000
0.419034 0.444602 0.419034 3.000000
0.647727 0.093750 0.319602 -1.000000
0.717330 0.379261 0.359375 1.000000
0.515625 0.845170 0.262784 2.000000
0.421875 0.376420 0.373580 3.000000
0.794034 0.572443 0.352273 -1.000000
0.744318 0.292614 0.343750 1.000000
0.274148 0.958807 0.313920 -1.000000
1.000000 0.622159 0.299716 -1.000000
0.754261 0.007102 0.086648 -1.000000
0.757102 0.000000 0.265625 -1.000000
0.917614 0.524148 0.329545 -1.000000
0.745739 0.340909 0.342330 1.000000
0.801136 0.522727 0.353693 -1.000000
0.133523 0.589489 0.298295 0.000000
0.268466 0.481534 0.355114 -1.000000
0.008523 0.399148 0.291193 -1.000000
0.217330 0.541193 0.335227 0.000000
0.187500 0.723011 0.309659 0.000000
0.228693 0.619318 0.319602 0.000000
0.492898 0.250000 0.346591 3.000000
0.373580 0.742898 0.353693 -1.000000
0.494318 0.629261 0.359375 2.000000
0.504261 0.153409 0.330966 3.000000
0.917614 0.524148 0.329545 -1.000000
0.556818 0.376420 0.397727 -1.000000
0.788352 0.235795 0.322443 1.000000
0.960227 0.524148 0.305398 -1.000000
0.893466 0.272727 0.000000 -1.000000
0.524148 0.321023 0.389205 -1.000000
0.669034 0.218750 0.367898 -1.000000
0.948864 0.383523 0.000000 -1.000000
0.680398 0.740057 0.319602 2.000000
0.268466 0.481534 0.355114 -1.000000
0.292614 0.382102 0.357955 3.000000
0.234375 0.755682 0.299716 0.000000
0.892045 0.380682 0.305398 1.000000
0.812500 0.505682 0.336648 -1.000000
0.931818 0.451705 0.316761 1.000000
0.920455 0.451705 0.316761 1.000000
0.517045 0.771307 0.345170 2.000000
0.517045 0.771307 0.345170 2.000000
0.382102 0.440341 0.380682 -1.000000
0.382102 0.440341 0.380682 -1.000000
0.546875 0.711648 0.335227 2.000000
0.680398 0.740057 0.319602 2.000000
0.745739 0.340909 0.342330 1.000000
0.072443 0.572443 0.295455 0.000000
0.492898 0.732955 0.339489 2.000000
0.761364 0.370739 0.346591 1.000000
0.490057 0.715909 0.359375 2.000000
0.609375 0.575284 0.393466 2.000000
0.231534 0.630682 0.319602 0.000000
0.892045 0.612216 0.323864 -1.000000
0.227273 0.505682 0.346591 0.000000
0.136364 0.414773 0.318182 -1.000000
0.762784 0.250000 0.330966 1.000000
0.225852 0.343750 0.346591 -1.000000
0.011364 0.436080 0.289773 0.000000
0.387784 0.906250 0.279830 -1.000000
0.715909 0.517045 0.370739 -1.000000
0.754261 0.678977 0.336648 2.000000
0.875000 0.276989 0.309659 1.000000
0.186080 0.306818 0.306818 3.000000
0.187500 0.723011 0.309659 0.000000
0.217330 0.541193 0.335227 0.000000
0.362216 0.245739 0.329545 3.000000
0.000000 0.355114 0.289773 -1.000000
0.186080 0.507102 0.328125 0.000000
0.420455 0.809659 0.318182 2.000000
0.330966 0.548295 0.363636 0.000000
0.546875 0.711648 0.335227 2.000000
0.627841 0.272727 0.386364 -1.000000
0.518466 0.178977 0.349432 3.000000
0.963068 0.467330 0.106534 -1.000000
0.819602 0.535511 0.348011 -1.000000
0.443182 0.451705 0.420455 3.000000
0.623580 0.734375 0.301136 2.000000
0.762784 0.250000 0.330966 1.000000
0.268466 0.481534 0.355114 -1.000000
0.268466 0.963068 0.286932 -1.000000
0.338068 0.528409 0.389205 -1.000000
0.248580 0.681818 0.315341 0.000000
0.815341 0.657670 0.339489 2.000000
0.292614 0.789773 0.319602 0.000000
0.377841 0.620739 0.372159 -1.000000
0.546875 0.711648 0.335227 2.000000
0.492898 0.250000 0.346591 3.000000
0.490057 0.792614 0.315341 2.000000
0.420455 0.809659 0.318182 2.000000
0.024148 0.357955 0.294034 -1.000000
0.806818 0.147727 0.315341 1.000000
0.231534 0.630682 0.319602 0.000000
0.420455 0.809659 0.318182 2.000000
0.642045 0.157670 0.357955 -1.000000
0.221591 0.272727 0.326705 -1.000000
0.744318 0.292614 0.343750 1.000000
0.532670 0.580966 0.387784 -1.000000
0.298295 0.424716 0.370739 -1.000000
0.463068 0.757102 0.349432 2.000000
0.362216 0.245739 0.329545 3.000000
0.799716 0.585227 0.355114 -1.000000
0.821023 0.602273 0.329545 -1.000000
0.019886 0.338068 0.288352 -1.000000
0.893466 0.272727 0.000000 -1.000000
0.419034 0.444602 0.419034 3.000000
0.312500 0.285511 0.353693 3.000000
0.637784 0.572443 0.386364 2.000000
0.497159 0.444602 0.431818 -1.000000
0.231534 0.630682 0.319602 0.000000
0.400568 0.806818 0.333807 2.000000
0.728693 0.572443 0.360795 -1.000000
0.335227 0.535511 0.372159 0.000000
0.781250 0.394886 0.349432 1.000000
0.485795 0.471591 0.430398 -1.000000
0.744318 0.292614 0.343750 1.000000
0.382102 0.440341 0.380682 -1.000000
0.443182 0.451705 0.420455 3.000000
0.812500 0.505682 0.336648 -1.000000
0.839489 0.416193 0.343750 1.000000
0.478693 0.332386 0.392045 3.000000
0.917614 0.524148 0.329545 -1.000000
0.438920 0.490057 0.414773 -1.000000
0.294034 0.906250 0.295455 -1.000000
0.745739 0.340909 0.342330 1.000000
0.386364 0.335227 0.352273 3.000000
0.377841 0.383523 0.384943 -1.000000
0.585227 0.335227 0.386364 -1.000000
0.744318 0.292614 0.343750 1.000000
0.259943 0.451705 0.369318 -1.000000
0.231534 0.630682 0.319602 0.000000
0.136364 0.414773 0.318182 -1.000000
0.730114 0.139205 0.313920 1.000000
0.639205 0.180398 0.352273 -1.000000
0.505682 0.132102 0.309659 3.000000
0.801136 0.522727 0.353693 -1.000000
0.727273 0.413352 0.375000 1.000000
0.745739 0.090909 0.325284 -1.000000
0.754261 0.678977 0.336648 2.000000
0.708807 0.071023 0.322443 -1.000000
0.647727 0.505682 0.406250 -1.000000
0.906250 0.421875 0.303977 1.000000
0.504261 0.153409 0.330966 3.000000
0.948864 0.383523 0.000000 -1.000000
0.525568 0.357955 0.413352 -1.000000
0.204545 0.623580 0.312500 0.000000
0.559659 0.558239 0.410511 -1.000000
0.546875 0.711648 0.335227 2.000000
0.328125 0.849432 0.332386 -1.000000
0.657670 0.173295 0.350852 -1.000000
0.606534 0.295455 0.390625 -1.000000
0.460227 0.598011 0.386364 -1.000000
0.279830 0.420455 0.360795 -1.000000
0.647727 0.093750 0.319602 -1.000000
0.626420 0.299716 0.377841 -1.000000
0.673295 0.613636 0.355114 2.000000
0.350852 0.785511 0.348011 -1.000000
0.673295 0.613636 0.355114 2.000000
0.534091 0.302557 0.400568 -1.000000
0.268466 0.963068 0.286932 -1.000000
0.322443 0.937500 0.312500 -1.000000
0.750000 0.745739 0.316761 2.000000
0.704545 0.079545 0.325284 -1.000000
0.362216 0.245739 0.329545 3.000000
0.085227 0.465909 0.301136 0.000000
0.227273 0.505682 0.346591 0.000000
0.419034 0.444602 0.419034 3.000000
0.637784 0.572443 0.386364 2.000000
0.596591 0.166193 0.329545 3.000000
0.436080 0.322443 0.352273 3.000000
0.268466 0.481534 0.355114 -1.000000
0.264205 0.359375 0.363636 -1.000000
0.606534 0.295455 0.390625 -1.000000
0.194602 0.340909 0.321023 3.000000
0.411932 0.230114 0.348011 3.000000
0.646307 0.713068 0.349432 2.000000
0.223011 0.384943 0.355114 -1.000000
0.519886 0.481534 0.427557 -1.000000
0.606534 0.295455 0.390625 -1.000000
0.416193 0.740057 0.376420 2.000000
0.397727 0.707386 0.359375 -1.000000
0.454545 0.883523 0.301136 2.000000
0.948864 0.383523 0.000000 -1.000000
0.194602 0.340909 0.321023 3.000000
0.600852 0.073864 0.323864 3.000000
0.850852 0.198864 0.282670 1.000000
0.595170 0.549716 0.379261 2.000000
0.911932 0.555398 0.316761 -1.000000
0.338068 0.528409 0.389205 -1.000000
0.539773 0.779830 0.328125 2.000000
0.319602 0.306818 0.359375 3.000000
0.169034 0.335227 0.316761 3.000000
0.623580 0.323864 0.373580 1.000000
0.322443 0.937500 0.312500 -1.000000
0.387784 0.579545 0.386364 -1.000000
0.490057 0.792614 0.315341 2.000000
0.186080 0.306818 0.306818 3.000000
0.397727 0.707386 0.359375 -1.000000
0.728693 0.572443 0.360795 -1.000000
0.647727 0.505682 0.406250 -1.000000
0.725852 0.106534 0.328125 -1.000000
0.235795 0.687500 0.318182 0.000000
0.443182 0.451705 0.420455 3.000000
0.193182 0.535511 0.339489 0.000000
0.948864 0.383523 0.000000 -1.000000
0.906250 0.421875 0.303977 1.000000
0.115057 0.468750 0.301136 0.000000
0.471591 0.184659 0.332386 3.000000
0.569602 0.169034 0.343750 3.000000
0.490057 0.507102 0.431818 -1.000000
0.419034 0.444602 0.419034 3.000000
0.096591 0.384943 0.318182 -1.000000
0.812500 0.505682 0.336648 -1.000000
0.744318 0.292614 0.343750 1.000000
0.400568 0.806818 0.333807 2.000000
0.490057 0.507102 0.431818 -1.000000
0.715909 0.517045 0.370739 -1.000000
0.720170 0.683239 0.319602 -1.000000
0.194602 0.340909 0.321023 3.000000
0.420455 0.809659 0.318182 2.000000
0.796875 0.646307 0.342330 -1.000000
0.595170 0.549716 0.379261 2.000000
0.352273 0.316761 0.348011 3.000000
0.268466 0.481534 0.355114 -1.000000
0.187500 0.656250 0.303977 0.000000
0.409091 0.286932 0.342330 3.000000
0.911932 0.555398 0.316761 -1.000000
0.948864 0.383523 0.000000 -1.000000
0.051136 0.541193 0.289773 0.000000
0.637784 0.572443 0.386364 2.000000
0.352273 0.316761 0.348011 3.000000
0.485795 0.524148 0.410511 -1.000000
0.204545 0.623580 0.312500 0.000000
0.292614 0.789773 0.319602 0.000000
0.569602 0.169034 0.343750 3.000000
0.626420 0.299716 0.377841 -1.000000
0.159091 0.481534 0.313920 0.000000
0.252841 0.710227 0.309659 0.000000
0.637784 0.572443 0.386364 2.000000
0.623580 0.734375 0.301136 2.000000
0.420455 0.809659 0.318182 2.000000
0.409091 0.286932 0.342330 3.000000
0.387784 0.579545 0.386364 -1.000000
0.390625 0.561080 0.417614 0.000000
0.046875 0.521307 0.288352 0.000000
0.460227 0.572443 0.407670 -1.000000
0.436080 0.339489 0.373580 3.000000
0.678977 0.667614 0.338068 2.000000
0.159091 0.481534 0.313920 0.000000
0.657670 0.173295 0.350852 -1.000000
0.893466 0.272727 0.000000 -1.000000
0.813920 0.140625 0.295455 1.000000
0.534091 0.302557 0.400568 -1.000000
0.289773 0.580966 0.369318 0.000000
0.485795 0.471591 0.430398 -1.000000
0.840909 0.207386 0.034091 -1.000000
0.720170 0.683239 0.319602 -1.000000
0.298295 0.424716 0.370739 -1.000000
0.193182 0.535511 0.339489 0.000000
0.193182 0.792614 0.301136 0.000000
0.776989 0.000000 0.309659 -1.000000
0.669034 0.218750 0.367898 -1.000000
0.494318 0.629261 0.359375 2.000000
0.813920 0.140625 0.295455 1.000000
0.231534 0.630682 0.319602 0.000000
0.812500 0.505682 0.336648 -1.000000
0.835227 0.150568 0.017045 -1.000000
0.728693 0.572443 0.360795 -1.000000
0.125000 0.701705 0.288352 0.000000
0.450284 0.573864 0.407670 -1.000000
0.424716 0.750000 0.333807 -1.000000
0.741477 0.642045 0.335227 -1.000000
0.377841 0.383523 0.384943 -1.000000
0.471591 0.184659 0.332386 3.000000
0.115057 0.468750 0.301136 0.000000
0.497159 0.532670 0.416193 -1.000000
0.732955 0.555398 0.377841 -1.000000
0.776989 0.000000 0.309659 -1.000000
0.504261 0.153409 0.330966 3.000000
0.741477 0.642045 0.335227 -1.000000
0.686080 0.740057 0.313920 2.000000
0.443182 0.451705 0.420455 3.000000
0.623580 0.573864 0.377841 2.000000
0.187500 0.656250 0.303977 0.000000
0.968750 0.573864 0.308239 -1.000000
0.588068 0.370739 0.400568 -1.000000
0.647727 0.505682 0.406250 -1.000000
0.607955 0.274148 0.367898 -1.000000
0.194602 0.340909 0.321023 3.000000
0.194602 0.517045 0.343750 0.000000
0.193182 0.792614 0.301136 0.000000
0.159091 0.481534 0.313920 0.000000
0.623580 0.734375 0.301136 2.000000
0.609375 0.575284 0.393466 2.000000
0.642045 0.157670 0.357955 -1.000000
0.659091 0.470170 0.387784 -1.000000
0.586648 0.730114 0.335227 2.000000
0.923295 0.428977 0.308239 1.000000
0.330966 0.548295 0.363636 0.000000
0.228693 0.619318 0.319602 0.000000
0.193182 0.792614 0.301136 0.000000
0.319602 0.330966 0.340909 -1.000000
0.335227 0.535511 0.372159 0.000000
0.051136 0.541193 0.289773 0.000000
0.526989 0.741477 0.333807 2.000000
0.460227 0.572443 0.407670 -1.000000
0.171875 0.636364 0.305398 0.000000
0.802557 0.276989 0.323864 1.000000
0.948864 0.383523 0.000000 -1.000000
0.125000 0.701705 0.288352 0.000000
0.491477 0.204545 0.323864 3.000000
0.460227 0.572443 0.407670 -1.000000
0.600852 0.705966 0.330966 2.000000
0.637784 0.572443 0.386364 2.000000
0.532670 0.580966 0.387784 -1.000000
0.607955 0.274148 0.367898 -1.000000
0.647727 0.093750 0.319602 -1.000000
0.909091 0.342330 0.242898 -1.000000
0.258523 0.379261 0.349432 -1.000000
0.350852 0.785511 0.348011 -1.000000
0.715909 0.223011 0.346591 1.000000
0.588068 0.677557 0.363636 2.000000
0.228693 0.619318 0.319602 0.000000
0.704545 0.079545 0.325284 -1.000000
0.725852 0.106534 0.328125 -1.000000
0.062500 0.322443 0.294034 3.000000
0.539773 0.779830 0.328125 2.000000
0.228693 0.748580 0.318182 0.000000
0.745739 0.090909 0.325284 -1.000000
0.319602 0.306818 0.359375 3.000000
0.821023 0.602273 0.329545 -1.000000
0.416193 0.198864 0.332386 3.000000
0.541193 0.377841 0.410511 -1.000000
0.759943 0.708807 0.321023 2.000000
0.754261 0.678977 0.336648 2.000000
0.794034 0.572443 0.352273 -1.000000
0.893466 0.272727 0.000000 -1.000000
0.866477 0.548295 0.340909 -1.000000
0.799716 0.224432 0.309659 1.000000
0.639205 0.180398 0.352273 -1.000000
0.642045 0.157670 0.357955 -1.000000
0.822443 0.330966 0.316761 1.000000
0.497159 0.532670 0.416193 -1.000000
0.377841 0.383523 0.384943 -1.000000
0.606534 0.295455 0.390625 -1.000000
0.632102 0.755682 0.336648 2.000000
0.204545 0.623580 0.312500 0.000000
0.769886 0.414773 0.362216 1.000000
0.399148 0.680398 0.360795 -1.000000
0.727273 0.413352 0.375000 1.000000
0.319602 0.306818 0.359375 3.000000
0.382102 0.440341 0.380682 -1.000000
0.424716 0.750000 0.333807 -1.000000
0.639205 0.180398 0.352273 -1.000000
0.892045 0.612216 0.323864 -1.000000
0.647727 0.093750 0.319602 -1.000000
0.288352 0.343750 0.359375 -1.000000
0.676136 0.167614 0.342330 -1.000000
0.471591 0.184659 0.332386 3.000000
0.471591 0.869318 0.313920 2.000000
0.428977 0.275568 0.338068 3.000000
0.463068 0.639205 0.397727 -1.000000
0.228693 0.619318 0.319602 0.000000
0.340909 0.196023 0.323864 3.000000
0.509943 0.541193 0.427557 -1.000000
0.575284 0.140625 0.330966 3.000000
0.754261 0.678977 0.336648 2.000000
0.357955 0.826705 0.323864 -1.000000
0.690341 0.458807 0.377841 1.000000
0.397727 0.659091 0.372159 -1.000000
0.626420 0.299716 0.377841 -1.000000
0.319602 0.306818 0.359375 3.000000
0.046875 0.521307 0.288352 0.000000
0.505682 0.132102 0.309659 3.000000
0.509943 0.170455 0.333807 3.000000
0.607955 0.274148 0.367898 -1.000000
0.680398 0.740057 0.319602 2.000000
0.305398 0.333807 0.363636 -1.000000
0.931818 0.451705 0.316761 1.000000
0.953125 0.465909 0.313920 1.000000
0.509943 0.170455 0.333807 3.000000
0.159091 0.509943 0.309659 0.000000
0.563920 0.167614 0.350852 3.000000
0.623580 0.734375 0.301136 2.000000
0.630682 0.386364 0.382102 1.000000
0.085227 0.465909 0.301136 0.000000
0.563920 0.167614 0.350852 3.000000
0.968750 0.573864 0.308239 -1.000000
0.508523 0.590909 0.367898 2.000000
0.438920 0.490057 0.414773 -1.000000
0.799716 0.585227 0.355114 -1.000000
0.563920 0.167614 0.350852 3.000000
0.491477 0.204545 0.323864 3.000000
0.923295 0.428977 0.308239 1.000000
0.725852 0.106534 0.328125 -1.000000
0.319602 0.330966 0.340909 -1.000000
0.234375 0.755682 0.299716 0.000000
0.968750 0.531250 0.303977 -1.000000
0.181818 0.427557 0.332386 -1.000000
0.585227 0.335227 0.386364 -1.000000
0.622159 0.501420 0.389205 -1.000000
0.647727 0.093750 0.319602 -1.000000
0.637784 0.572443 0.386364 2.000000
0.085227 0.465909 0.301136 0.000000
0.785511 0.322443 0.330966 1.000000
0.399148 0.680398 0.360795 -1.000000
0.436080 0.322443 0.352273 3.000000
0.406250 0.207386 0.322443 3.000000
0.436080 0.322443 0.352273 3.000000
0.143466 0.450284 0.319602 0.000000
0.169034 0.335227 0.316761 3.000000
0.907670 0.394886 0.302557 1.000000
0.509943 0.541193 0.427557 -1.000000
0.626420 0.299716 0.377841 -1.000000
0.963068 0.467330 0.106534 -1.000000
0.799716 0.224432 0.309659 1.000000
0.235795 0.687500 0.318182 0.000000
0.732955 0.555398 0.377841 -1.000000
0.667614 0.400568 0.387784 1.000000
0.159091 0.509943 0.309659 0.000000
0.659091 0.470170 0.387784 -1.000000
0.526989 0.741477 0.333807 2.000000
0.284091 0.943182 0.308239 -1.000000
0.096591 0.552557 0.281250 0.000000
0.204545 0.623580 0.312500 0.000000
0.615057 0.328125 0.397727 -1.000000
0.387784 0.579545 0.386364 -1.000000
0.505682 0.478693 0.428977 -1.000000
0.623580 0.734375 0.301136 2.000000
0.730114 0.139205 0.313920 1.000000
0.754261 0.678977 0.336648 2.000000
0.909091 0.342330 0.242898 -1.000000
0.623580 0.573864 0.377841 2.000000
0.822443 0.330966 0.316761 1.000000
0.680398 0.740057 0.319602 2.000000
0.494318 0.629261 0.359375 2.000000
0.805398 0.711648 0.321023 2.000000
0.519886 0.481534 0.427557 -1.000000
0.372159 0.758523 0.357955 -1.000000
0.686080 0.740057 0.313920 2.000000
0.156250 0.724432 0.295455 0.000000
0.492898 0.732955 0.339489 2.000000
0.454545 0.883523 0.301136 2.000000
0.490057 0.792614 0.315341 2.000000
0.623580 0.734375 0.301136 2.000000
0.497159 0.444602 0.431818 -1.000000
0.762784 0.250000 0.330966 1.000000
0.490057 0.507102 0.431818 -1.000000
0.900568 0.434659 0.318182 1.000000
0.322443 0.937500 0.312500 -1.000000
0.397727 0.707386 0.359375 -1.000000
0.541193 0.377841 0.410511 -1.000000
0.678977 0.667614 0.338068 2.000000
0.704545 0.079545 0.325284 -1.000000
0.750000 0.745739 0.316761 2.000000
0.805398 0.711648 0.321023 2.000000
0.960227 0.524148 0.305398 -1.000000
0.463068 0.639205 0.397727 -1.000000
0.848011 0.484375 0.343750 1.000000
0.626420 0.299716 0.377841 -1.000000
0.623580 0.573864 0.377841 2.000000
0.571023 0.433239 0.424716 -1.000000
0.377841 0.383523 0.384943 -1.000000
0.234375 0.755682 0.299716 0.000000
0.000000 0.355114 0.289773 -1.000000
0.728693 0.572443 0.360795 -1.000000
0.294034 0.906250 0.295455 -1.000000
0.794034 0.517045 0.349432 -1.000000
0.438920 0.490057 0.414773 -1.000000
0.115057 0.468750 0.301136 0.000000
0.799716 0.224432 0.309659 1.000000
0.259943 0.451705 0.369318 -1.000000
0.762784 0.250000 0.330966 1.000000
0.801136 0.522727 0.353693 -1.000000
0.920455 0.451705 0.316761 1.000000
0.481534 0.164773 0.305398 3.000000
0.312500 0.346591 0.343750 -1.000000
0.333807 0.717330 0.376420 -1.000000
0.258523 0.379261 0.349432 -1.000000
0.504261 0.153409 0.330966 3.000000
0.781250 0.394886 0.349432 1.000000
0.011364 0.436080 0.289773 0.000000
0.416193 0.198864 0.332386 3.000000
0.397727 0.659091 0.372159 -1.000000
0.703125 0.362216 0.362216 1.000000
0.296875 0.909091 0.325284 -1.000000
0.870739 0.319602 0.315341 1.000000
0.289773 0.580966 0.369318 0.000000
0.620739 0.762784 0.303977 2.000000
0.559659 0.558239 0.410511 -1.000000
0.143466 0.450284 0.319602 0.000000
0.754261 0.007102 0.086648 -1.000000
0.234375 0.755682 0.299716 0.000000
0.751420 0.375000 0.355114 1.000000
0.534091 0.302557 0.400568 -1.000000
0.193182 0.535511 0.339489 0.000000
0.231534 0.630682 0.319602 0.000000
0.362216 0.245739 0.329545 3.000000
0.669034 0.218750 0.367898 -1.000000
0.526989 0.741477 0.333807 2.000000
0.490057 0.507102 0.431818 -1.000000
0.623580 0.573864 0.377841 2.000000
0.274148 0.958807 0.313920 -1.000000
0.703125 0.362216 0.362216 1.000000
0.850852 0.198864 0.282670 1.000000
0.539773 0.779830 0.328125 2.000000
0.231534 0.630682 0.319602 0.000000
0.806818 0.147727 0.315341 1.000000
0.585227 0.335227 0.386364 -1.000000
0.156250 0.724432 0.295455 0.000000
0.615057 0.328125 0.397727 -1.000000
0.605114 0.446023 0.413352 -1.000000
0.588068 0.370739 0.400568 -1.000000
0.656250 0.127841 0.329545 -1.000000
0.485795 0.471591 0.430398 -1.000000
0.322443 0.937500 0.312500 -1.000000
0.813920 0.140625 0.295455 1.000000
0.194602 0.517045 0.343750 0.000000
0.490057 0.507102 0.431818 -1.000000
0.539773 0.373580 0.423295 -1.000000
0.762784 0.250000 0.330966 1.000000
0.390625 0.561080 0.417614 0.000000
0.305398 0.333807 0.363636 -1.000000
0.732955 0.555398 0.377841 -1.000000
0.171875 0.636364 0.305398 0.000000
0.781250 0.394886 0.349432 1.000000
0.707386 0.245739 0.346591 1.000000
0.822443 0.330966 0.316761 1.000000
0.715909 0.517045 0.370739 -1.000000
0.416193 0.740057 0.376420 2.000000
0.848011 0.553977 0.330966 -1.000000
0.968750 0.531250 0.303977 -1.000000
0.194602 0.517045 0.343750 0.000000
0.373580 0.742898 0.353693 -1.000000
0.296875 0.761364 0.340909 0.000000
0.808239 0.261364 0.323864 1.000000
0.794034 0.517045 0.349432 -1.000000
0.596591 0.166193 0.329545 3.000000
0.846591 0.544034 0.346591 -1.000000
0.386364 0.335227 0.352273 3.000000
0.399148 0.680398 0.360795 -1.000000
0.443182 0.637784 0.390625 -1.000000
0.717330 0.379261 0.359375 1.000000
0.799716 0.224432 0.309659 1.000000
0.292614 0.382102 0.357955 3.000000
0.051136 0.541193 0.289773 0.000000
0.822443 0.330966 0.316761 1.000000
0.485795 0.471591 0.430398 -1.000000
0.096591 0.552557 0.281250 0.000000
0.159091 0.509943 0.309659 0.000000
0.799716 0.585227 0.355114 -1.000000
0.460227 0.598011 0.386364 -1.000000
0.460227 0.598011 0.386364 -1.000000
0.626420 0.563920 0.370739 2.000000
0.115057 0.468750 0.301136 0.000000
0.250000 0.526989 0.352273 0.000000
0.848011 0.553977 0.330966 -1.000000
0.397727 0.707386 0.359375 -1.000000
0.963068 0.467330 0.106534 -1.000000
0.963068 0.467330 0.106534 -1.000000
0.140625 0.592330 0.303977 0.000000
0.607955 0.274148 0.367898 -1.000000
0.463068 0.757102 0.349432 2.000000
0.294034 0.906250 0.295455 -1.000000
0.575284 0.140625 0.330966 3.000000
0.319602 0.330966 0.340909 -1.000000
0.072443 0.572443 0.295455 0.000000
0.115057 0.468750 0.301136 0.000000
0.727273 0.413352 0.375000 1.000000
0.292614 0.789773 0.319602 0.000000
0.659091 0.470170 0.387784 -1.000000
0.953125 0.465909 0.313920 1.000000
0.235795 0.687500 0.318182 0.000000
0.875000 0.276989 0.309659 1.000000
0.856534 0.502841 0.328125 1.000000
0.596591 0.166193 0.329545 3.000000
0.596591 0.166193 0.329545 3.000000
0.623580 0.734375 0.301136 2.000000
0.011364 0.436080 0.289773 0.000000
0.491477 0.204545 0.323864 3.000000
0.232955 0.566761 0.355114 0.000000
0.011364 0.436080 0.289773 0.000000
0.707386 0.245739 0.346591 1.000000
0.806818 0.147727 0.315341 1.000000
0.387784 0.906250 0.279830 -1.000000
0.221591 0.272727 0.326705 -1.000000
0.217330 0.541193 0.335227 0.000000
0.409091 0.286932 0.342330 3.000000
0.471591 0.869318 0.313920 2.000000
0.143466 0.450284 0.319602 0.000000
0.387784 0.579545 0.386364 -1.000000
0.968750 0.573864 0.308239 -1.000000
0.338068 0.528409 0.389205 -1.000000
0.282670 0.653409 0.338068 0.000000
0.259943 0.451705 0.369318 -1.000000
0.754261 0.678977 0.336648 2.000000
0.998580 0.615057 0.308239 -1.000000
0.600852 0.705966 0.330966 2.000000
0.377841 0.383523 0.384943 -1.000000
0.352273 0.316761 0.348011 3.000000
0.357955 0.826705 0.323864 -1.000000
0.806818 0.147727 0.315341 1.000000
0.231534 0.630682 0.319602 0.000000
0.571023 0.433239 0.424716 -1.000000
0.096591 0.552557 0.281250 0.000000
0.460227 0.598011 0.386364 -1.000000
0.609375 0.575284 0.393466 2.000000
0.622159 0.501420 0.389205 -1.000000
0.623580 0.734375 0.301136 2.000000
0.559659 0.558239 0.410511 -1.000000
0.750000 0.745739 0.316761 2.000000
0.296875 0.761364 0.340909 0.000000
0.546875 0.711648 0.335227 2.000000
0.350852 0.785511 0.348011 -1.000000
0.900568 0.382102 0.313920 1.000000
0.776989 0.000000 0.309659 -1.000000
0.715909 0.517045 0.370739 -1.000000
0.125000 0.701705 0.288352 0.000000
0.505682 0.132102 0.309659 3.000000
0.326705 0.494318 0.375000 -1.000000
0.998580 0.615057 0.308239 -1.000000
0.710227 0.620739 0.345170 -1.000000
0.058239 0.396307 0.301136 -1.000000
0.248580 0.681818 0.315341 0.000000
0.296875 0.539773 0.353693 0.000000
0.187500 0.656250 0.303977 0.000000
0.420455 0.809659 0.318182 2.000000
0.637784 0.572443 0.386364 2.000000
0.727273 0.187500 0.339489 1.000000
0.340909 0.196023 0.323864 3.000000
0.524148 0.321023 0.389205 -1.000000
0.595170 0.549716 0.379261 2.000000
0.815341 0.180398 0.311080 1.000000
0.322443 0.937500 0.312500 -1.000000
0.534091 0.302557 0.400568 -1.000000
0.497159 0.444602 0.431818 -1.000000
0.463068 0.757102 0.349432 2.000000
0.856534 0.502841 0.328125 1.000000
0.646307 0.713068 0.349432 2.000000
0.785511 0.322443 0.330966 1.000000
0.744318 0.292614 0.343750 1.000000
0.917614 0.524148 0.329545 -1.000000
0.742898 0.336648 0.342330 1.000000
0.471591 0.326705 0.363636 3.000000
0.759943 0.708807 0.321023 2.000000
0.686080 0.740057 0.313920 2.000000
0.352273 0.316761 0.348011 3.000000
0.292614 0.789773 0.319602 0.000000
0.305398 0.333807 0.363636 -1.000000
0.169034 0.335227 0.316761 3.000000
0.386364 0.335227 0.352273 3.000000
0.595170 0.549716 0.379261 2.000000
0.186080 0.306818 0.306818 3.000000
0.416193 0.198864 0.332386 3.000000
0.639205 0.180398 0.352273 -1.000000
0.340909 0.196023 0.323864 3.000000
0.390625 0.561080 0.417614 0.000000
0.715909 0.517045 0.370739 -1.000000
0.840909 0.207386 0.034091 -1.000000
0.362216 0.245739 0.329545 3.000000
0.531250 0.190341 0.342330 3.000000
0.647727 0.093750 0.319602 -1.000000
0.907670 0.394886 0.302557 1.000000
0.794034 0.572443 0.352273 -1.000000
0.900568 0.382102 0.313920 1.000000
0.835227 0.150568 0.017045 -1.000000
0.328125 0.849432 0.332386 -1.000000
0.801136 0.522727 0.353693 -1.000000
0.397727 0.659091 0.372159 -1.000000
0.282670 0.653409 0.338068 0.000000
0.892045 0.380682 0.305398 1.000000
0.715909 0.223011 0.346591 1.000000
0.846591 0.544034 0.346591 -1.000000
0.745739 0.340909 0.342330 1.000000
0.998580 0.615057 0.308239 -1.000000
0.409091 0.286932 0.342330 3.000000
0.585227 0.335227 0.386364 -1.000000
0.840909 0.207386 0.034091 -1.000000
0.058239 0.396307 0.301136 -1.000000
0.656250 0.127841 0.329545 -1.000000
0.490057 0.715909 0.359375 2.000000
0.279830 0.772727 0.311080 0.000000
0.159091 0.509943 0.309659 0.000000
0.522727 0.784091 0.322443 2.000000
0.268466 0.963068 0.286932 -1.000000
0.676136 0.167614 0.342330 -1.000000
0.282670 0.653409 0.338068 0.000000
0.794034 0.572443 0.352273 -1.000000
0.762784 0.250000 0.330966 1.000000
0.225852 0.343750 0.346591 -1.000000
0.485795 0.524148 0.410511 -1.000000
0.436080 0.339489 0.373580 3.000000
0.794034 0.517045 0.349432 -1.000000
0.805398 0.610795 0.350852 2.000000
0.643466 0.522727 0.387784 -1.000000
0.508523 0.590909 0.367898 2.000000
0.953125 0.465909 0.313920 1.000000
0.596591 0.166193 0.329545 3.000000
0.626420 0.563920 0.370739 2.000000
0.420455 0.809659 0.318182 2.000000
0.819602 0.535511 0.348011 -1.000000
0.259943 0.451705 0.369318 -1.000000
0.561080 0.436080 0.421875 -1.000000
0.382102 0.440341 0.380682 -1.000000
0.676136 0.167614 0.342330 -1.000000
0.623580 0.323864 0.373580 1.000000
0.409091 0.286932 0.342330 3.000000
0.399148 0.680398 0.360795 -1.000000
0.194602 0.781250 0.295455 0.000000
0.563920 0.673295 0.366477 2.000000
0.406250 0.207386 0.322443 3.000000
0.497159 0.444602 0.431818 -1.000000
0.571023 0.433239 0.424716 -1.000000
0.588068 0.677557 0.363636 2.000000
0.492898 0.732955 0.339489 2.000000
0.000000 0.355114 0.289773 -1.000000
0.637784 0.572443 0.386364 2.000000
0.406250 0.207386 0.322443 3.000000
0.228693 0.619318 0.319602 0.000000
0.586648 0.730114 0.335227 2.000000
0.228693 0.619318 0.319602 0.000000
0.296875 0.539773 0.353693 0.000000
0.382102 0.877841 0.311080 2.000000
0.657670 0.173295 0.350852 -1.000000
0.259943 0.451705 0.369318 -1.000000
0.181818 0.427557 0.332386 -1.000000
0.856534 0.502841 0.328125 1.000000
0.906250 0.421875 0.303977 1.000000
0.626420 0.299716 0.377841 -1.000000
0.821023 0.602273 0.329545 -1.000000
0.623580 0.323864 0.373580 1.000000
0.595170 0.549716 0.379261 2.000000
0.011364 0.436080 0.289773 0.000000
0.397727 0.659091 0.372159 -1.000000
0.541193 0.377841 0.410511 -1.000000
0.019886 0.338068 0.288352 -1.000000
0.968750 0.573864 0.308239 -1.000000
0.785511 0.322443 0.330966 1.000000
0.252841 0.710227 0.309659 0.000000
0.596591 0.166193 0.329545 3.000000
0.268466 0.963068 0.286932 -1.000000
0.531250 0.190341 0.342330 3.000000
0.707386 0.245739 0.346591 1.000000
0.024148 0.357955 0.294034 -1.000000
0.258523 0.379261 0.349432 -1.000000
0.416193 0.740057 0.376420 2.000000
0.352273 0.316761 0.348011 3.000000
0.282670 0.653409 0.338068 0.000000
0.024148 0.357955 0.294034 -1.000000
0.436080 0.339489 0.373580 3.000000
0.657670 0.173295 0.350852 -1.000000
0.428977 0.275568 0.338068 3.000000
0.228693 0.748580 0.318182 0.000000
0.900568 0.434659 0.318182 1.000000
0.764205 0.707386 0.312500 2.000000
0.805398 0.711648 0.321023 2.000000
0.362216 0.245739 0.329545 3.000000
0.586648 0.730114 0.335227 2.000000
0.024148 0.357955 0.294034 -1.000000
0.159091 0.481534 0.313920 0.000000
0.186080 0.507102 0.328125 0.000000
0.136364 0.414773 0.318182 -1.000000
0.819602 0.535511 0.348011 -1.000000
0.761364 0.370739 0.346591 1.000000
0.609375 0.575284 0.393466 2.000000
0.806818 0.147727 0.315341 1.000000
0.541193 0.377841 0.410511 -1.000000
0.264205 0.359375 0.363636 -1.000000
0.953125 0.465909 0.313920 1.000000
0.588068 0.677557 0.363636 2.000000
0.769886 0.414773 0.362216 1.000000
0.960227 0.524148 0.305398 -1.000000
0.159091 0.481534 0.313920 0.000000
0.143466 0.349432 0.322443 -1.000000
0.463068 0.757102 0.349432 2.000000
0.443182 0.637784 0.390625 -1.000000
0.802557 0.556818 0.360795 -1.000000
0.519886 0.481534 0.427557 -1.000000
0.917614 0.524148 0.329545 -1.000000
0.397727 0.659091 0.372159 -1.000000
0.657670 0.173295 0.350852 -1.000000
0.156250 0.724432 0.295455 0.000000
0.428977 0.275568 0.338068 3.000000
0.856534 0.502841 0.328125 1.000000
0.264205 0.359375 0.363636 -1.000000
0.725852 0.106534 0.328125 -1.000000
0.000000 0.355114 0.289773 -1.000000
0.051136 0.541193 0.289773 0.000000
0.228693 0.619318 0.319602 0.000000
0.424716 0.750000 0.333807 -1.000000
0.322443 0.937500 0.312500 -1.000000
0.268466 0.963068 0.286932 -1.000000
0.680398 0.740057 0.319602 2.000000
0.509943 0.170455 0.333807 3.000000
0.319602 0.306818 0.359375 3.000000
0.000000 0.355114 0.289773 -1.000000
0.399148 0.680398 0.360795 -1.000000
0.630682 0.386364 0.382102 1.000000
0.669034 0.218750 0.367898 -1.000000
0.235795 0.687500 0.318182 0.000000
0.647727 0.505682 0.406250 -1.000000
0.159091 0.481534 0.313920 0.000000
0.727273 0.413352 0.375000 1.000000
0.509943 0.170455 0.333807 3.000000
0.690341 0.458807 0.377841 1.000000
0.802557 0.276989 0.323864 1.000000
0.620739 0.762784 0.303977 2.000000
0.231534 0.630682 0.319602 0.000000
0.248580 0.681818 0.315341 0.000000
0.575284 0.140625 0.330966 3.000000
0.515625 0.845170 0.262784 2.000000
0.186080 0.306818 0.306818 3.000000
0.647727 0.093750 0.319602 -1.000000
0.923295 0.428977 0.308239 1.000000
0.382102 0.877841 0.311080 2.000000
0.754261 0.678977 0.336648 2.000000
0.443182 0.451705 0.420455 3.000000
0.504261 0.153409 0.330966 3.000000
0.667614 0.400568 0.387784 1.000000
0.727273 0.187500 0.339489 1.000000
0.305398 0.333807 0.363636 -1.000000
0.745739 0.090909 0.325284 -1.000000
0.177557 0.632102 0.302557 0.000000
0.526989 0.741477 0.333807 2.000000
0.690341 0.458807 0.377841 1.000000
0.288352 0.343750 0.359375 -1.000000
0.539773 0.779830 0.328125 2.000000
0.289773 0.580966 0.369318 0.000000
0.279830 0.420455 0.360795 -1.000000
0.299716 0.220170 0.329545 3.000000
0.673295 0.613636 0.355114 2.000000
0.643466 0.522727 0.387784 -1.000000
0.505682 0.132102 0.309659 3.000000
0.893466 0.272727 0.000000 -1.000000
0.509943 0.170455 0.333807 3.000000
0.463068 0.757102 0.349432 2.000000
0.715909 0.517045 0.370739 -1.000000
0.227273 0.505682 0.346591 0.000000
0.835227 0.150568 0.017045 -1.000000
0.968750 0.573864 0.308239 -1.000000
0.335227 0.535511 0.372159 0.000000
0.250000 0.526989 0.352273 0.000000
0.953125 0.465909 0.313920 1.000000
0.416193 0.198864 0.332386 3.000000
0.805398 0.610795 0.350852 2.000000
0.204545 0.623580 0.312500 0.000000
0.319602 0.306818 0.359375 3.000000
0.186080 0.306818 0.306818 3.000000
0.450284 0.573864 0.407670 -1.000000
0.436080 0.322443 0.352273 3.000000
0.600852 0.073864 0.323864 3.000000
0.856534 0.502841 0.328125 1.000000
0.485795 0.471591 0.430398 -1.000000
0.541193 0.377841 0.410511 -1.000000
0.024148 0.357955 0.294034 -1.000000
0.725852 0.106534 0.328125 -1.000000
0.866477 0.548295 0.340909 -1.000000
0.559659 0.558239 0.410511 -1.000000
0.390625 0.561080 0.417614 0.000000
0.819602 0.535511 0.348011 -1.000000
0.623580 0.573864 0.377841 2.000000
0.759943 0.708807 0.321023 2.000000
0.228693 0.619318 0.319602 0.000000
0.620739 0.762784 0.303977 2.000000
0.715909 0.517045 0.370739 -1.000000
0.387784 0.906250 0.279830 -1.000000
0.717330 0.379261 0.359375 1.000000
0.815341 0.657670 0.339489 2.000000
0.788352 0.235795 0.322443 1.000000
0.421875 0.376420 0.373580 3.000000
0.606534 0.295455 0.390625 -1.000000
0.727273 0.413352 0.375000 1.000000
0.546875 0.711648 0.335227 2.000000
0.333807 0.717330 0.376420 -1.000000
0.595170 0.549716 0.379261 2.000000
0.659091 0.470170 0.387784 -1.000000
0.492898 0.732955 0.339489 2.000000
0.485795 0.471591 0.430398 -1.000000
0.626420 0.299716 0.377841 -1.000000
0.850852 0.198864 0.282670 1.000000
0.428977 0.275568 0.338068 3.000000
0.609375 0.575284 0.393466 2.000000
0.330966 0.548295 0.363636 0.000000
0.420455 0.809659 0.318182 2.000000
0.436080 0.339489 0.373580 3.000000
0.875000 0.276989 0.309659 1.000000
0.559659 0.558239 0.410511 -1.000000
0.133523 0.589489 0.298295 0.000000
0.892045 0.612216 0.323864 -1.000000
0.296875 0.909091 0.325284 -1.000000
0.292614 0.789773 0.319602 0.000000
0.556818 0.376420 0.397727 -1.000000
0.710227 0.620739 0.345170 -1.000000
0.177557 0.632102 0.302557 0.000000
0.294034 0.906250 0.295455 -1.000000
0.517045 0.771307 0.345170 2.000000
0.416193 0.198864 0.332386 3.000000
0.292614 0.382102 0.357955 3.000000
0.761364 0.370739 0.346591 1.000000
0.232955 0.566761 0.355114 0.000000
0.373580 0.742898 0.353693 -1.000000
0.819602 0.535511 0.348011 -1.000000
0.289773 0.580966 0.369318 0.000000
0.143466 0.349432 0.322443 -1.000000
0.169034 0.335227 0.316761 3.000000
0.223011 0.384943 0.355114 -1.000000
0.416193 0.666193 0.389205 -1.000000
0.289773 0.580966 0.369318 0.000000
0.019886 0.338068 0.288352 -1.000000
0.250000 0.526989 0.352273 0.000000
0.615057 0.328125 0.397727 -1.000000
0.443182 0.637784 0.390625 -1.000000
0.454545 0.883523 0.301136 2.000000
0.968750 0.531250 0.303977 -1.000000
0.794034 0.572443 0.352273 -1.000000
0.860795 0.274148 0.012784 -1.000000
0.588068 0.677557 0.363636 2.000000
0.693182 0.470170 0.390625 1.000000
0.268466 0.963068 0.286932 -1.000000
0.428977 0.275568 0.338068 3.000000
0.232955 0.566761 0.355114 0.000000
0.370739 0.835227 0.336648 2.000000
0.234375 0.755682 0.299716 0.000000
0.478693 0.332386 0.392045 3.000000
0.892045 0.380682 0.305398 1.000000
0.490057 0.792614 0.315341 2.000000
0.268466 0.481534 0.355114 -1.000000
0.754261 0.007102 0.086648 -1.000000
0.632102 0.755682 0.336648 2.000000
0.096591 0.384943 0.318182 -1.000000
0.194602 0.340909 0.321023 3.000000
0.377841 0.620739 0.372159 -1.000000
0.478693 0.332386 0.392045 3.000000
0.900568 0.382102 0.313920 1.000000
0.571023 0.433239 0.424716 -1.000000
0.264205 0.359375 0.363636 -1.000000
0.856534 0.502841 0.328125 1.000000
0.319602 0.306818 0.359375 3.000000
0.504261 0.153409 0.330966 3.000000
0.632102 0.755682 0.336648 2.000000
0.284091 0.943182 0.308239 -1.000000
0.517045 0.771307 0.345170 2.000000
0.008523 0.399148 0.291193 -1.000000
0.588068 0.370739 0.400568 -1.000000
0.623580 0.734375 0.301136 2.000000
0.715909 0.223011 0.346591 1.000000
0.382102 0.440341 0.380682 -1.000000
0.471591 0.326705 0.363636 3.000000
0.848011 0.484375 0.343750 1.000000
0.370739 0.835227 0.336648 2.000000
0.377841 0.620739 0.372159 -1.000000
0.732955 0.555398 0.377841 -1.000000
0.382102 0.877841 0.311080 2.000000
0.397727 0.707386 0.359375 -1.000000
0.377841 0.383523 0.384943 -1.000000
0.607955 0.274148 0.367898 -1.000000
0.794034 0.572443 0.352273 -1.000000
0.646307 0.713068 0.349432 2.000000
0.008523 0.399148 0.291193 -1.000000
0.600852 0.073864 0.323864 3.000000
0.279830 0.420455 0.360795 -1.000000
0.620739 0.762784 0.303977 2.000000
0.051136 0.541193 0.289773 0.000000
0.630682 0.386364 0.382102 1.000000
0.745739 0.090909 0.325284 -1.000000
0.860795 0.274148 0.012784 -1.000000
0.539773 0.779830 0.328125 2.000000
0.397727 0.659091 0.372159 -1.000000
0.948864 0.383523 0.000000 -1.000000
0.509943 0.170455 0.333807 3.000000
0.805398 0.711648 0.321023 2.000000
0.667614 0.400568 0.387784 1.000000
0.906250 0.421875 0.303977 1.000000
0.221591 0.272727 0.326705 -1.000000
0.193182 0.535511 0.339489 0.000000
