0.241901 0.722334 0.425347 1.000000
0.205002 0.359587 0.430701 4.000000
0.467239 0.459518 0.441670 3.000000
0.262490 0.755751 0.415598 1.000000
0.190318 0.354468 0.430599 4.000000
0.204975 0.366895 0.431092 4.000000
0.244573 0.704513 0.426051 1.000000
0.209137 0.355224 0.431897 4.000000
-10.000000 -10.000000 -10.000000 1.000000
-10.000000 -10.000000 -10.000000 3.000000
-10.000000 -10.000000 -10.000000 0.000000
-10.000000 -10.000000 -10.000000 0.000000
0.474592 0.470557 0.431378 3.000000
0.251328 0.713979 0.425367 1.000000
-10.000000 -10.000000 -10.000000 0.000000
-10.000000 -10.000000 -10.000000 0.000000
0.425834 0.154766 0.434136 2.000000
0.202150 0.398484 0.425579 4.000000
-10.000000 -10.000000 -10.000000 1.000000
-10.000000 -10.000000 -10.000000 2.000000
-10.000000 -10.000000 -10.000000 0.000000
0.410427 0.130519 0.421044 2.000000
0.203544 0.367863 0.430519 4.000000
0.483265 0.480075 0.437678 3.000000
0.203234 0.371287 0.432204 4.000000
-10.000000 -10.000000 -10.000000 0.000000
0.424640 0.132021 0.421798 2.000000
0.467764 0.469388 0.444865 3.000000
0.431285 0.142401 0.422121 2.000000
0.202463 0.390749 0.431223 4.000000
0.483496 0.458488 0.433180 3.000000
0.210055 0.364201 0.430694 4.000000
-10.000000 -10.000000 -10.000000 0.000000
0.198791 0.382027 0.434234 4.000000
0.205000 0.391903 0.429410 4.000000
0.223532 0.740557 0.405694 1.000000
0.210054 0.378174 0.432317 4.000000
0.442556 0.149044 0.422098 2.000000
0.469672 0.464640 0.440047 3.000000
0.206088 0.374958 0.431959 4.000000
-10.000000 -10.000000 -10.000000 1.000000
0.200139 0.378931 0.428295 4.000000
0.208065 0.357791 0.430368 4.000000
0.208347 0.423584 0.425134 4.000000
-10.000000 -10.000000 -10.000000 3.000000
0.488949 0.496766 0.429605 3.000000
-10.000000 -10.000000 -10.000000 2.000000
0.477837 0.496198 0.434621 3.000000
0.216174 0.399673 0.426040 4.000000
0.200717 0.365524 0.426196 4.000000
0.434475 0.142060 0.432119 2.000000
0.470978 0.499226 0.426776 0.000000
-10.000000 -10.000000 -10.000000 3.000000
0.229938 0.708226 0.422951 1.000000
0.475234 0.469406 0.442411 3.000000
0.247614 0.704601 0.428295 1.000000
0.243367 0.723337 0.424688 1.000000
0.480804 0.474737 0.437078 3.000000
-10.000000 -10.000000 -10.000000 0.000000
0.428293 0.150508 0.423360 2.000000
-10.000000 -10.000000 -10.000000 0.000000
-10.000000 -10.000000 -10.000000 1.000000
0.421274 0.154745 0.434892 2.000000
0.475960 0.472180 0.435863 3.000000
0.242448 0.697248 0.425602 1.000000
0.215242 0.395203 0.427359 4.000000
0.248568 0.721558 0.424015 1.000000
0.478514 0.466764 0.436465 3.000000
0.479567 0.516674 0.427515 3.000000
0.484866 0.465912 0.435963 3.000000
0.187604 0.383786 0.427366 4.000000
0.220495 0.368062 0.440034 4.000000
0.475332 0.471725 0.436289 3.000000
0.213381 0.369280 0.433774 4.000000
-10.000000 -10.000000 -10.000000 0.000000
0.223277 0.375127 0.438857 4.000000
-10.000000 -10.000000 -10.000000 3.000000
0.471353 0.469141 0.436756 3.000000
-10.000000 -10.000000 -10.000000 0.000000
0.426189 0.142678 0.423803 2.000000
0.431594 0.146096 0.431166 2.000000
-10.000000 -10.000000 -10.000000 0.000000
-10.000000 -10.000000 -10.000000 2.000000
0.477091 0.522713 0.423393 3.000000
0.252910 0.724254 0.425315 1.000000
0.216395 0.388461 0.428611 4.000000
0.191935 0.365751 0.427535 4.000000
-10.000000 -10.000000 -10.000000 0.000000
0.218098 0.398716 0.424128 4.000000
-10.000000 -10.000000 -10.000000 0.000000
0.433188 0.153333 0.436041 2.000000
0.209664 0.368066 0.429142 4.000000
0.442935 0.162754 0.434699 2.000000
0.265621 0.721748 0.419483 1.000000
0.466943 0.453929 0.439913 3.000000
0.246064 0.734545 0.420303 1.000000
0.447102 0.137558 0.420887 2.000000
-10.000000 -10.000000 -10.000000 2.000000
0.480245 0.462318 0.435856 3.000000
0.490911 0.492296 0.430864 3.000000
0.491389 0.478879 0.430954 3.000000
-10.000000 -10.000000 -10.000000 1.000000
0.456408 0.488350 0.432778 3.000000
0.205273 0.385100 0.438417 4.000000
-10.000000 -10.000000 -10.000000 0.000000
0.467533 0.453715 0.440486 3.000000
0.488442 0.473177 0.431515 3.000000
0.199172 0.370278 0.427872 4.000000
-10.000000 -10.000000 -10.000000 1.000000
0.481266 0.465385 0.434744 3.000000
0.471880 0.464868 0.436087 3.000000
0.487517 0.466944 0.432059 3.000000
0.250335 0.725903 0.417253 1.000000
0.469032 0.470576 0.440195 3.000000
-10.000000 -10.000000 -10.000000 2.000000
0.433468 0.138493 0.422599 2.000000
0.242687 0.721616 0.419839 1.000000
0.216174 0.399673 0.426040 4.000000
-10.000000 -10.000000 -10.000000 0.000000
0.462509 0.506738 0.427320 3.000000
0.469088 0.459910 0.438256 3.000000
0.204914 0.370994 0.431083 4.000000
0.201251 0.374614 0.435907 4.000000
-10.000000 -10.000000 -10.000000 3.000000
0.482013 0.477410 0.438008 3.000000
0.224945 0.362409 0.431870 4.000000
0.218475 0.377730 0.436116 4.000000
-10.000000 -10.000000 -10.000000 2.000000
-10.000000 -10.000000 -10.000000 0.000000
0.224195 0.372594 0.435882 4.000000
0.211522 0.365396 0.435898 4.000000
0.209233 0.387166 0.428567 4.000000
0.467209 0.455577 0.439713 3.000000
0.245001 0.723904 0.425482 1.000000
-10.000000 -10.000000 -10.000000 1.000000
0.232071 0.705902 0.423636 1.000000
-10.000000 -10.000000 -10.000000 1.000000
-10.000000 -10.000000 -10.000000 2.000000
0.219263 0.371226 0.428698 4.000000
0.443576 0.141447 0.420815 2.000000
0.437722 0.146807 0.422778 2.000000
0.223819 0.365384 0.439966 4.000000
-10.000000 -10.000000 -10.000000 2.000000
0.240668 0.738196 0.411659 1.000000
0.416222 0.138385 0.427423 2.000000
0.482518 0.471311 0.429397 3.000000
-10.000000 -10.000000 -10.000000 1.000000
0.231241 0.712198 0.423380 1.000000
0.205962 0.370779 0.434377 4.000000
-10.000000 -10.000000 -10.000000 0.000000
0.417288 0.442260 0.371584 0.000000
0.214189 0.729097 0.413199 1.000000
0.194496 0.381072 0.423660 4.000000
0.480804 0.474737 0.437078 3.000000
-10.000000 -10.000000 -10.000000 0.000000
0.211655 0.362355 0.435448 4.000000
0.225116 0.390070 0.449245 4.000000
-10.000000 -10.000000 -10.000000 0.000000
0.252767 0.709732 0.425134 1.000000
0.216204 0.368271 0.435880 4.000000
0.477698 0.479393 0.429329 3.000000
0.236277 0.730440 0.409605 1.000000
0.222850 0.377822 0.438891 4.000000
0.215033 0.372361 0.435120 4.000000
-10.000000 -10.000000 -10.000000 3.000000
0.215274 0.368880 0.432201 4.000000
0.220667 0.372119 0.439879 4.000000
-10.000000 -10.000000 -10.000000 0.000000
-10.000000 -10.000000 -10.000000 0.000000
0.446249 0.160104 0.425969 2.000000
-10.000000 -10.000000 -10.000000 3.000000
0.254039 0.724693 0.424268 1.000000
0.255653 0.730259 0.419232 1.000000
0.431770 0.148642 0.433982 2.000000
0.437722 0.146807 0.422778 2.000000
-10.000000 -10.000000 -10.000000 0.000000
-10.000000 -10.000000 -10.000000 1.000000
0.493136 0.522047 0.419771 3.000000
0.207341 0.396340 0.438126 4.000000
0.422085 0.144657 0.426231 2.000000
-10.000000 -10.000000 -10.000000 0.000000
0.428324 0.148984 0.432194 2.000000
-10.000000 -10.000000 -10.000000 0.000000
0.459035 0.456170 0.440990 3.000000
0.204102 0.381860 0.431962 4.000000
-10.000000 -10.000000 -10.000000 0.000000
-10.000000 -10.000000 -10.000000 4.000000
0.474601 0.496224 0.444294 3.000000
0.475234 0.469406 0.442411 3.000000
0.446262 0.156923 0.423566 2.000000
-10.000000 -10.000000 -10.000000 0.000000
0.214124 0.383889 0.431351 4.000000
0.411255 0.139395 0.422872 2.000000
0.424158 0.137247 0.425514 2.000000
0.189666 0.375628 0.422780 4.000000
0.219456 0.390278 0.441138 4.000000
0.211590 0.369615 0.433217 4.000000
0.244919 0.719461 0.423541 1.000000
-10.000000 -10.000000 -10.000000 3.000000
0.253564 0.735811 0.417687 1.000000
0.472694 0.461371 0.432747 3.000000
0.224808 0.385113 0.440080 4.000000
0.436127 0.143053 0.428270 2.000000
-10.000000 -10.000000 -10.000000 0.000000
0.429495 0.145608 0.428921 2.000000
0.210196 0.409841 0.442138 4.000000
0.493882 0.527777 0.419121 3.000000
0.461686 0.455380 0.443196 3.000000
0.221695 0.368540 0.440058 4.000000
-10.000000 -10.000000 -10.000000 1.000000
0.435842 0.145845 0.424781 2.000000
0.256513 0.710187 0.430163 1.000000
0.475479 0.483714 0.427623 3.000000
0.225742 0.724737 0.416581 1.000000
0.190954 0.381026 0.428714 4.000000
0.480776 0.466327 0.435690 3.000000
0.468246 0.472857 0.443390 3.000000
-10.000000 -10.000000 -10.000000 0.000000
0.199401 0.378971 0.433569 4.000000
0.429740 0.142672 0.431130 2.000000
-10.000000 -10.000000 -10.000000 0.000000
0.205540 0.354329 0.425521 4.000000
-10.000000 -10.000000 -10.000000 0.000000
0.210055 0.364201 0.430694 4.000000
0.244989 0.727340 0.411222 1.000000
-10.000000 -10.000000 -10.000000 3.000000
-10.000000 -10.000000 -10.000000 0.000000
0.207299 0.401979 0.442910 4.000000
0.261596 0.707807 0.430029 1.000000
0.212000 0.379872 0.431399 4.000000
0.469144 0.468425 0.439763 3.000000
0.478140 0.459916 0.437541 3.000000
-10.000000 -10.000000 -10.000000 0.000000
0.219658 0.364134 0.440137 4.000000
0.239663 0.724942 0.412368 1.000000
-10.000000 -10.000000 -10.000000 0.000000
0.431597 0.150336 0.431652 2.000000
-10.000000 -10.000000 -10.000000 3.000000
0.236305 0.708949 0.426064 1.000000
0.207353 0.373857 0.434997 4.000000
0.234043 0.372751 0.443495 4.000000
-10.000000 -10.000000 -10.000000 0.000000
0.244448 0.732843 0.418699 1.000000
0.456624 0.474393 0.442378 3.000000
-10.000000 -10.000000 -10.000000 1.000000
0.214769 0.373169 0.431867 4.000000
0.472781 0.469584 0.438511 3.000000
0.231377 0.706263 0.424695 1.000000
0.218102 0.397697 0.437915 4.000000
0.220163 0.373829 0.434942 4.000000
0.427581 0.151357 0.428240 2.000000
0.206129 0.406144 0.429849 4.000000
0.198184 0.367549 0.421293 4.000000
0.225685 0.390593 0.445852 4.000000
0.219189 0.361657 0.438537 4.000000
-10.000000 -10.000000 -10.000000 3.000000
0.470347 0.495345 0.446463 3.000000
0.191734 0.377893 0.425336 4.000000
-10.000000 -10.000000 -10.000000 0.000000
0.491502 0.484121 0.430572 3.000000
0.470019 0.478840 0.441460 3.000000
0.193575 0.355745 0.429191 4.000000
-10.000000 -10.000000 -10.000000 2.000000
0.213136 0.414806 0.431028 4.000000
-10.000000 -10.000000 -10.000000 4.000000
0.203957 0.361125 0.429374 4.000000
0.475902 0.466266 0.431593 3.000000
0.478238 0.471311 0.433019 3.000000
0.238741 0.735131 0.416930 1.000000
0.211954 0.366858 0.427781 4.000000
0.472785 0.502589 0.429891 0.000000
0.461686 0.455380 0.443196 3.000000
0.202943 0.370148 0.436406 4.000000
0.209193 0.364829 0.435964 4.000000
0.202367 0.379691 0.436401 4.000000
0.248370 0.734788 0.418770 1.000000
-10.000000 -10.000000 -10.000000 4.000000
0.236305 0.708949 0.426064 1.000000
0.204995 0.376158 0.441941 4.000000
0.440779 0.146383 0.425109 2.000000
0.225886 0.353093 0.441943 4.000000
0.215524 0.371739 0.435400 4.000000
0.200437 0.376748 0.430695 4.000000
0.218295 0.368700 0.434655 4.000000
0.437419 0.150387 0.430863 2.000000
-10.000000 -10.000000 -10.000000 1.000000
-10.000000 -10.000000 -10.000000 3.000000
-10.000000 -10.000000 -10.000000 3.000000
0.222097 0.397305 0.442994 4.000000
0.463754 0.467744 0.445253 3.000000
0.212819 0.370311 0.437524 4.000000
0.223118 0.394557 0.445130 4.000000
0.415136 0.135726 0.428226 2.000000
0.472601 0.475006 0.434568 3.000000
-10.000000 -10.000000 -10.000000 0.000000
-10.000000 -10.000000 -10.000000 1.000000
-10.000000 -10.000000 -10.000000 1.000000
0.492558 0.487207 0.429347 3.000000
0.440861 0.132756 0.425849 2.000000
0.218295 0.368700 0.434655 4.000000
0.226877 0.727809 0.417255 1.000000
-10.000000 -10.000000 -10.000000 3.000000
-10.000000 -10.000000 -10.000000 0.000000
0.220561 0.350932 0.437626 4.000000
0.229007 0.350142 0.438518 4.000000
-10.000000 -10.000000 -10.000000 1.000000
0.224636 0.379913 0.440700 4.000000
0.474745 0.488851 0.436956 3.000000
0.456989 0.498614 0.446170 3.000000
0.215751 0.362773 0.433151 4.000000
-10.000000 -10.000000 -10.000000 0.000000
0.256803 0.719599 0.420759 1.000000
0.423483 0.129388 0.423311 2.000000
0.426786 0.148325 0.423932 2.000000
0.473298 0.477015 0.437341 3.000000
0.236341 0.701250 0.429846 1.000000
0.487633 0.500355 0.430622 3.000000
0.334823 0.107820 0.354671 2.000000
0.243260 0.700771 0.425642 1.000000
0.444474 0.150419 0.428918 2.000000
0.270845 0.715516 0.424626 1.000000
0.487836 0.485207 0.430995 3.000000
0.242599 0.711866 0.424563 1.000000
0.405190 0.137362 0.436381 2.000000
0.464689 0.504619 0.430933 3.000000
0.224936 0.369166 0.440370 4.000000
0.219566 0.373248 0.439604 4.000000
0.485607 0.455354 0.433643 3.000000
0.205273 0.385100 0.438417 4.000000
0.211340 0.362300 0.437232 4.000000
0.480133 0.487329 0.426518 3.000000
0.236305 0.708949 0.426064 1.000000
0.233146 0.725057 0.416414 1.000000
-10.000000 -10.000000 -10.000000 0.000000
-10.000000 -10.000000 -10.000000 0.000000
0.238627 0.714040 0.431271 1.000000
0.464689 0.504619 0.430933 3.000000
0.215594 0.371618 0.435045 4.000000
0.209055 0.361282 0.433624 4.000000
0.469120 0.465298 0.433166 3.000000
0.213334 0.374148 0.432525 4.000000
0.213938 0.376417 0.433382 4.000000
0.476416 0.516151 0.429679 3.000000
0.478856 0.473741 0.436909 3.000000
-10.000000 -10.000000 -10.000000 3.000000
-10.000000 -10.000000 -10.000000 0.000000
0.211720 0.362694 0.435805 4.000000
0.249029 0.727088 0.419875 1.000000
0.469927 0.511785 0.432438 3.000000
0.478181 0.465585 0.435210 3.000000
0.222083 0.387523 0.445425 4.000000
0.224578 0.364044 0.439097 4.000000
-10.000000 -10.000000 -10.000000 0.000000
0.482279 0.484022 0.436244 3.000000
0.190954 0.381026 0.428714 4.000000
0.479711 0.457459 0.433992 3.000000
-10.000000 -10.000000 -10.000000 1.000000
0.484593 0.463902 0.439061 3.000000
0.473708 0.469369 0.435241 3.000000
-10.000000 -10.000000 -10.000000 0.000000
0.224653 0.401446 0.450805 4.000000
-10.000000 -10.000000 -10.000000 4.000000
-10.000000 -10.000000 -10.000000 0.000000
0.249282 0.706367 0.426238 1.000000
0.424640 0.132021 0.421798 2.000000
0.236319 0.706723 0.424093 1.000000
0.476644 0.475192 0.434112 3.000000
0.221806 0.402516 0.428368 4.000000
0.254260 0.730926 0.423106 1.000000
0.252065 0.718402 0.425185 1.000000
0.474592 0.470557 0.431378 3.000000
-10.000000 -10.000000 -10.000000 0.000000
0.201092 0.356115 0.428141 4.000000
-10.000000 -10.000000 -10.000000 0.000000
0.485273 0.497026 0.429008 3.000000
0.484016 0.467441 0.432646 3.000000
0.470068 0.524821 0.428806 3.000000
0.475100 0.466599 0.441655 3.000000
0.241100 0.735584 0.415118 1.000000
0.432396 0.151101 0.422501 2.000000
-10.000000 -10.000000 -10.000000 1.000000
0.474403 0.471533 0.436366 3.000000
-10.000000 -10.000000 -10.000000 1.000000
0.465358 0.520625 0.428569 3.000000
0.203544 0.367863 0.430519 4.000000
0.219791 0.368550 0.432763 4.000000
0.195470 0.377094 0.424394 4.000000
-10.000000 -10.000000 -10.000000 2.000000
0.204021 0.362068 0.433301 4.000000
0.204275 0.392943 0.424804 4.000000
0.467314 0.493683 0.447207 3.000000
0.230744 0.701812 0.426858 1.000000
0.468325 0.491208 0.439139 3.000000
-10.000000 -10.000000 -10.000000 4.000000
0.473856 0.480446 0.435681 3.000000
-10.000000 -10.000000 -10.000000 4.000000
-10.000000 -10.000000 -10.000000 0.000000
0.213576 0.414709 0.445095 4.000000
-10.000000 -10.000000 -10.000000 0.000000
-10.000000 -10.000000 -10.000000 0.000000
-10.000000 -10.000000 -10.000000 0.000000
-10.000000 -10.000000 -10.000000 3.000000
0.211852 0.365500 0.431220 4.000000
0.215370 0.347572 0.434535 4.000000
0.186420 0.371778 0.430659 4.000000
0.210538 0.374589 0.439851 4.000000
0.470068 0.524821 0.428806 3.000000
0.395954 0.146286 0.429681 2.000000
0.467533 0.453715 0.440486 3.000000
0.476280 0.465238 0.432019 3.000000
0.236277 0.730440 0.409605 1.000000
-10.000000 -10.000000 -10.000000 3.000000
0.214983 0.365931 0.432217 4.000000
0.470592 0.460872 0.429874 3.000000
0.241613 0.713574 0.427454 1.000000
0.216004 0.388495 0.438496 4.000000
-10.000000 -10.000000 -10.000000 0.000000
-10.000000 -10.000000 -10.000000 3.000000
0.470068 0.524821 0.428806 3.000000
0.463298 0.454322 0.440847 3.000000
0.430290 0.149397 0.428121 2.000000
0.221806 0.402516 0.428368 4.000000
-10.000000 -10.000000 -10.000000 0.000000
-10.000000 -10.000000 -10.000000 3.000000
0.474210 0.520382 0.432897 3.000000
0.255653 0.730259 0.419232 1.000000
-10.000000 -10.000000 -10.000000 0.000000
0.209012 0.398341 0.426430 4.000000
0.202538 0.362580 0.425104 4.000000
-10.000000 -10.000000 -10.000000 0.000000
-10.000000 -10.000000 -10.000000 3.000000
0.222083 0.387523 0.445425 4.000000
0.414366 0.143189 0.430825 2.000000
0.430340 0.139305 0.421680 2.000000
-10.000000 -10.000000 -10.000000 1.000000
0.483411 0.462414 0.435193 3.000000
0.205454 0.352888 0.432059 4.000000
0.216395 0.388461 0.428611 4.000000
-10.000000 -10.000000 -10.000000 0.000000
0.465887 0.462527 0.439794 3.000000
0.473523 0.511969 0.425090 3.000000
0.207112 0.410533 0.448230 4.000000
0.456989 0.498614 0.446170 3.000000
0.204975 0.366895 0.431092 4.000000
-10.000000 -10.000000 -10.000000 0.000000
0.203025 0.373426 0.435276 4.000000
0.483529 0.461924 0.433098 3.000000
-10.000000 -10.000000 -10.000000 0.000000
0.483917 0.475302 0.432658 3.000000
0.222994 0.382612 0.440993 4.000000
0.241723 0.700540 0.423964 1.000000
0.434099 0.132505 0.425665 2.000000
0.243272 0.733064 0.426404 1.000000
0.471125 0.464210 0.442086 3.000000
0.411395 0.152540 0.433411 2.000000
0.191812 0.396384 0.426136 4.000000
-10.000000 -10.000000 -10.000000 2.000000
-10.000000 -10.000000 -10.000000 3.000000
-10.000000 -10.000000 -10.000000 2.000000
0.471161 0.503611 0.434868 0.000000
0.256513 0.710187 0.430163 1.000000
0.482013 0.477410 0.438008 3.000000
-10.000000 -10.000000 -10.000000 2.000000
-10.000000 -10.000000 -10.000000 0.000000
0.234621 0.732874 0.413977 1.000000
0.222706 0.383673 0.437510 4.000000
-10.000000 -10.000000 -10.000000 0.000000
0.484931 0.501255 0.437749 3.000000
0.484931 0.501255 0.437749 3.000000
0.202367 0.379691 0.436401 4.000000
-10.000000 -10.000000 -10.000000 0.000000
-10.000000 -10.000000 -10.000000 4.000000
0.211720 0.362694 0.435805 4.000000
-10.000000 -10.000000 -10.000000 3.000000
0.454946 0.491083 0.436411 3.000000
0.209574 0.383093 0.432228 4.000000
0.480313 0.475281 0.436840 3.000000
0.205734 0.382443 0.437068 4.000000
-10.000000 -10.000000 -10.000000 1.000000
0.210287 0.378133 0.432917 4.000000
0.209339 0.368397 0.432184 4.000000
0.475636 0.474247 0.436709 3.000000
0.480183 0.504556 0.429797 3.000000
0.218295 0.368700 0.434655 4.000000
0.235715 0.717604 0.422140 1.000000
0.478915 0.477456 0.433977 3.000000
-10.000000 -10.000000 -10.000000 0.000000
0.206752 0.359014 0.433119 4.000000
-10.000000 -10.000000 -10.000000 0.000000
0.192653 0.376286 0.426290 4.000000
-10.000000 -10.000000 -10.000000 2.000000
0.433906 0.167209 0.440041 2.000000
0.423285 0.133413 0.422972 2.000000
0.193575 0.355745 0.429191 4.000000
0.191734 0.377893 0.425336 4.000000
0.469525 0.477690 0.436675 3.000000
-10.000000 -10.000000 -10.000000 0.000000
-10.000000 -10.000000 -10.000000 0.000000
0.478431 0.471114 0.437400 3.000000
0.475973 0.531152 0.423080 3.000000
0.209620 0.369717 0.431790 4.000000
-10.000000 -10.000000 -10.000000 0.000000
0.422127 0.134710 0.427409 2.000000
-10.000000 -10.000000 -10.000000 0.000000
0.433184 0.152134 0.423301 2.000000
-10.000000 -10.000000 -10.000000 3.000000
0.243512 0.729533 0.423413 1.000000
-10.000000 -10.000000 -10.000000 0.000000
0.463576 0.493433 0.440444 3.000000
-10.000000 -10.000000 -10.000000 0.000000
-10.000000 -10.000000 -10.000000 0.000000
0.424009 0.141807 0.430670 2.000000
-10.000000 -10.000000 -10.000000 1.000000
0.433184 0.152134 0.423301 2.000000
0.211095 0.381429 0.433685 4.000000
0.217364 0.338755 0.438196 4.000000
0.487987 0.480969 0.436110 3.000000
0.207863 0.362699 0.432192 4.000000
0.433906 0.167209 0.440041 2.000000
0.246202 0.711212 0.423833 1.000000
-10.000000 -10.000000 -10.000000 1.000000
0.465598 0.471277 0.441328 3.000000
0.468822 0.496467 0.437340 3.000000
-10.000000 -10.000000 -10.000000 2.000000
0.421603 0.153633 0.433406 2.000000
0.431594 0.146096 0.431166 2.000000
-10.000000 -10.000000 -10.000000 2.000000
-10.000000 -10.000000 -10.000000 0.000000
0.475711 0.465300 0.437436 3.000000
-10.000000 -10.000000 -10.000000 4.000000
0.244522 0.720046 0.428155 1.000000
-10.000000 -10.000000 -10.000000 2.000000
0.239532 0.716835 0.423226 1.000000
0.428002 0.150230 0.422397 2.000000
-10.000000 -10.000000 -10.000000 2.000000
0.226423 0.374027 0.448978 4.000000
0.456263 0.512359 0.452092 3.000000
0.224874 0.732987 0.409448 1.000000
-10.000000 -10.000000 -10.000000 2.000000
0.487445 0.504117 0.429568 3.000000
0.211808 0.408958 0.426692 4.000000
0.477290 0.454878 0.434193 3.000000
-10.000000 -10.000000 -10.000000 4.000000
-10.000000 -10.000000 -10.000000 0.000000
0.444609 0.132997 0.424369 2.000000
-10.000000 -10.000000 -10.000000 3.000000
0.207203 0.429155 0.429735 4.000000
0.205002 0.359587 0.430701 4.000000
-10.000000 -10.000000 -10.000000 3.000000
-10.000000 -10.000000 -10.000000 2.000000
0.432657 0.143879 0.426703 2.000000
-10.000000 -10.000000 -10.000000 0.000000
0.420244 0.132452 0.421268 2.000000
-10.000000 -10.000000 -10.000000 0.000000
0.226185 0.379478 0.446344 4.000000
-10.000000 -10.000000 -10.000000 0.000000
0.243349 0.719769 0.420906 1.000000
-10.000000 -10.000000 -10.000000 0.000000
0.468310 0.483463 0.437912 3.000000
0.210038 0.406871 0.430236 4.000000
0.431290 0.151429 0.431735 2.000000
0.207212 0.382365 0.431466 4.000000
0.476729 0.524413 0.428756 3.000000
0.215202 0.369147 0.433821 4.000000
0.211896 0.400522 0.444661 4.000000
0.473080 0.490330 0.444657 3.000000
-10.000000 -10.000000 -10.000000 0.000000
0.204343 0.381261 0.432085 4.000000
0.243349 0.719769 0.420906 1.000000
0.209339 0.368397 0.432184 4.000000
0.211664 0.388093 0.438434 4.000000
0.203982 0.402797 0.429117 4.000000
0.216395 0.388461 0.428611 4.000000
-10.000000 -10.000000 -10.000000 1.000000
0.213384 0.364484 0.431333 4.000000
0.222083 0.387523 0.445425 4.000000
0.477709 0.466005 0.430256 3.000000
0.238202 0.741616 0.415838 1.000000
0.191812 0.396384 0.426136 4.000000
0.256513 0.710187 0.430163 1.000000
0.220667 0.372119 0.439879 4.000000
0.226974 0.381971 0.447766 4.000000
0.465961 0.522590 0.424526 3.000000
0.214437 0.360278 0.435308 4.000000
0.480528 0.463071 0.438411 3.000000
0.212768 0.359627 0.436759 4.000000
-10.000000 -10.000000 -10.000000 0.000000
-10.000000 -10.000000 -10.000000 0.000000
-10.000000 -10.000000 -10.000000 0.000000
0.483899 0.512859 0.424297 3.000000
0.468161 0.457469 0.441500 3.000000
0.484474 0.466290 0.430304 3.000000
0.417597 0.132693 0.421421 2.000000
-10.000000 -10.000000 -10.000000 0.000000
0.201251 0.374614 0.435907 4.000000
0.243363 0.718014 0.426630 1.000000
0.446901 0.148343 0.424498 2.000000
0.489850 0.464875 0.437297 3.000000
0.475902 0.466266 0.431593 3.000000
0.200866 0.407300 0.426916 4.000000
-10.000000 -10.000000 -10.000000 2.000000
-10.000000 -10.000000 -10.000000 0.000000
-10.000000 -10.000000 -10.000000 3.000000
-10.000000 -10.000000 -10.000000 3.000000
0.434588 0.144157 0.435970 2.000000
0.474745 0.488851 0.436956 3.000000
0.219456 0.390278 0.441138 4.000000
-10.000000 -10.000000 -10.000000 0.000000
0.198630 0.379609 0.430287 4.000000
0.236305 0.708949 0.426064 1.000000
0.235715 0.717604 0.422140 1.000000
0.217927 0.372217 0.440025 4.000000
0.209325 0.362836 0.429607 4.000000
0.491502 0.484121 0.430572 3.000000
0.216922 0.374847 0.433966 4.000000
-10.000000 -10.000000 -10.000000 2.000000
0.418403 0.144750 0.427680 2.000000
-10.000000 -10.000000 -10.000000 0.000000
0.242272 0.706572 0.425612 1.000000
0.201092 0.356115 0.428141 4.000000
0.218224 0.363502 0.445394 1.000000
0.196476 0.388496 0.429935 4.000000
0.241901 0.722334 0.425347 1.000000
0.430340 0.139305 0.421680 2.000000
0.251904 0.730784 0.424016 1.000000
0.238189 0.724823 0.420077 1.000000
0.471161 0.503611 0.434868 0.000000
-10.000000 -10.000000 -10.000000 1.000000
0.485991 0.481671 0.427152 3.000000
0.226063 0.386099 0.447755 4.000000
0.413744 0.151381 0.434547 2.000000
0.443874 0.157917 0.426221 2.000000
0.217236 0.364038 0.440842 4.000000
0.221695 0.368540 0.440058 4.000000
0.433431 0.144873 0.428989 2.000000
0.467764 0.469388 0.444865 3.000000
0.218088 0.371695 0.439276 4.000000
0.199799 0.373386 0.426715 4.000000
0.472710 0.460642 0.436240 3.000000
0.435882 0.147584 0.428207 2.000000
0.478856 0.473741 0.436909 3.000000
0.217364 0.338755 0.438196 4.000000
-10.000000 -10.000000 -10.000000 2.000000
0.433010 0.145742 0.427990 2.000000
0.202969 0.397474 0.431609 4.000000
0.413744 0.151381 0.434547 2.000000
-10.000000 -10.000000 -10.000000 0.000000
-10.000000 -10.000000 -10.000000 1.000000
0.215242 0.395203 0.427359 4.000000
-10.000000 -10.000000 -10.000000 0.000000
0.482670 0.484773 0.436680 3.000000
0.212607 0.365392 0.434892 4.000000
0.470774 0.466779 0.435738 3.000000
0.253077 0.727941 0.420651 1.000000
0.466046 0.465717 0.441819 3.000000
-10.000000 -10.000000 -10.000000 1.000000
0.206746 0.377637 0.437470 4.000000
0.216582 0.394278 0.443928 4.000000
0.243260 0.700771 0.425642 1.000000
0.216454 0.376952 0.437956 4.000000
0.254087 0.714762 0.431185 1.000000
-10.000000 -10.000000 -10.000000 0.000000
0.468242 0.498489 0.445082 3.000000
0.254260 0.730926 0.423106 1.000000
0.216404 0.395017 0.437859 4.000000
0.224874 0.732987 0.409448 1.000000
0.248074 0.720387 0.421640 1.000000
-10.000000 -10.000000 -10.000000 0.000000
-10.000000 -10.000000 -10.000000 1.000000
0.465598 0.471277 0.441328 3.000000
0.200588 0.384880 0.427181 4.000000
0.212941 0.732858 0.407585 1.000000
0.203970 0.383598 0.432961 4.000000
-10.000000 -10.000000 -10.000000 0.000000
0.253077 0.727941 0.420651 1.000000
0.233047 0.717065 0.427741 1.000000
0.477622 0.462756 0.436353 3.000000
0.478586 0.454964 0.434869 3.000000
-10.000000 -10.000000 -10.000000 3.000000
0.221981 0.360736 0.441200 4.000000
-10.000000 -10.000000 -10.000000 0.000000
0.228608 0.739332 0.412857 1.000000
0.225116 0.390070 0.449245 4.000000
0.487633 0.500355 0.430622 3.000000
-10.000000 -10.000000 -10.000000 3.000000
0.251659 0.717919 0.429073 1.000000
0.209847 0.368171 0.427333 4.000000
-10.000000 -10.000000 -10.000000 3.000000
0.228437 0.380579 0.441063 4.000000
0.487633 0.500355 0.430622 3.000000
-10.000000 -10.000000 -10.000000 0.000000
0.477468 0.487622 0.447367 3.000000
0.217236 0.364038 0.440842 4.000000
0.213334 0.374148 0.432525 4.000000
0.252910 0.724254 0.425315 1.000000
0.186350 0.369498 0.422037 4.000000
0.470885 0.470528 0.439786 3.000000
0.202651 0.397491 0.440081 4.000000
0.223118 0.394557 0.445130 4.000000
0.467704 0.472314 0.441645 3.000000
-10.000000 -10.000000 -10.000000 3.000000
-10.000000 -10.000000 -10.000000 3.000000
0.431947 0.141967 0.422122 2.000000
0.477105 0.464943 0.436875 3.000000
0.220561 0.350932 0.437626 4.000000
0.201740 0.353933 0.428167 4.000000
0.233450 0.708556 0.427972 1.000000
0.250109 0.729443 0.419904 1.000000
-10.000000 -10.000000 -10.000000 2.000000
-10.000000 -10.000000 -10.000000 2.000000
-10.000000 -10.000000 -10.000000 0.000000
-10.000000 -10.000000 -10.000000 0.000000
-10.000000 -10.000000 -10.000000 0.000000
0.186420 0.371778 0.430659 4.000000
-10.000000 -10.000000 -10.000000 0.000000
0.227843 0.740657 0.413389 1.000000
0.206911 0.339328 0.436703 1.000000
0.434099 0.132505 0.425665 2.000000
-10.000000 -10.000000 -10.000000 0.000000
-10.000000 -10.000000 -10.000000 0.000000
0.212941 0.732858 0.407585 1.000000
0.444204 0.152599 0.429552 2.000000
-10.000000 -10.000000 -10.000000 2.000000
0.470019 0.478840 0.441460 3.000000
-10.000000 -10.000000 -10.000000 2.000000
-10.000000 -10.000000 -10.000000 0.000000
0.230160 0.375687 0.441211 1.000000
0.194684 0.375704 0.426994 4.000000
0.194684 0.375704 0.426994 4.000000
0.228608 0.739332 0.412857 1.000000
0.224142 0.376721 0.441807 4.000000
0.466566 0.452651 0.436084 3.000000
0.218859 0.389308 0.444295 4.000000
-10.000000 -10.000000 -10.000000 0.000000
0.453292 0.511194 0.419039 3.000000
-10.000000 -10.000000 -10.000000 3.000000
0.493882 0.527777 0.419121 3.000000
0.197819 0.378634 0.426155 4.000000
0.253599 0.736064 0.420260 1.000000
0.209940 0.354579 0.428461 4.000000
0.253077 0.727941 0.420651 1.000000
-10.000000 -10.000000 -10.000000 0.000000
0.215426 0.370974 0.431946 4.000000
0.483340 0.467924 0.435091 3.000000
0.464685 0.462508 0.441173 3.000000
0.189821 0.373313 0.423526 4.000000
0.202759 0.374600 0.435565 4.000000
0.470774 0.466779 0.435738 3.000000
0.224936 0.369166 0.440370 4.000000
0.430826 0.145758 0.426224 2.000000
0.207753 0.378579 0.437375 4.000000
0.215033 0.372361 0.435120 4.000000
0.224139 0.370684 0.439548 4.000000
0.239605 0.697635 0.425951 1.000000
-10.000000 -10.000000 -10.000000 2.000000
0.250335 0.725903 0.417253 1.000000
0.211720 0.362694 0.435805 4.000000
0.192653 0.376286 0.426290 4.000000
0.213919 0.371687 0.436760 4.000000
0.458480 0.489722 0.438887 3.000000
0.237300 0.710069 0.428587 1.000000
0.207769 0.387869 0.429352 4.000000
0.465961 0.522590 0.424526 3.000000
0.219248 0.354056 0.433686 4.000000
-10.000000 -10.000000 -10.000000 4.000000
0.467764 0.469388 0.444865 3.000000
-10.000000 -10.000000 -10.000000 3.000000
0.220112 0.376164 0.432474 4.000000
0.412467 0.134051 0.425417 2.000000
0.223643 0.379688 0.438156 4.000000
0.470024 0.501981 0.432251 0.000000
0.466182 0.458379 0.434866 3.000000
0.487133 0.486103 0.433075 3.000000
0.187604 0.383786 0.427366 4.000000
0.428311 0.132689 0.423339 2.000000
0.465961 0.522590 0.424526 3.000000
0.226539 0.726694 0.413227 1.000000
0.470019 0.478840 0.441460 3.000000
-10.000000 -10.000000 -10.000000 2.000000
0.432757 0.133260 0.427879 2.000000
0.461686 0.455380 0.443196 3.000000
0.456263 0.512359 0.452092 3.000000
0.192504 0.375880 0.429215 4.000000
0.216808 0.392224 0.443010 4.000000
0.216808 0.392224 0.443010 4.000000
0.489247 0.493477 0.435019 3.000000
0.471161 0.503611 0.434868 0.000000
0.423368 0.151074 0.434183 2.000000
0.216932 0.368513 0.440266 4.000000
0.262490 0.755751 0.415598 1.000000
0.476579 0.497268 0.428982 0.000000
0.489476 0.463809 0.434245 3.000000
0.464735 0.490152 0.440347 3.000000
0.215594 0.371618 0.435045 4.000000
0.223643 0.379688 0.438156 4.000000
0.247614 0.704601 0.428295 1.000000
0.482405 0.474842 0.433026 3.000000
0.478156 0.503381 0.435525 3.000000
0.211557 0.356157 0.435345 4.000000
0.195459 0.370454 0.419334 4.000000
0.434099 0.132505 0.425665 2.000000
0.424009 0.141807 0.430670 2.000000
0.212578 0.359140 0.432846 4.000000
0.186611 0.375997 0.424829 4.000000
0.466743 0.493472 0.439507 3.000000
0.186350 0.369498 0.422037 4.000000
0.468264 0.465552 0.440925 3.000000
0.467652 0.476537 0.438252 3.000000
-10.000000 -10.000000 -10.000000 1.000000
0.206746 0.377637 0.437470 4.000000
0.205540 0.354329 0.425521 4.000000
0.200753 0.380755 0.434576 4.000000
-10.000000 -10.000000 -10.000000 2.000000
0.478175 0.458900 0.439277 3.000000
0.253599 0.736064 0.420260 1.000000
0.229233 0.376220 0.444595 4.000000
0.485612 0.465192 0.435916 3.000000
-10.000000 -10.000000 -10.000000 1.000000
0.243367 0.723337 0.424688 1.000000
-10.000000 -10.000000 -10.000000 0.000000
-10.000000 -10.000000 -10.000000 0.000000
-10.000000 -10.000000 -10.000000 0.000000
0.210054 0.378174 0.432317 4.000000
0.225921 0.376522 0.442664 4.000000
-10.000000 -10.000000 -10.000000 0.000000
-10.000000 -10.000000 -10.000000 0.000000
0.206242 0.360195 0.425911 4.000000
0.193295 0.372926 0.430152 4.000000
0.216204 0.368271 0.435880 4.000000
0.203792 0.372938 0.444037 4.000000
0.198791 0.382027 0.434234 4.000000
-10.000000 -10.000000 -10.000000 1.000000
0.478140 0.459916 0.437541 3.000000
0.258242 0.714290 0.427745 1.000000
0.483340 0.467924 0.435091 3.000000
0.215033 0.372361 0.435120 4.000000
0.457586 0.497534 0.425096 3.000000
0.217986 0.375486 0.434135 4.000000
-10.000000 -10.000000 -10.000000 0.000000
0.227688 0.382890 0.444258 4.000000
0.207212 0.382365 0.431466 4.000000
0.463754 0.467744 0.445253 3.000000
-10.000000 -10.000000 -10.000000 1.000000
-10.000000 -10.000000 -10.000000 0.000000
0.200660 0.384716 0.429252 4.000000
0.429495 0.145608 0.428921 2.000000
0.477944 0.492333 0.429431 3.000000
-10.000000 -10.000000 -10.000000 3.000000
-10.000000 -10.000000 -10.000000 0.000000
0.244522 0.720046 0.428155 1.000000
0.231290 0.380521 0.441105 4.000000
0.249626 0.715419 0.424949 1.000000
-10.000000 -10.000000 -10.000000 0.000000
0.438875 0.145610 0.420716 2.000000
0.421683 0.152655 0.434084 2.000000
0.477196 0.476370 0.438363 3.000000
-10.000000 -10.000000 -10.000000 1.000000
0.247468 0.722729 0.426216 1.000000
0.211841 0.365802 0.440116 4.000000
0.472379 0.469789 0.438341 3.000000
-10.000000 -10.000000 -10.000000 1.000000
0.484440 0.509138 0.428586 3.000000
0.202000 0.360909 0.431616 4.000000
-10.000000 -10.000000 -10.000000 0.000000
0.238202 0.741616 0.415838 1.000000
-10.000000 -10.000000 -10.000000 0.000000
0.226065 0.714148 0.419159 1.000000
-10.000000 -10.000000 -10.000000 0.000000
0.224911 0.343161 0.437676 1.000000
-10.000000 -10.000000 -10.000000 3.000000
0.463736 0.452037 0.442542 3.000000
0.255652 0.726047 0.423506 1.000000
-10.000000 -10.000000 -10.000000 1.000000
0.462313 0.455372 0.439191 3.000000
0.423368 0.151074 0.434183 2.000000
0.248263 0.714447 0.429351 1.000000
0.423368 0.151074 0.434183 2.000000
0.475848 0.484269 0.436933 3.000000
0.216808 0.392224 0.443010 4.000000
0.447853 0.496620 0.424680 3.000000
0.212607 0.365392 0.434892 4.000000
0.491502 0.484121 0.430572 3.000000
0.213135 0.401286 0.442780 4.000000
0.205971 0.398348 0.428697 4.000000
0.470885 0.470528 0.439786 3.000000
0.215255 0.378681 0.444529 4.000000
0.236428 0.706235 0.424876 1.000000
0.410725 0.136097 0.427272 2.000000
0.245001 0.723904 0.425482 1.000000
0.204891 0.382306 0.425175 4.000000
0.222850 0.377822 0.438891 4.000000
0.233984 0.710368 0.425155 1.000000
0.210054 0.378174 0.432317 4.000000
-10.000000 -10.000000 -10.000000 0.000000
0.424131 0.145454 0.425847 2.000000
0.473278 0.470068 0.438885 3.000000
-10.000000 -10.000000 -10.000000 0.000000
0.203830 0.365375 0.428526 4.000000
-10.000000 -10.000000 -10.000000 0.000000
0.209339 0.368397 0.432184 4.000000
0.218152 0.370783 0.436270 4.000000
0.205540 0.354329 0.425521 4.000000
0.227688 0.382890 0.444258 4.000000
0.219275 0.377196 0.438741 4.000000
0.191734 0.377893 0.425336 4.000000
-10.000000 -10.000000 -10.000000 1.000000
0.184627 0.379111 0.423763 4.000000
0.207800 0.364168 0.437846 4.000000
0.475624 0.463796 0.437762 3.000000
0.434475 0.142060 0.432119 2.000000
-10.000000 -10.000000 -10.000000 2.000000
-10.000000 -10.000000 -10.000000 4.000000
0.424829 0.149669 0.436464 2.000000
-10.000000 -10.000000 -10.000000 2.000000
-10.000000 -10.000000 -10.000000 0.000000
0.222850 0.377822 0.438891 4.000000
0.243367 0.723337 0.424688 1.000000
0.209325 0.362836 0.429607 4.000000
0.213938 0.376417 0.433382 4.000000
0.210055 0.364201 0.430694 4.000000
-10.000000 -10.000000 -10.000000 0.000000
0.478140 0.459916 0.437541 3.000000
0.465702 0.500390 0.449775 3.000000
0.202744 0.378496 0.431902 4.000000
0.242687 0.721616 0.419839 1.000000
-10.000000 -10.000000 -10.000000 0.000000
0.212526 0.358896 0.436618 4.000000
-10.000000 -10.000000 -10.000000 1.000000
0.205667 0.373406 0.431879 4.000000
-10.000000 -10.000000 -10.000000 0.000000
0.429341 0.154006 0.426648 2.000000
0.207884 0.373015 0.430710 4.000000
0.421683 0.152655 0.434084 2.000000
0.465702 0.500390 0.449775 3.000000
-10.000000 -10.000000 -10.000000 1.000000
0.202551 0.376466 0.429694 4.000000
0.254039 0.724693 0.424268 1.000000
0.227410 0.380319 0.441625 4.000000
0.246202 0.711212 0.423833 1.000000
-10.000000 -10.000000 -10.000000 3.000000
0.472402 0.484401 0.433479 3.000000
-10.000000 -10.000000 -10.000000 3.000000
0.212578 0.359140 0.432846 4.000000
0.422003 0.137438 0.418461 2.000000
0.222706 0.383673 0.437510 4.000000
0.231756 0.709193 0.422485 1.000000
0.239878 0.711889 0.421542 1.000000
0.179751 0.365367 0.416717 4.000000
0.473789 0.463155 0.429054 3.000000
0.246064 0.734545 0.420303 1.000000
0.458687 0.471331 0.443639 3.000000
0.488652 0.492765 0.430072 3.000000
0.214896 0.371385 0.437724 4.000000
-10.000000 -10.000000 -10.000000 1.000000
0.261118 0.724232 0.419337 1.000000
0.426854 0.144113 0.431197 2.000000
0.475336 0.463517 0.436560 3.000000
0.477061 0.472324 0.440589 3.000000
-10.000000 -10.000000 -10.000000 4.000000
-10.000000 -10.000000 -10.000000 0.000000
0.449142 0.501974 0.428518 3.000000
0.465772 0.454578 0.437299 3.000000
-10.000000 -10.000000 -10.000000 0.000000
-10.000000 -10.000000 -10.000000 3.000000
0.486244 0.469592 0.433522 3.000000
-10.000000 -10.000000 -10.000000 0.000000
-10.000000 -10.000000 -10.000000 0.000000
0.481862 0.487551 0.426737 3.000000
0.205962 0.370779 0.434377 4.000000
0.470774 0.466779 0.435738 3.000000
-10.000000 -10.000000 -10.000000 1.000000
0.431597 0.150336 0.431652 2.000000
0.474152 0.463314 0.437246 3.000000
-10.000000 -10.000000 -10.000000 4.000000
-10.000000 -10.000000 -10.000000 0.000000
0.232997 0.714448 0.421304 1.000000
0.213392 0.425925 0.427780 4.000000
-10.000000 -10.000000 -10.000000 2.000000
0.463683 0.470839 0.439058 3.000000
0.214447 0.396446 0.443536 4.000000
0.477290 0.454878 0.434193 3.000000
0.478607 0.481222 0.432910 3.000000
0.430826 0.145758 0.426224 2.000000
0.202323 0.372729 0.435489 4.000000
-10.000000 -10.000000 -10.000000 0.000000
-10.000000 -10.000000 -10.000000 3.000000
-10.000000 -10.000000 -10.000000 3.000000
0.192653 0.376286 0.426290 4.000000
0.200823 0.366009 0.429271 4.000000
-10.000000 -10.000000 -10.000000 0.000000
0.226634 0.382437 0.440329 4.000000
0.412382 0.146273 0.430883 2.000000
0.429341 0.154006 0.426648 2.000000
0.211920 0.375905 0.431662 4.000000
-10.000000 -10.000000 -10.000000 0.000000
-10.000000 -10.000000 -10.000000 2.000000
0.435925 0.147427 0.428330 2.000000
-10.000000 -10.000000 -10.000000 3.000000
-10.000000 -10.000000 -10.000000 0.000000
0.209574 0.383093 0.432228 4.000000
0.446842 0.156683 0.430524 2.000000
0.435925 0.147427 0.428330 2.000000
0.203353 0.389230 0.428526 4.000000
-10.000000 -10.000000 -10.000000 0.000000
0.487883 0.465326 0.434412 3.000000
0.474794 0.469784 0.436616 3.000000
0.458869 0.488160 0.435153 3.000000
0.478915 0.477456 0.433977 3.000000
-10.000000 -10.000000 -10.000000 3.000000
0.478219 0.466697 0.436300 3.000000
0.476729 0.524413 0.428756 3.000000
0.475960 0.472180 0.435863 3.000000
0.211655 0.362355 0.435448 4.000000
-10.000000 -10.000000 -10.000000 0.000000
0.480977 0.460095 0.435816 3.000000
0.221247 0.405730 0.452175 4.000000
-10.000000 -10.000000 -10.000000 0.000000
-10.000000 -10.000000 -10.000000 0.000000
0.428002 0.150230 0.422397 2.000000
0.222067 0.392745 0.448136 4.000000
0.220496 0.384163 0.438230 4.000000
-10.000000 -10.000000 -10.000000 3.000000
0.432931 0.149630 0.423823 2.000000
0.226466 0.382220 0.438156 4.000000
-10.000000 -10.000000 -10.000000 0.000000
0.221247 0.405730 0.452175 4.000000
-10.000000 -10.000000 -10.000000 0.000000
-10.000000 -10.000000 -10.000000 1.000000
0.246762 0.728771 0.417921 1.000000
-10.000000 -10.000000 -10.000000 2.000000
0.225742 0.724737 0.416581 1.000000
0.429341 0.154006 0.426648 2.000000
0.460445 0.480674 0.439922 3.000000
0.210538 0.374589 0.439851 4.000000
-10.000000 -10.000000 -10.000000 0.000000
0.209339 0.368397 0.432184 4.000000
0.436127 0.143053 0.428270 2.000000
0.439226 0.137105 0.419422 2.000000
-10.000000 -10.000000 -10.000000 0.000000
0.210937 0.362289 0.433764 4.000000
0.463754 0.467744 0.445253 3.000000
0.478219 0.466697 0.436300 3.000000
0.197494 0.383231 0.421738 4.000000
0.254547 0.725585 0.418275 1.000000
-10.000000 -10.000000 -10.000000 0.000000
-10.000000 -10.000000 -10.000000 0.000000
-10.000000 -10.000000 -10.000000 0.000000
0.481241 0.468951 0.431500 3.000000
-10.000000 -10.000000 -10.000000 3.000000
0.209012 0.398341 0.426430 4.000000
0.270845 0.715516 0.424626 1.000000
0.212941 0.732858 0.407585 1.000000
0.238924 0.696759 0.428937 1.000000
0.205134 0.370754 0.431769 4.000000
0.418126 0.160041 0.432448 3.000000
0.213246 0.409789 0.427763 4.000000
-10.000000 -10.000000 -10.000000 1.000000
-10.000000 -10.000000 -10.000000 0.000000
-10.000000 -10.000000 -10.000000 0.000000
0.203353 0.389230 0.428526 4.000000
0.485273 0.497026 0.429008 3.000000
0.485538 0.501871 0.427778 3.000000
0.487989 0.521835 0.427973 3.000000
0.219442 0.363791 0.432744 4.000000
-10.000000 -10.000000 -10.000000 0.000000
0.429341 0.154006 0.426648 2.000000
0.471161 0.503611 0.434868 0.000000
0.205779 0.385805 0.430363 4.000000
-10.000000 -10.000000 -10.000000 2.000000
0.212862 0.406352 0.427098 4.000000
0.437419 0.150387 0.430863 2.000000
0.213334 0.374148 0.432525 4.000000
-10.000000 -10.000000 -10.000000 0.000000
0.195470 0.377094 0.424394 4.000000
0.475804 0.518294 0.431376 3.000000
0.478175 0.458900 0.439277 3.000000
0.207203 0.429155 0.429735 4.000000
0.207789 0.375038 0.429086 4.000000
0.219773 0.386391 0.441509 4.000000
0.215148 0.363578 0.436240 4.000000
0.219566 0.373248 0.439604 4.000000
0.226877 0.727809 0.417255 1.000000
0.477254 0.474499 0.431892 3.000000
0.233478 0.701581 0.430759 1.000000
0.235598 0.708341 0.432572 1.000000
0.484719 0.484792 0.432094 3.000000
0.211564 0.360097 0.431804 4.000000
0.219532 0.732587 0.408269 1.000000
0.243525 0.705097 0.439694 1.000000
-10.000000 -10.000000 -10.000000 0.000000
0.223532 0.740557 0.405694 1.000000
0.470075 0.465733 0.436110 3.000000
0.214769 0.373169 0.431867 4.000000
0.475332 0.471725 0.436289 3.000000
0.201813 0.373444 0.426039 4.000000
-10.000000 -10.000000 -10.000000 0.000000
0.472244 0.468455 0.440300 3.000000
0.219532 0.732587 0.408269 1.000000
0.403726 0.141235 0.426507 2.000000
0.242392 0.702213 0.423844 1.000000
0.433980 0.147470 0.428549 2.000000
0.481147 0.491795 0.434943 3.000000
0.431285 0.142401 0.422121 2.000000
0.461145 0.458149 0.439488 3.000000
0.219532 0.732587 0.408269 1.000000
0.477631 0.468329 0.438745 3.000000
0.460292 0.492247 0.437871 3.000000
0.207549 0.370809 0.431016 4.000000
-10.000000 -10.000000 -10.000000 3.000000
0.208062 0.371635 0.432639 4.000000
-10.000000 -10.000000 -10.000000 4.000000
-10.000000 -10.000000 -10.000000 0.000000
0.209339 0.368397 0.432184 4.000000
0.482413 0.521593 0.424058 3.000000
0.251944 0.724063 0.429194 1.000000
0.232071 0.705902 0.423636 1.000000
0.211808 0.408958 0.426692 4.000000
0.468742 0.456536 0.437011 3.000000
-10.000000 -10.000000 -10.000000 0.000000
0.452588 0.157752 0.425230 2.000000
0.488970 0.469281 0.433238 3.000000
-10.000000 -10.000000 -10.000000 0.000000
0.417801 0.143373 0.420505 2.000000
0.475180 0.467461 0.433923 3.000000
0.218152 0.370783 0.436270 4.000000
0.476416 0.516151 0.429679 3.000000
-10.000000 -10.000000 -10.000000 2.000000
0.235598 0.708341 0.432572 1.000000
0.449142 0.501974 0.428518 3.000000
0.224195 0.372594 0.435882 4.000000
-10.000000 -10.000000 -10.000000 0.000000
0.424131 0.145454 0.425847 2.000000
0.247462 0.709783 0.431088 1.000000
0.482936 0.462606 0.438809 3.000000
0.467158 0.497307 0.429800 0.000000
0.211885 0.369419 0.435499 4.000000
-10.000000 -10.000000 -10.000000 0.000000
0.250169 0.708853 0.432322 1.000000
-10.000000 -10.000000 -10.000000 0.000000
0.242687 0.721616 0.419839 1.000000
0.446130 0.160241 0.426531 2.000000
0.222354 0.386050 0.439882 4.000000
-10.000000 -10.000000 -10.000000 3.000000
-10.000000 -10.000000 -10.000000 0.000000
0.487989 0.521835 0.427973 3.000000
-10.000000 -10.000000 -10.000000 0.000000
0.444204 0.152599 0.429552 2.000000
0.466115 0.455462 0.443199 3.000000
0.474581 0.469080 0.436382 3.000000
0.247233 0.700284 0.428236 1.000000
-10.000000 -10.000000 -10.000000 0.000000
0.412721 0.160790 0.435224 2.000000
-10.000000 -10.000000 -10.000000 3.000000
0.216395 0.388461 0.428611 4.000000
-10.000000 -10.000000 -10.000000 3.000000
0.211413 0.367323 0.437502 4.000000
0.215917 0.356788 0.432206 4.000000
0.437035 0.147678 0.432118 2.000000
0.489163 0.531776 0.421880 3.000000
0.480313 0.475281 0.436840 3.000000
0.443576 0.141447 0.420815 2.000000
0.474581 0.469080 0.436382 3.000000
-10.000000 -10.000000 -10.000000 0.000000
-10.000000 -10.000000 -10.000000 1.000000
0.258374 0.718174 0.418475 1.000000
0.424829 0.149669 0.436464 2.000000
0.225919 0.374325 0.437813 4.000000
0.479519 0.507362 0.431755 3.000000
0.481147 0.491795 0.434943 3.000000
0.191812 0.396384 0.426136 4.000000
0.450288 0.160696 0.433392 2.000000
-10.000000 -10.000000 -10.000000 2.000000
0.468079 0.470744 0.434551 3.000000
-10.000000 -10.000000 -10.000000 4.000000
0.475234 0.469406 0.442411 3.000000
0.461486 0.465366 0.441250 3.000000
0.442370 0.150256 0.424415 2.000000
-10.000000 -10.000000 -10.000000 3.000000
-10.000000 -10.000000 -10.000000 0.000000
0.457061 0.462231 0.440584 3.000000
0.203353 0.389230 0.428526 4.000000
0.475889 0.466957 0.436585 3.000000
0.484357 0.504561 0.427125 3.000000
-10.000000 -10.000000 -10.000000 0.000000
0.488949 0.496766 0.429605 3.000000
-10.000000 -10.000000 -10.000000 1.000000
-10.000000 -10.000000 -10.000000 3.000000
0.201251 0.374614 0.435907 4.000000
0.207975 0.389848 0.427184 4.000000
0.209687 0.380393 0.440067 4.000000
0.243525 0.705097 0.439694 1.000000
0.197826 0.384692 0.428067 4.000000
-10.000000 -10.000000 -10.000000 3.000000
0.222852 0.377627 0.442102 4.000000
0.487133 0.486103 0.433075 3.000000
-10.000000 -10.000000 -10.000000 1.000000
0.434588 0.144157 0.435970 2.000000
0.469219 0.465047 0.438901 3.000000
-10.000000 -10.000000 -10.000000 3.000000
0.192305 0.381141 0.426664 4.000000
-10.000000 -10.000000 -10.000000 1.000000
0.238376 0.716014 0.424413 1.000000
-10.000000 -10.000000 -10.000000 0.000000
-10.000000 -10.000000 -10.000000 0.000000
0.479545 0.487448 0.434007 3.000000
-10.000000 -10.000000 -10.000000 0.000000
0.422894 0.148385 0.430549 2.000000
0.183845 0.363699 0.415661 4.000000
0.198840 0.378468 0.419839 4.000000
0.202518 0.366783 0.432501 4.000000
0.468310 0.483463 0.437912 3.000000
-10.000000 -10.000000 -10.000000 0.000000
0.206911 0.339328 0.436703 1.000000
0.474073 0.471152 0.432132 3.000000
0.486910 0.505329 0.427976 3.000000
-10.000000 -10.000000 -10.000000 2.000000
-10.000000 -10.000000 -10.000000 0.000000
0.475231 0.503828 0.431932 3.000000
0.207789 0.375038 0.429086 4.000000
0.218621 0.382368 0.435466 4.000000
-10.000000 -10.000000 -10.000000 3.000000
0.200866 0.407300 0.426916 4.000000
0.485273 0.497026 0.429008 3.000000
0.472537 0.530165 0.423459 3.000000
0.428885 0.138569 0.430152 2.000000
0.473871 0.475897 0.431185 3.000000
0.474592 0.470557 0.431378 3.000000
0.476364 0.459029 0.438271 3.000000
0.473856 0.480446 0.435681 3.000000
0.469398 0.512307 0.426802 3.000000
0.244637 0.720178 0.427023 1.000000
0.472337 0.454527 0.433441 3.000000
0.482518 0.471311 0.429397 3.000000
0.464685 0.462508 0.441173 3.000000
0.230853 0.371277 0.449470 4.000000
-10.000000 -10.000000 -10.000000 0.000000
0.430340 0.139305 0.421680 2.000000
0.215386 0.344905 0.437224 4.000000
0.252270 0.701275 0.426907 1.000000
-10.000000 -10.000000 -10.000000 0.000000
0.447102 0.137558 0.420887 2.000000
0.470864 0.474391 0.433989 3.000000
0.226423 0.374027 0.448978 4.000000
0.210753 0.406234 0.445910 4.000000
0.202563 0.378019 0.426717 4.000000
0.258081 0.720946 0.422997 1.000000
0.213576 0.414709 0.445095 4.000000
0.227410 0.380319 0.441625 4.000000
-10.000000 -10.000000 -10.000000 1.000000
0.443456 0.160060 0.434390 2.000000
0.479711 0.457459 0.433992 3.000000
-10.000000 -10.000000 -10.000000 3.000000
0.204404 0.372612 0.432435 4.000000
0.213290 0.383470 0.431507 4.000000
0.212350 0.368083 0.431714 4.000000
0.237617 0.717161 0.422017 1.000000
0.210322 0.362715 0.433256 4.000000
0.221981 0.360736 0.441200 4.000000
0.212905 0.356545 0.434370 4.000000
0.458438 0.476736 0.441444 3.000000
0.477061 0.472324 0.440589 3.000000
-10.000000 -10.000000 -10.000000 0.000000
0.210538 0.374589 0.439851 4.000000
0.251659 0.717919 0.429073 1.000000
0.222983 0.410177 0.454820 4.000000
0.215594 0.371618 0.435045 4.000000
0.255038 0.703427 0.427894 1.000000
-10.000000 -10.000000 -10.000000 0.000000
0.216968 0.381330 0.434294 4.000000
-10.000000 -10.000000 -10.000000 3.000000
0.208642 0.367530 0.429728 4.000000
0.226974 0.381971 0.447766 4.000000
0.179917 0.376588 0.423568 4.000000
0.211590 0.369615 0.433217 4.000000
0.412587 0.129406 0.419261 2.000000
0.472379 0.469789 0.438341 3.000000
0.198822 0.342761 0.425264 4.000000
0.227688 0.382890 0.444258 4.000000
0.485240 0.480588 0.425614 3.000000
-10.000000 -10.000000 -10.000000 3.000000
0.478856 0.473741 0.436909 3.000000
0.212377 0.409885 0.443488 4.000000
-10.000000 -10.000000 -10.000000 1.000000
-10.000000 -10.000000 -10.000000 0.000000
0.467424 0.480054 0.443590 3.000000
0.249328 0.716024 0.428251 1.000000
0.413600 0.137790 0.427391 2.000000
0.480160 0.484557 0.428415 3.000000
0.214611 0.371731 0.435591 4.000000
0.472385 0.462225 0.432188 3.000000
-10.000000 -10.000000 -10.000000 0.000000
0.209233 0.387166 0.428567 4.000000
0.229233 0.376220 0.444595 4.000000
0.241901 0.722334 0.425347 1.000000
0.488652 0.492765 0.430072 3.000000
0.212350 0.368083 0.431714 4.000000
0.248263 0.714447 0.429351 1.000000
0.211114 0.381693 0.425526 4.000000
-10.000000 -10.000000 -10.000000 0.000000
0.475332 0.471725 0.436289 3.000000
0.469088 0.459910 0.438256 3.000000
-10.000000 -10.000000 -10.000000 0.000000
0.215202 0.369147 0.433821 4.000000
0.224137 0.725192 0.410189 1.000000
0.266301 0.745900 0.417945 1.000000
0.216454 0.376952 0.437956 4.000000
0.470019 0.478840 0.441460 3.000000
-10.000000 -10.000000 -10.000000 0.000000
0.475820 0.469095 0.437921 3.000000
0.216808 0.392224 0.443010 4.000000
0.239878 0.711889 0.421542 1.000000
-10.000000 -10.000000 -10.000000 0.000000
0.222265 0.381711 0.441573 1.000000
0.485530 0.493800 0.429430 3.000000
-10.000000 -10.000000 -10.000000 3.000000
-10.000000 -10.000000 -10.000000 3.000000
0.454371 0.486825 0.432373 3.000000
0.243272 0.733064 0.426404 1.000000
-10.000000 -10.000000 -10.000000 0.000000
0.483265 0.480075 0.437678 3.000000
0.213782 0.410237 0.444572 4.000000
0.238189 0.724823 0.420077 1.000000
-10.000000 -10.000000 -10.000000 3.000000
0.224571 0.366520 0.438843 4.000000
0.217859 0.382774 0.443840 1.000000
0.446130 0.160241 0.426531 2.000000
0.254039 0.724693 0.424268 1.000000
0.201813 0.373444 0.426039 4.000000
0.219275 0.377196 0.438741 4.000000
0.192653 0.376286 0.426290 4.000000
0.484835 0.490663 0.433037 3.000000
0.208997 0.403034 0.442338 4.000000
0.423856 0.141166 0.424548 2.000000
0.207574 0.367695 0.434882 4.000000
0.475848 0.484269 0.436933 3.000000
0.224288 0.381896 0.437804 4.000000
0.210287 0.378133 0.432917 4.000000
0.247170 0.707604 0.426712 1.000000
0.218991 0.364156 0.438308 4.000000
0.229337 0.388308 0.448793 4.000000
0.464689 0.504619 0.430933 3.000000
0.209574 0.383093 0.432228 4.000000
0.187202 0.386862 0.430397 4.000000
-10.000000 -10.000000 -10.000000 1.000000
0.218295 0.368700 0.434655 4.000000
0.247872 0.709094 0.426991 1.000000
-10.000000 -10.000000 -10.000000 2.000000
0.487883 0.465326 0.434412 3.000000
0.468822 0.496467 0.437340 3.000000
0.473298 0.477015 0.437341 3.000000
0.229233 0.376220 0.444595 4.000000
0.194684 0.375704 0.426994 4.000000
0.220163 0.373829 0.434942 4.000000
0.473856 0.480446 0.435681 3.000000
-10.000000 -10.000000 -10.000000 2.000000
0.449415 0.500718 0.412801 0.000000
-10.000000 -10.000000 -10.000000 0.000000
-10.000000 -10.000000 -10.000000 1.000000
0.424131 0.145454 0.425847 2.000000
-10.000000 -10.000000 -10.000000 2.000000
0.430853 0.138302 0.421687 2.000000
0.222983 0.410177 0.454820 4.000000
0.428752 0.148781 0.430459 2.000000
0.480788 0.470230 0.436791 3.000000
0.428752 0.148781 0.430459 2.000000
0.209620 0.369717 0.431790 4.000000
0.225921 0.376522 0.442664 4.000000
0.214437 0.360278 0.435308 4.000000
-10.000000 -10.000000 -10.000000 0.000000
0.210937 0.362289 0.433764 4.000000
0.479224 0.507276 0.431138 3.000000
0.207040 0.409383 0.431480 4.000000
0.422247 0.141637 0.429170 2.000000
0.469927 0.511785 0.432438 3.000000
0.179642 0.373042 0.424185 4.000000
-10.000000 -10.000000 -10.000000 0.000000
0.221627 0.371085 0.432666 4.000000
0.452606 0.497353 0.438414 3.000000
0.478238 0.471311 0.433019 3.000000
-10.000000 -10.000000 -10.000000 0.000000
-10.000000 -10.000000 -10.000000 3.000000
-10.000000 -10.000000 -10.000000 0.000000
0.200588 0.384880 0.427181 4.000000
-10.000000 -10.000000 -10.000000 3.000000
0.209235 0.388923 0.432402 4.000000
0.232324 0.723905 0.424987 1.000000
0.460526 0.467277 0.443020 3.000000
0.237617 0.717161 0.422017 1.000000
0.218621 0.382368 0.435466 4.000000
0.486910 0.505329 0.427976 3.000000
0.231756 0.709193 0.422485 1.000000
0.408281 0.145986 0.428133 2.000000
0.210038 0.406871 0.430236 4.000000
0.431947 0.141967 0.422122 2.000000
0.218621 0.382368 0.435466 4.000000
0.225116 0.390070 0.449245 4.000000
0.247233 0.700284 0.428236 1.000000
0.467414 0.460521 0.434767 3.000000
-10.000000 -10.000000 -10.000000 0.000000
-10.000000 -10.000000 -10.000000 0.000000
0.238741 0.735131 0.416930 1.000000
0.244919 0.719461 0.423541 1.000000
0.254397 0.707229 0.426012 1.000000
0.210950 0.373138 0.431201 4.000000
0.209620 0.369717 0.431790 4.000000
0.446901 0.148343 0.424498 2.000000
0.231290 0.380521 0.441105 4.000000
0.192305 0.381141 0.426664 4.000000
0.247069 0.710092 0.431846 1.000000
0.435760 0.151177 0.425801 2.000000
0.217847 0.383580 0.441872 4.000000
0.415591 0.148288 0.430557 2.000000
0.460527 0.469290 0.438540 3.000000
0.236071 0.700591 0.428434 1.000000
0.255829 0.705266 0.422669 1.000000
0.228608 0.739332 0.412857 1.000000
0.426739 0.148876 0.428223 2.000000
-10.000000 -10.000000 -10.000000 0.000000
-10.000000 -10.000000 -10.000000 0.000000
0.215148 0.363578 0.436240 4.000000
0.420504 0.134688 0.420334 2.000000
0.217736 0.331953 0.438444 1.000000
0.477196 0.476370 0.438363 3.000000
0.203957 0.361125 0.429374 4.000000
0.215202 0.369147 0.433821 4.000000
-10.000000 -10.000000 -10.000000 0.000000
0.468161 0.457469 0.441500 3.000000
0.483442 0.458873 0.435653 3.000000
0.249328 0.716024 0.428251 1.000000
0.478927 0.455169 0.431693 3.000000
0.452899 0.463660 0.442927 3.000000
0.449069 0.495191 0.429697 3.000000
0.483411 0.462414 0.435193 3.000000
0.486244 0.469592 0.433522 3.000000
0.262647 0.716856 0.421110 1.000000
-10.000000 -10.000000 -10.000000 1.000000
0.205000 0.391903 0.429410 4.000000
-10.000000 -10.000000 -10.000000 0.000000
-10.000000 -10.000000 -10.000000 3.000000
-10.000000 -10.000000 -10.000000 0.000000
0.467704 0.472314 0.441645 3.000000
0.429444 0.149649 0.430127 2.000000
0.477091 0.522713 0.423393 3.000000
0.229530 0.699806 0.429046 1.000000
0.467379 0.471744 0.439903 3.000000
0.213487 0.373000 0.431088 4.000000
-10.000000 -10.000000 -10.000000 1.000000
0.213853 0.363951 0.434049 4.000000
0.430407 0.152751 0.431431 2.000000
0.240609 0.738193 0.412876 1.000000
0.255549 0.707061 0.431493 1.000000
0.427498 0.134600 0.419707 2.000000
-10.000000 -10.000000 -10.000000 4.000000
-10.000000 -10.000000 -10.000000 3.000000
-10.000000 -10.000000 -10.000000 1.000000
0.244895 0.722890 0.420307 1.000000
0.202321 0.367267 0.430504 4.000000
-10.000000 -10.000000 -10.000000 0.000000
0.209978 0.376750 0.439535 4.000000
0.424131 0.145454 0.425847 2.000000
0.206002 0.364421 0.438230 4.000000
-10.000000 -10.000000 -10.000000 1.000000
0.214983 0.365931 0.432217 4.000000
0.218032 0.376512 0.443430 4.000000
0.214870 0.385082 0.431013 4.000000
0.220667 0.372119 0.439879 4.000000
0.249685 0.717706 0.429787 1.000000
0.450452 0.495747 0.422587 3.000000
0.472546 0.482430 0.433521 3.000000
0.481070 0.468744 0.430727 3.000000
0.207776 0.370439 0.442269 4.000000
0.469250 0.474557 0.437441 3.000000
0.185951 0.376704 0.428970 4.000000
0.486730 0.491769 0.434049 3.000000
0.225574 0.371451 0.440252 4.000000
0.215274 0.368880 0.432201 4.000000
0.431770 0.148642 0.433982 2.000000
-10.000000 -10.000000 -10.000000 0.000000
0.187604 0.381845 0.425454 4.000000
-10.000000 -10.000000 -10.000000 3.000000
0.490809 0.485444 0.430320 3.000000
0.435760 0.151177 0.425801 2.000000
0.407005 0.137879 0.422768 2.000000
-10.000000 -10.000000 -10.000000 0.000000
0.468079 0.470744 0.434551 3.000000
0.486114 0.498568 0.430572 3.000000
0.223244 0.361306 0.437770 4.000000
-10.000000 -10.000000 -10.000000 0.000000
0.483917 0.475302 0.432658 3.000000
0.226121 0.378425 0.444641 1.000000
-10.000000 -10.000000 -10.000000 0.000000
0.440861 0.132756 0.425849 2.000000
-10.000000 -10.000000 -10.000000 3.000000
-10.000000 -10.000000 -10.000000 1.000000
0.220495 0.368062 0.440034 4.000000
0.216922 0.374847 0.433966 4.000000
0.428668 0.149343 0.429737 2.000000
0.492974 0.512728 0.427065 3.000000
0.476675 0.527837 0.421135 3.000000
-10.000000 -10.000000 -10.000000 0.000000
0.198718 0.365310 0.432161 4.000000
0.418126 0.160041 0.432448 3.000000
-10.000000 -10.000000 -10.000000 3.000000
0.469302 0.462250 0.438064 3.000000
-10.000000 -10.000000 -10.000000 3.000000
0.207444 0.419432 0.426621 4.000000
0.254547 0.725585 0.418275 1.000000
-10.000000 -10.000000 -10.000000 1.000000
0.412587 0.129406 0.419261 2.000000
0.207929 0.372617 0.435718 4.000000
0.422052 0.155056 0.439432 2.000000
-10.000000 -10.000000 -10.000000 3.000000
0.215594 0.371618 0.435045 4.000000
0.225919 0.374325 0.437813 4.000000
0.466444 0.472901 0.442085 3.000000
-10.000000 -10.000000 -10.000000 0.000000
0.423483 0.129388 0.423311 2.000000
0.463736 0.452037 0.442542 3.000000
-10.000000 -10.000000 -10.000000 3.000000
0.229668 0.370347 0.444263 4.000000
0.469596 0.464079 0.442533 3.000000
0.211283 0.381654 0.424925 4.000000
-10.000000 -10.000000 -10.000000 1.000000
0.478856 0.473741 0.436909 3.000000
0.207341 0.396340 0.438126 4.000000
0.467661 0.469394 0.435733 3.000000
0.209339 0.368397 0.432184 4.000000
-10.000000 -10.000000 -10.000000 0.000000
0.469899 0.471778 0.437806 3.000000
0.485743 0.459862 0.430093 3.000000
-10.000000 -10.000000 -10.000000 0.000000
-10.000000 -10.000000 -10.000000 3.000000
0.228688 0.363068 0.443176 4.000000
0.482521 0.461242 0.434464 3.000000
0.232757 0.718504 0.422070 1.000000
-10.000000 -10.000000 -10.000000 0.000000
0.205002 0.359587 0.430701 4.000000
-10.000000 -10.000000 -10.000000 0.000000
0.209940 0.354579 0.428461 4.000000
0.217364 0.338755 0.438196 4.000000
0.255782 0.708184 0.432832 1.000000
-10.000000 -10.000000 -10.000000 0.000000
-10.000000 -10.000000 -10.000000 3.000000
0.224332 0.364908 0.435929 4.000000
0.481862 0.487551 0.426737 3.000000
0.475889 0.466957 0.436585 3.000000
-10.000000 -10.000000 -10.000000 3.000000
-10.000000 -10.000000 -10.000000 3.000000
0.221459 0.730383 0.410909 1.000000
-10.000000 -10.000000 -10.000000 0.000000
0.418036 0.132221 0.420882 2.000000
0.201663 0.395656 0.429897 4.000000
0.250543 0.715580 0.428721 1.000000
0.469088 0.459910 0.438256 3.000000
-10.000000 -10.000000 -10.000000 0.000000
0.209335 0.371625 0.431348 4.000000
0.480392 0.461596 0.441445 3.000000
0.204816 0.371046 0.431842 4.000000
0.450129 0.501856 0.421647 3.000000
0.449277 0.483663 0.421089 3.000000
-10.000000 -10.000000 -10.000000 3.000000
0.201059 0.372572 0.429907 4.000000
0.256058 0.711324 0.424028 1.000000
-10.000000 -10.000000 -10.000000 1.000000
0.446757 0.486900 0.410468 0.000000
-10.000000 -10.000000 -10.000000 3.000000
0.214175 0.372426 0.432112 4.000000
0.416222 0.138385 0.427423 2.000000
0.454371 0.486825 0.432373 3.000000
0.417504 0.158741 0.440404 2.000000
0.433987 0.143950 0.423747 2.000000
0.216671 0.408885 0.427442 4.000000
-10.000000 -10.000000 -10.000000 0.000000
0.474073 0.471152 0.432132 3.000000
0.475100 0.466599 0.441655 3.000000
-10.000000 -10.000000 -10.000000 4.000000
0.185052 0.365778 0.424856 4.000000
0.433188 0.153333 0.436041 2.000000
0.474724 0.493411 0.429202 3.000000
0.492974 0.512728 0.427065 3.000000
-10.000000 -10.000000 -10.000000 0.000000
0.229427 0.376118 0.444906 1.000000
-10.000000 -10.000000 -10.000000 3.000000
0.211413 0.367323 0.437502 4.000000
0.466164 0.464197 0.442906 3.000000
0.453292 0.511194 0.419039 3.000000
-10.000000 -10.000000 -10.000000 4.000000
0.463136 0.519233 0.433082 3.000000
0.186350 0.369498 0.422037 4.000000
0.203982 0.402797 0.429117 4.000000
0.418126 0.160041 0.432448 3.000000
0.224874 0.732987 0.409448 1.000000
-10.000000 -10.000000 -10.000000 1.000000
0.477709 0.466005 0.430256 3.000000
0.471783 0.459339 0.435812 3.000000
0.198718 0.365310 0.432161 4.000000
-10.000000 -10.000000 -10.000000 3.000000
-10.000000 -10.000000 -10.000000 0.000000
0.210077 0.364027 0.433725 4.000000
-10.000000 -10.000000 -10.000000 1.000000
-10.000000 -10.000000 -10.000000 0.000000
0.238382 0.717878 0.421141 1.000000
0.462313 0.455372 0.439191 3.000000
0.424131 0.145454 0.425847 2.000000
0.428885 0.138569 0.430152 2.000000
0.487132 0.463247 0.431750 3.000000
0.422052 0.155056 0.439432 2.000000
0.249282 0.706367 0.426238 1.000000
0.215227 0.386906 0.442431 4.000000
0.412721 0.160790 0.435224 2.000000
-10.000000 -10.000000 -10.000000 3.000000
0.196854 0.361251 0.426354 4.000000
0.202538 0.362580 0.425104 4.000000
0.211920 0.375905 0.431662 4.000000
0.492558 0.487207 0.429347 3.000000
0.219693 0.386681 0.443799 4.000000
0.476110 0.496271 0.436413 3.000000
0.216105 0.369658 0.442788 2.000000
0.488976 0.489833 0.432782 3.000000
0.447291 0.153946 0.425660 2.000000
0.214175 0.372426 0.432112 4.000000
0.467661 0.469394 0.435733 3.000000
0.430911 0.147791 0.425091 2.000000
0.427498 0.134600 0.419707 2.000000
0.475973 0.531152 0.423080 3.000000
0.214899 0.388301 0.438580 4.000000
0.243525 0.705097 0.439694 1.000000
-10.000000 -10.000000 -10.000000 0.000000
0.480245 0.462318 0.435856 3.000000
0.203982 0.402797 0.429117 4.000000
0.475234 0.469406 0.442411 3.000000
0.486114 0.498568 0.430572 3.000000
0.187202 0.386862 0.430397 4.000000
-10.000000 -10.000000 -10.000000 1.000000
0.466355 0.468895 0.442933 3.000000
0.484474 0.466290 0.430304 3.000000
-10.000000 -10.000000 -10.000000 0.000000
-10.000000 -10.000000 -10.000000 0.000000
0.471084 0.486428 0.437158 3.000000
0.196476 0.388496 0.429935 4.000000
0.213136 0.414806 0.431028 4.000000
0.437711 0.175647 0.434222 3.000000
0.215890 0.366606 0.431492 4.000000
0.484934 0.501959 0.431070 3.000000
0.206242 0.360195 0.425911 4.000000
0.421274 0.154745 0.434892 2.000000
0.488976 0.489833 0.432782 3.000000
0.463754 0.467744 0.445253 3.000000
0.240668 0.738196 0.411659 1.000000
0.216391 0.412007 0.431062 4.000000
0.210287 0.378133 0.432917 4.000000
-10.000000 -10.000000 -10.000000 2.000000
0.479567 0.516674 0.427515 3.000000
-10.000000 -10.000000 -10.000000 1.000000
0.460069 0.471668 0.436834 3.000000
0.472337 0.454527 0.433441 3.000000
0.466598 0.508264 0.429049 3.000000
0.215524 0.371739 0.435400 4.000000
0.483529 0.461924 0.433098 3.000000
0.481789 0.462945 0.434266 3.000000
-10.000000 -10.000000 -10.000000 0.000000
0.408978 0.134649 0.434004 2.000000
0.199252 0.350548 0.426384 4.000000
-10.000000 -10.000000 -10.000000 2.000000
0.417288 0.442260 0.371584 0.000000
0.486271 0.487728 0.436620 3.000000
0.252369 0.710363 0.431635 1.000000
0.200753 0.380755 0.434576 4.000000
0.218037 0.390811 0.432670 4.000000
-10.000000 -10.000000 -10.000000 4.000000
0.199404 0.363970 0.430100 4.000000
-10.000000 -10.000000 -10.000000 0.000000
0.242392 0.702213 0.423844 1.000000
-10.000000 -10.000000 -10.000000 3.000000
0.485120 0.488361 0.431255 3.000000
0.217236 0.364038 0.440842 4.000000
0.255782 0.708184 0.432832 1.000000
-10.000000 -10.000000 -10.000000 3.000000
0.457210 0.492021 0.427561 3.000000
-10.000000 -10.000000 -10.000000 0.000000
-10.000000 -10.000000 -10.000000 0.000000
0.197200 0.362124 0.422712 4.000000
0.482776 0.532687 0.417495 3.000000
0.248568 0.721558 0.424015 1.000000
0.216997 0.379987 0.433052 4.000000
-10.000000 -10.000000 -10.000000 1.000000
-10.000000 -10.000000 -10.000000 3.000000
0.224945 0.362409 0.431870 4.000000
0.241723 0.700540 0.423964 1.000000
0.471161 0.503611 0.434868 0.000000
0.184978 0.385521 0.422987 4.000000
0.220163 0.373829 0.434942 4.000000
-10.000000 -10.000000 -10.000000 3.000000
0.475285 0.465184 0.430352 3.000000
0.424158 0.137247 0.425514 2.000000
0.249685 0.717706 0.429787 1.000000
0.189821 0.373313 0.423526 4.000000
0.214437 0.360278 0.435308 4.000000
0.193495 0.359437 0.425095 4.000000
0.212377 0.409885 0.443488 4.000000
-10.000000 -10.000000 -10.000000 0.000000
0.486957 0.459593 0.432785 3.000000
0.213782 0.410237 0.444572 4.000000
0.479512 0.465779 0.437564 3.000000
0.223703 0.395815 0.444078 4.000000
0.215641 0.397739 0.440235 4.000000
0.212784 0.372242 0.431766 4.000000
0.452388 0.497794 0.427804 3.000000
-10.000000 -10.000000 -10.000000 0.000000
-10.000000 -10.000000 -10.000000 0.000000
0.213381 0.369280 0.433774 4.000000
-10.000000 -10.000000 -10.000000 2.000000
0.218391 0.370667 0.436000 4.000000
0.476732 0.472293 0.440399 3.000000
0.412587 0.129406 0.419261 2.000000
0.484016 0.467441 0.432646 3.000000
0.205540 0.354329 0.425521 4.000000
-10.000000 -10.000000 -10.000000 1.000000
0.214092 0.367318 0.432704 4.000000
0.220493 0.372946 0.443727 4.000000
0.465209 0.453417 0.439687 3.000000
0.201740 0.353933 0.428167 4.000000
0.468142 0.473702 0.434899 3.000000
0.206002 0.364421 0.438230 4.000000
0.488652 0.492765 0.430072 3.000000
-10.000000 -10.000000 -10.000000 2.000000
0.242278 0.722969 0.419209 1.000000
0.229530 0.699806 0.429046 1.000000
0.214795 0.386134 0.430791 4.000000
0.466355 0.468895 0.442933 3.000000
0.195459 0.370454 0.419334 4.000000
0.233047 0.717065 0.427741 1.000000
0.473871 0.475897 0.431185 3.000000
-10.000000 -10.000000 -10.000000 0.000000
-10.000000 -10.000000 -10.000000 0.000000
0.219791 0.368550 0.432763 4.000000
0.478471 0.512739 0.430869 3.000000
0.215424 0.400836 0.435262 4.000000
0.184978 0.385521 0.422987 4.000000
0.205543 0.363623 0.431864 4.000000
0.217708 0.387829 0.448618 4.000000
0.190386 0.369473 0.427165 4.000000
0.488608 0.459225 0.431458 3.000000
0.203192 0.371022 0.429560 4.000000
0.244448 0.732843 0.418699 1.000000
0.246392 0.724135 0.419229 1.000000
-10.000000 -10.000000 -10.000000 0.000000
0.241901 0.722334 0.425347 1.000000
-10.000000 -10.000000 -10.000000 3.000000
-10.000000 -10.000000 -10.000000 0.000000
0.208642 0.367530 0.429728 4.000000
-10.000000 -10.000000 -10.000000 1.000000
0.470066 0.468530 0.440357 3.000000
0.483348 0.482701 0.434048 3.000000
0.207975 0.389848 0.427184 4.000000
-10.000000 -10.000000 -10.000000 0.000000
0.444474 0.150419 0.428918 2.000000
0.483411 0.462414 0.435193 3.000000
0.229938 0.708226 0.422951 1.000000
0.195399 0.375418 0.430160 4.000000
0.485566 0.460697 0.430945 3.000000
0.199921 0.370918 0.432074 4.000000
0.232324 0.723905 0.424987 1.000000
0.489375 0.488456 0.435901 3.000000
0.211666 0.409832 0.442858 4.000000
0.215961 0.389093 0.438229 4.000000
0.239600 0.733211 0.416213 1.000000
-10.000000 -10.000000 -10.000000 0.000000
0.216454 0.376952 0.437956 4.000000
0.468243 0.467366 0.443859 3.000000
0.477709 0.466005 0.430256 3.000000
-10.000000 -10.000000 -10.000000 0.000000
0.202762 0.375290 0.427785 4.000000
0.221981 0.360736 0.441200 4.000000
-10.000000 -10.000000 -10.000000 3.000000
-10.000000 -10.000000 -10.000000 0.000000
-10.000000 -10.000000 -10.000000 0.000000
0.478783 0.470247 0.436998 3.000000
0.401977 0.134528 0.430748 2.000000
0.214505 0.403155 0.443921 4.000000
0.219442 0.363791 0.432744 4.000000
-10.000000 -10.000000 -10.000000 3.000000
0.241602 0.715106 0.424027 1.000000
0.217236 0.364038 0.440842 4.000000
-10.000000 -10.000000 -10.000000 3.000000
0.435919 0.150100 0.423594 2.000000
-10.000000 -10.000000 -10.000000 2.000000
0.450452 0.495747 0.422587 3.000000
0.200717 0.365524 0.426196 4.000000
-10.000000 -10.000000 -10.000000 0.000000
-10.000000 -10.000000 -10.000000 0.000000
0.427498 0.134600 0.419707 2.000000
0.419730 0.129318 0.421891 2.000000
0.223703 0.395815 0.444078 4.000000
0.432764 0.148850 0.426731 2.000000
0.216572 0.398073 0.422537 4.000000
0.476515 0.475498 0.431990 3.000000
0.224904 0.380304 0.439524 4.000000
0.416895 0.145214 0.427027 2.000000
0.238382 0.717878 0.421141 1.000000
0.411255 0.139395 0.422872 2.000000
0.471161 0.503611 0.434868 0.000000
0.489208 0.492132 0.431698 3.000000
0.414366 0.143189 0.430825 2.000000
0.249282 0.706367 0.426238 1.000000
0.244522 0.720046 0.428155 1.000000
0.450129 0.501856 0.421647 3.000000
0.419385 0.144530 0.424630 2.000000
0.458480 0.489722 0.438887 3.000000
-10.000000 -10.000000 -10.000000 3.000000
0.243941 0.729536 0.426147 1.000000
0.481070 0.468744 0.430727 3.000000
0.493136 0.522047 0.419771 3.000000
0.207444 0.419432 0.426621 4.000000
0.443793 0.161556 0.439528 2.000000
-10.000000 -10.000000 -10.000000 3.000000
0.197826 0.384692 0.428067 4.000000
-10.000000 -10.000000 -10.000000 0.000000
0.487133 0.486103 0.433075 3.000000
0.182926 0.362781 0.414419 4.000000
0.437722 0.146807 0.422778 2.000000
0.493097 0.486743 0.424842 3.000000
0.334823 0.107820 0.354671 2.000000
0.469899 0.471778 0.437806 3.000000
0.224242 0.398978 0.434159 4.000000
-10.000000 -10.000000 -10.000000 0.000000
0.222706 0.383673 0.437510 4.000000
0.469398 0.512307 0.426802 3.000000
0.254087 0.714762 0.431185 1.000000
0.240668 0.738196 0.411659 1.000000
0.243371 0.720223 0.423589 1.000000
0.219535 0.375192 0.439040 4.000000
-10.000000 -10.000000 -10.000000 1.000000
-10.000000 -10.000000 -10.000000 0.000000
-10.000000 -10.000000 -10.000000 2.000000
0.201740 0.353933 0.428167 4.000000
-10.000000 -10.000000 -10.000000 2.000000
0.412382 0.146273 0.430883 2.000000
0.206344 0.351845 0.431846 4.000000
-10.000000 -10.000000 -10.000000 0.000000
-10.000000 -10.000000 -10.000000 0.000000
-10.000000 -10.000000 -10.000000 0.000000
0.471538 0.479807 0.447810 3.000000
0.204975 0.366895 0.431092 4.000000
0.256513 0.710187 0.430163 1.000000
0.430107 0.139939 0.421295 2.000000
-10.000000 -10.000000 -10.000000 1.000000
0.470075 0.465733 0.436110 3.000000
0.202367 0.379691 0.436401 4.000000
0.223425 0.361685 0.440527 4.000000
0.253077 0.727941 0.420651 1.000000
0.460292 0.492247 0.437871 3.000000
0.464685 0.462508 0.441173 3.000000
0.203025 0.373426 0.435276 4.000000
0.229535 0.718195 0.421307 1.000000
-10.000000 -10.000000 -10.000000 3.000000
0.214896 0.371385 0.437724 4.000000
0.215917 0.356788 0.432206 4.000000
0.206636 0.366795 0.428578 4.000000
0.421913 0.149959 0.433657 2.000000
0.484021 0.465601 0.435927 3.000000
0.205540 0.354329 0.425521 4.000000
0.471084 0.486428 0.437158 3.000000
0.471084 0.486428 0.437158 3.000000
0.430593 0.132312 0.419998 2.000000
0.466943 0.453929 0.439913 3.000000
-10.000000 -10.000000 -10.000000 3.000000
0.459848 0.501432 0.437953 3.000000
0.478156 0.503381 0.435525 3.000000
-10.000000 -10.000000 -10.000000 0.000000
-10.000000 -10.000000 -10.000000 3.000000
0.488652 0.492765 0.430072 3.000000
0.431290 0.151429 0.431735 2.000000
0.434642 0.144424 0.432705 2.000000
0.422894 0.148385 0.430549 2.000000
-10.000000 -10.000000 -10.000000 3.000000
-10.000000 -10.000000 -10.000000 0.000000
0.478927 0.455169 0.431693 3.000000
0.482518 0.471311 0.429397 3.000000
-10.000000 -10.000000 -10.000000 1.000000
-10.000000 -10.000000 -10.000000 1.000000
-10.000000 -10.000000 -10.000000 0.000000
0.431594 0.146096 0.431166 2.000000
0.486207 0.505346 0.430048 3.000000
0.194323 0.373151 0.428087 4.000000
0.203437 0.372091 0.435274 4.000000
0.198630 0.379609 0.430287 4.000000
0.214611 0.371731 0.435591 4.000000
0.216454 0.376952 0.437956 4.000000
0.222405 0.386073 0.439959 4.000000
0.212768 0.359627 0.436759 4.000000
0.229007 0.350142 0.438518 4.000000
0.221459 0.730383 0.410909 1.000000
0.469278 0.483532 0.437899 3.000000
0.214426 0.413342 0.428722 4.000000
0.485530 0.493800 0.429430 3.000000
0.233027 0.720212 0.419261 1.000000
0.479120 0.492505 0.434819 3.000000
0.485743 0.459862 0.430093 3.000000
0.487445 0.504117 0.429568 3.000000
0.224242 0.398978 0.434159 4.000000
0.238924 0.696759 0.428937 1.000000
-10.000000 -10.000000 -10.000000 0.000000
0.469268 0.514934 0.431107 3.000000
0.270845 0.715516 0.424626 1.000000
-10.000000 -10.000000 -10.000000 3.000000
0.216404 0.395017 0.437859 4.000000
-10.000000 -10.000000 -10.000000 0.000000
0.250109 0.729443 0.419904 1.000000
0.446490 0.164128 0.434359 2.000000
-10.000000 -10.000000 -10.000000 0.000000
0.211808 0.408958 0.426692 4.000000
0.475804 0.518294 0.431376 3.000000
0.240609 0.738193 0.412876 1.000000
0.214899 0.388301 0.438580 4.000000
0.469032 0.470576 0.440195 3.000000
0.237708 0.695565 0.424097 1.000000
0.203234 0.371287 0.432204 4.000000
0.416314 0.144395 0.431329 2.000000
0.486740 0.465146 0.434951 3.000000
-10.000000 -10.000000 -10.000000 3.000000
0.480528 0.463071 0.438411 3.000000
-10.000000 -10.000000 -10.000000 0.000000
-10.000000 -10.000000 -10.000000 1.000000
0.464637 0.469946 0.438955 3.000000
0.236122 0.720682 0.424664 1.000000
0.210753 0.406234 0.445910 4.000000
0.431597 0.150336 0.431652 2.000000
0.471092 0.464348 0.440027 3.000000
0.456989 0.498614 0.446170 3.000000
-10.000000 -10.000000 -10.000000 2.000000
0.476269 0.515360 0.423043 3.000000
0.480433 0.501635 0.428679 3.000000
0.242687 0.721616 0.419839 1.000000
0.212578 0.359140 0.432846 4.000000
0.475973 0.531152 0.423080 3.000000
0.219248 0.354056 0.433686 4.000000
0.416222 0.138385 0.427423 2.000000
0.193295 0.372926 0.430152 4.000000
0.178673 0.365652 0.423037 4.000000
-10.000000 -10.000000 -10.000000 0.000000
0.447853 0.496620 0.424680 3.000000
-10.000000 -10.000000 -10.000000 2.000000
-10.000000 -10.000000 -10.000000 0.000000
-10.000000 -10.000000 -10.000000 0.000000
0.234621 0.732874 0.413977 1.000000
0.471656 0.529414 0.427022 3.000000
0.224142 0.376721 0.441807 4.000000
-10.000000 -10.000000 -10.000000 3.000000
0.204424 0.354710 0.430957 4.000000
0.224904 0.380304 0.439524 4.000000
0.487006 0.466618 0.438775 3.000000
-10.000000 -10.000000 -10.000000 0.000000
0.214505 0.403155 0.443921 4.000000
-10.000000 -10.000000 -10.000000 0.000000
0.469610 0.517537 0.427822 3.000000
-10.000000 -10.000000 -10.000000 0.000000
0.227636 0.382848 0.442304 4.000000
0.469899 0.471778 0.437806 3.000000
0.429313 0.134549 0.418435 2.000000
0.450452 0.495747 0.422587 3.000000
0.457061 0.462231 0.440584 3.000000
0.426739 0.148876 0.428223 2.000000
0.456624 0.474393 0.442378 3.000000
-10.000000 -10.000000 -10.000000 0.000000
0.484244 0.466328 0.438264 3.000000
0.401977 0.134528 0.430748 2.000000
0.467661 0.469394 0.435733 3.000000
-10.000000 -10.000000 -10.000000 3.000000
0.221661 0.404348 0.446273 4.000000
0.218295 0.368700 0.434655 4.000000
0.422044 0.145980 0.424767 2.000000
0.439732 0.154861 0.422390 2.000000
-10.000000 -10.000000 -10.000000 3.000000
0.484036 0.510976 0.428114 3.000000
-10.000000 -10.000000 -10.000000 1.000000
-10.000000 -10.000000 -10.000000 3.000000
0.267407 0.721104 0.419743 1.000000
0.197819 0.378634 0.426155 4.000000
0.209883 0.395902 0.442485 4.000000
-10.000000 -10.000000 -10.000000 1.000000
-10.000000 -10.000000 -10.000000 0.000000
0.475947 0.487928 0.441035 3.000000
0.202762 0.375290 0.427785 4.000000
0.179917 0.376588 0.423568 4.000000
-10.000000 -10.000000 -10.000000 0.000000
0.466989 0.465947 0.437468 3.000000
0.228494 0.391313 0.445969 4.000000
0.475804 0.518294 0.431376 3.000000
-10.000000 -10.000000 -10.000000 0.000000
0.182926 0.362781 0.414419 4.000000
-10.000000 -10.000000 -10.000000 2.000000
-10.000000 -10.000000 -10.000000 2.000000
0.429444 0.149649 0.430127 2.000000
0.211183 0.381329 0.437322 4.000000
0.231401 0.731152 0.413514 1.000000
0.470134 0.467962 0.429267 3.000000
0.475770 0.474488 0.442971 3.000000
-10.000000 -10.000000 -10.000000 1.000000
0.230853 0.371277 0.449470 4.000000
-10.000000 -10.000000 -10.000000 0.000000
0.255038 0.703427 0.427894 1.000000
0.439732 0.154861 0.422390 2.000000
0.440333 0.155496 0.421397 2.000000
-10.000000 -10.000000 -10.000000 1.000000
0.263847 0.705504 0.431099 1.000000
0.199208 0.378782 0.427993 4.000000
0.218859 0.389308 0.444295 4.000000
0.222097 0.397305 0.442994 4.000000
0.253419 0.718738 0.424653 1.000000
0.238627 0.714040 0.431271 1.000000
0.452606 0.497353 0.438414 3.000000
-10.000000 -10.000000 -10.000000 0.000000
0.255782 0.708184 0.432832 1.000000
0.220069 0.370131 0.430314 4.000000
0.416883 0.145992 0.428493 2.000000
0.212000 0.379872 0.431399 4.000000
0.488240 0.478715 0.433079 3.000000
0.476441 0.505768 0.434084 3.000000
0.207212 0.382365 0.431466 4.000000
0.216391 0.412007 0.431062 4.000000
-10.000000 -10.000000 -10.000000 0.000000
-10.000000 -10.000000 -10.000000 1.000000
0.243260 0.700771 0.425642 1.000000
0.423856 0.141166 0.424548 2.000000
-10.000000 -10.000000 -10.000000 0.000000
0.437946 0.148500 0.422471 2.000000
-10.000000 -10.000000 -10.000000 3.000000
0.435687 0.146923 0.425658 2.000000
-10.000000 -10.000000 -10.000000 1.000000
0.475778 0.477392 0.438926 3.000000
0.438763 0.152489 0.424051 2.000000
0.478181 0.465585 0.435210 3.000000
0.478951 0.456919 0.436377 3.000000
0.431695 0.133481 0.418748 2.000000
0.261596 0.707807 0.430029 1.000000
0.430340 0.139305 0.421680 2.000000
0.456408 0.488350 0.432778 3.000000
0.228608 0.739332 0.412857 1.000000
0.209012 0.398341 0.426430 4.000000
0.191142 0.371608 0.425794 4.000000
0.491389 0.478879 0.430954 3.000000
0.200166 0.396700 0.429803 4.000000
-10.000000 -10.000000 -10.000000 4.000000
0.471783 0.459339 0.435812 3.000000
0.222083 0.387523 0.445425 4.000000
0.424392 0.137339 0.420799 2.000000
0.212819 0.370311 0.437524 4.000000
