0.747453 0.378316 0.445894 2.000000
-10.000000 -10.000000 -10.000000 3.000000
-10.000000 -10.000000 -10.000000 3.000000
-10.000000 -10.000000 -10.000000 0.000000
-10.000000 -10.000000 -10.000000 2.000000
0.287330 0.615160 0.458533 4.000000
0.740791 0.357074 0.448466 2.000000
0.753453 0.359953 0.446563 2.000000
0.610918 0.698179 0.454930 1.000000
0.285719 0.628416 0.451816 4.000000
0.290946 0.607652 0.463792 4.000000
-10.000000 -10.000000 -10.000000 1.000000
0.397966 0.283994 0.452868 3.000000
0.388202 0.271294 0.456355 3.000000
-10.000000 -10.000000 -10.000000 1.000000
0.614084 0.703570 0.451520 1.000000
0.285223 0.621328 0.453391 4.000000
-10.000000 -10.000000 -10.000000 3.000000
0.397231 0.259293 0.465495 3.000000
0.654089 0.721632 0.456017 1.000000
-10.000000 -10.000000 -10.000000 1.000000
0.288878 0.622474 0.445532 4.000000
0.744457 0.363047 0.439764 2.000000
0.753736 0.366217 0.447080 2.000000
0.627740 0.704401 0.439694 1.000000
0.276567 0.624287 0.438446 4.000000
0.406449 0.283864 0.446392 3.000000
-10.000000 -10.000000 -10.000000 3.000000
0.732193 0.353562 0.437235 2.000000
0.750217 0.368954 0.455954 2.000000
0.416596 0.303945 0.459039 3.000000
0.739573 0.356866 0.443795 2.000000
0.619950 0.703504 0.455137 1.000000
-10.000000 -10.000000 -10.000000 4.000000
0.622016 0.702552 0.454939 1.000000
-10.000000 -10.000000 -10.000000 3.000000
0.736107 0.366601 0.462277 2.000000
0.736346 0.358352 0.459438 2.000000
0.626981 0.710578 0.449478 1.000000
0.614250 0.708234 0.445156 1.000000
-10.000000 -10.000000 -10.000000 2.000000
0.741693 0.370512 0.458423 2.000000
0.289547 0.631171 0.452497 4.000000
0.630537 0.724251 0.449497 1.000000
0.385140 0.279584 0.452129 3.000000
-10.000000 -10.000000 -10.000000 3.000000
-10.000000 -10.000000 -10.000000 2.000000
0.764332 0.357197 0.441013 2.000000
-10.000000 -10.000000 -10.000000 3.000000
0.739573 0.356866 0.443795 2.000000
0.625996 0.706581 0.442621 1.000000
0.272478 0.649281 0.438649 4.000000
-10.000000 -10.000000 -10.000000 0.000000
0.620064 0.685202 0.458706 1.000000
0.604290 0.707669 0.445127 1.000000
0.742948 0.379360 0.457304 2.000000
0.747453 0.378316 0.445894 2.000000
0.663456 0.731305 0.444351 1.000000
-10.000000 -10.000000 -10.000000 2.000000
-10.000000 -10.000000 -10.000000 3.000000
0.739573 0.356866 0.443795 2.000000
0.294857 0.613317 0.453523 4.000000
0.382583 0.292140 0.453724 3.000000
0.741693 0.370512 0.458423 2.000000
-10.000000 -10.000000 -10.000000 4.000000
0.761567 0.369780 0.445761 2.000000
0.284809 0.622353 0.444707 4.000000
-10.000000 -10.000000 -10.000000 3.000000
0.764332 0.357197 0.441013 2.000000
0.294985 0.615315 0.452285 4.000000
0.317093 0.619504 0.469345 4.000000
0.745474 0.370396 0.457454 2.000000
-10.000000 -10.000000 -10.000000 4.000000
0.739023 0.376504 0.454159 2.000000
0.275240 0.620969 0.446694 4.000000
0.360628 0.266755 0.463402 3.000000
0.277958 0.617065 0.454166 4.000000
0.290719 0.610562 0.450115 4.000000
0.397966 0.283994 0.452868 3.000000
0.752774 0.380691 0.452867 2.000000
0.740791 0.357074 0.448466 2.000000
0.410485 0.300463 0.461266 3.000000
0.277958 0.617065 0.454166 4.000000
0.677943 0.705385 0.449834 1.000000
0.630642 0.707480 0.445216 1.000000
0.755677 0.370293 0.446470 2.000000
0.376233 0.270297 0.456724 3.000000
0.287330 0.615160 0.458533 4.000000
0.311915 0.611259 0.478352 4.000000
0.670124 0.710313 0.455233 1.000000
0.746540 0.368981 0.451675 2.000000
0.397231 0.259293 0.465495 3.000000
-10.000000 -10.000000 -10.000000 2.000000
0.665950 0.730746 0.445736 1.000000
-10.000000 -10.000000 -10.000000 0.000000
0.736107 0.366601 0.462277 2.000000
-10.000000 -10.000000 -10.000000 3.000000
0.687208 0.729724 0.441142 1.000000
0.268306 0.647827 0.439231 4.000000
0.625590 0.675264 0.457801 1.000000
0.732193 0.353562 0.437235 2.000000
0.405831 0.273428 0.466088 3.000000
0.277958 0.617065 0.454166 4.000000
0.620501 0.705862 0.442139 1.000000
0.302223 0.607584 0.458545 4.000000
-10.000000 -10.000000 -10.000000 2.000000
-10.000000 -10.000000 -10.000000 1.000000
0.398771 0.296135 0.464147 3.000000
0.294985 0.615315 0.452285 4.000000
-10.000000 -10.000000 -10.000000 0.000000
0.284809 0.622353 0.444707 4.000000
0.620064 0.685202 0.458706 1.000000
0.741693 0.370512 0.458423 2.000000
0.416596 0.303945 0.459039 3.000000
-10.000000 -10.000000 -10.000000 2.000000
0.745798 0.358731 0.434461 2.000000
0.370154 0.260715 0.458831 3.000000
0.384573 0.293588 0.454462 3.000000
-10.000000 -10.000000 -10.000000 4.000000
0.290890 0.609358 0.458438 4.000000
-10.000000 -10.000000 -10.000000 3.000000
-10.000000 -10.000000 -10.000000 0.000000
0.663456 0.731305 0.444351 1.000000
0.383330 0.283887 0.460302 3.000000
0.753215 0.353939 0.445567 2.000000
0.734024 0.367760 0.458074 2.000000
0.602789 0.719134 0.449922 1.000000
0.272478 0.649281 0.438649 4.000000
-10.000000 -10.000000 -10.000000 1.000000
0.755648 0.370202 0.449683 2.000000
0.761567 0.369780 0.445761 2.000000
0.283980 0.638265 0.452143 4.000000
-10.000000 -10.000000 -10.000000 1.000000
0.744652 0.367092 0.458021 2.000000
0.284867 0.642332 0.445567 4.000000
0.665950 0.730746 0.445736 1.000000
-10.000000 -10.000000 -10.000000 4.000000
0.317529 0.628717 0.465307 4.000000
0.406449 0.283864 0.446392 3.000000
0.311265 0.633716 0.442216 4.000000
-10.000000 -10.000000 -10.000000 1.000000
0.614250 0.708234 0.445156 1.000000
0.412388 0.286454 0.451705 3.000000
-10.000000 -10.000000 -10.000000 2.000000
-10.000000 -10.000000 -10.000000 2.000000
0.663456 0.731305 0.444351 1.000000
0.415320 0.259549 0.469535 3.000000
0.274594 0.632530 0.446567 4.000000
0.288676 0.623602 0.453323 4.000000
0.630412 0.697585 0.446957 1.000000
0.387003 0.277856 0.452148 3.000000
-10.000000 -10.000000 -10.000000 0.000000
-10.000000 -10.000000 -10.000000 4.000000
0.380639 0.274451 0.463293 3.000000
0.753215 0.353939 0.445567 2.000000
0.268978 0.600878 0.453413 4.000000
0.292330 0.597329 0.460639 4.000000
-10.000000 -10.000000 -10.000000 1.000000
-10.000000 -10.000000 -10.000000 0.000000
0.761853 0.370316 0.437990 2.000000
0.761567 0.369780 0.445761 2.000000
-10.000000 -10.000000 -10.000000 3.000000
0.274594 0.632530 0.446567 4.000000
0.412388 0.286454 0.451705 3.000000
0.614250 0.708234 0.445156 1.000000
0.386290 0.260646 0.446370 3.000000
-10.000000 -10.000000 -10.000000 0.000000
0.284867 0.642332 0.445567 4.000000
0.375973 0.261892 0.430874 3.000000
-10.000000 -10.000000 -10.000000 2.000000
0.732181 0.352988 0.448691 2.000000
0.284867 0.642332 0.445567 4.000000
-10.000000 -10.000000 -10.000000 1.000000
0.670124 0.710313 0.455233 1.000000
0.275240 0.620969 0.446694 4.000000
0.311980 0.646932 0.444990 4.000000
0.374932 0.267128 0.461036 3.000000
-10.000000 -10.000000 -10.000000 2.000000
0.743677 0.371511 0.448005 2.000000
0.374932 0.267128 0.461036 3.000000
0.739573 0.356866 0.443795 2.000000
0.381981 0.284779 0.463184 3.000000
0.662104 0.744520 0.447794 1.000000
-10.000000 -10.000000 -10.000000 1.000000
0.744457 0.363047 0.439764 2.000000
-10.000000 -10.000000 -10.000000 4.000000
0.604290 0.707669 0.445127 1.000000
-10.000000 -10.000000 -10.000000 3.000000
-10.000000 -10.000000 -10.000000 0.000000
0.294985 0.615315 0.452285 4.000000
-10.000000 -10.000000 -10.000000 3.000000
0.677943 0.705385 0.449834 1.000000
-10.000000 -10.000000 -10.000000 1.000000
0.752860 0.370153 0.453897 2.000000
0.620331 0.698283 0.456172 1.000000
0.381981 0.284779 0.463184 3.000000
-10.000000 -10.000000 -10.000000 0.000000
0.311915 0.611259 0.478352 4.000000
-10.000000 -10.000000 -10.000000 4.000000
0.729691 0.361113 0.453028 2.000000
0.765954 0.367247 0.444607 2.000000
0.398771 0.296135 0.464147 3.000000
-10.000000 -10.000000 -10.000000 3.000000
0.398965 0.275352 0.458570 3.000000
-10.000000 -10.000000 -10.000000 2.000000
0.635626 0.706544 0.436907 1.000000
-10.000000 -10.000000 -10.000000 3.000000
0.290946 0.607652 0.463792 4.000000
0.753215 0.353939 0.445567 2.000000
0.297976 0.606886 0.455440 4.000000
0.376233 0.270297 0.456724 3.000000
-10.000000 -10.000000 -10.000000 3.000000
-10.000000 -10.000000 -10.000000 2.000000
0.389409 0.274716 0.457394 3.000000
0.272478 0.649281 0.438649 4.000000
0.764332 0.357197 0.441013 2.000000
-10.000000 -10.000000 -10.000000 4.000000
0.739573 0.356866 0.443795 2.000000
0.599325 0.714626 0.453479 1.000000
-10.000000 -10.000000 -10.000000 2.000000
-10.000000 -10.000000 -10.000000 4.000000
0.288676 0.623602 0.453323 4.000000
0.575890 0.644893 0.382101 1.000000
0.746540 0.368981 0.451675 2.000000
0.765954 0.367247 0.444607 2.000000
0.765954 0.367247 0.444607 2.000000
0.383330 0.283887 0.460302 3.000000
0.616462 0.695089 0.446417 1.000000
0.603902 0.710058 0.444481 1.000000
-10.000000 -10.000000 -10.000000 4.000000
0.620331 0.698283 0.456172 1.000000
-10.000000 -10.000000 -10.000000 1.000000
0.753215 0.353939 0.445567 2.000000
-10.000000 -10.000000 -10.000000 4.000000
0.370154 0.260715 0.458831 3.000000
-10.000000 -10.000000 -10.000000 3.000000
0.285223 0.621328 0.453391 4.000000
0.381981 0.284779 0.463184 3.000000
-10.000000 -10.000000 -10.000000 3.000000
-10.000000 -10.000000 -10.000000 1.000000
0.385140 0.279584 0.452129 3.000000
0.623375 0.729115 0.450113 1.000000
0.575890 0.644893 0.382101 1.000000
-10.000000 -10.000000 -10.000000 3.000000
0.294985 0.615315 0.452285 4.000000
0.285719 0.628416 0.451816 4.000000
-10.000000 -10.000000 -10.000000 2.000000
0.744652 0.367092 0.458021 2.000000
0.575890 0.644893 0.382101 1.000000
0.625996 0.706581 0.442621 1.000000
-10.000000 -10.000000 -10.000000 2.000000
0.297976 0.606886 0.455440 4.000000
-10.000000 -10.000000 -10.000000 4.000000
-10.000000 -10.000000 -10.000000 2.000000
-10.000000 -10.000000 -10.000000 2.000000
-10.000000 -10.000000 -10.000000 2.000000
0.290719 0.610562 0.450115 4.000000
0.620064 0.685202 0.458706 1.000000
0.639503 0.712569 0.436460 1.000000
-10.000000 -10.000000 -10.000000 4.000000
-10.000000 -10.000000 -10.000000 3.000000
0.288676 0.623602 0.453323 4.000000
0.639503 0.712569 0.436460 1.000000
-10.000000 -10.000000 -10.000000 4.000000
0.752774 0.380691 0.452867 2.000000
-10.000000 -10.000000 -10.000000 0.000000
0.385140 0.279584 0.452129 3.000000
0.323739 0.606444 0.477877 4.000000
0.387963 0.285943 0.464421 3.000000
0.761567 0.369780 0.445761 2.000000
0.288878 0.622474 0.445532 4.000000
-10.000000 -10.000000 -10.000000 0.000000
-10.000000 -10.000000 -10.000000 4.000000
0.415320 0.259549 0.469535 3.000000
0.734035 0.362061 0.461434 2.000000
0.663456 0.731305 0.444351 1.000000
0.380639 0.274451 0.463293 3.000000
-10.000000 -10.000000 -10.000000 1.000000
0.381474 0.273845 0.440460 3.000000
-10.000000 -10.000000 -10.000000 2.000000
0.291313 0.622603 0.447401 4.000000
-10.000000 -10.000000 -10.000000 2.000000
0.377129 0.279214 0.447030 3.000000
-10.000000 -10.000000 -10.000000 2.000000
-10.000000 -10.000000 -10.000000 1.000000
0.599444 0.711925 0.447803 1.000000
-10.000000 -10.000000 -10.000000 2.000000
0.290719 0.610562 0.450115 4.000000
0.381981 0.284779 0.463184 3.000000
-10.000000 -10.000000 -10.000000 1.000000
0.287559 0.620381 0.448815 4.000000
0.642280 0.733101 0.454185 1.000000
0.641792 0.714034 0.449265 1.000000
-10.000000 -10.000000 -10.000000 2.000000
-10.000000 -10.000000 -10.000000 3.000000
-10.000000 -10.000000 -10.000000 1.000000
-10.000000 -10.000000 -10.000000 2.000000
-10.000000 -10.000000 -10.000000 4.000000
0.288676 0.623602 0.453323 4.000000
-10.000000 -10.000000 -10.000000 2.000000
0.639459 0.713689 0.441196 1.000000
-10.000000 -10.000000 -10.000000 2.000000
0.599444 0.711925 0.447803 1.000000
-10.000000 -10.000000 -10.000000 2.000000
0.411840 0.273766 0.453761 3.000000
0.360628 0.266755 0.463402 3.000000
0.412388 0.286454 0.451705 3.000000
-10.000000 -10.000000 -10.000000 4.000000
-10.000000 -10.000000 -10.000000 3.000000
-10.000000 -10.000000 -10.000000 4.000000
0.264293 0.635534 0.443184 4.000000
0.303625 0.631372 0.447113 4.000000
0.398965 0.275352 0.458570 3.000000
0.390750 0.293645 0.458277 3.000000
0.639459 0.713689 0.441196 1.000000
-10.000000 -10.000000 -10.000000 0.000000
-10.000000 -10.000000 -10.000000 4.000000
-10.000000 -10.000000 -10.000000 2.000000
0.627740 0.704401 0.439694 1.000000
0.630537 0.724251 0.449497 1.000000
-10.000000 -10.000000 -10.000000 2.000000
0.303625 0.631372 0.447113 4.000000
0.654089 0.721632 0.456017 1.000000
-10.000000 -10.000000 -10.000000 4.000000
-10.000000 -10.000000 -10.000000 0.000000
0.687208 0.729724 0.441142 1.000000
0.389409 0.274716 0.457394 3.000000
0.641792 0.714034 0.449265 1.000000
0.268978 0.600878 0.453413 4.000000
0.291313 0.622603 0.447401 4.000000
-10.000000 -10.000000 -10.000000 3.000000
-10.000000 -10.000000 -10.000000 3.000000
0.732181 0.352988 0.448691 2.000000
0.290719 0.610562 0.450115 4.000000
0.753453 0.359953 0.446563 2.000000
0.602789 0.719134 0.449922 1.000000
0.761853 0.370316 0.437990 2.000000
0.395038 0.297219 0.460488 3.000000
0.287330 0.615160 0.458533 4.000000
0.377129 0.279214 0.447030 3.000000
0.729691 0.361113 0.453028 2.000000
-10.000000 -10.000000 -10.000000 3.000000
0.294857 0.613317 0.453523 4.000000
-10.000000 -10.000000 -10.000000 4.000000
-10.000000 -10.000000 -10.000000 1.000000
-10.000000 -10.000000 -10.000000 4.000000
0.395038 0.297219 0.460488 3.000000
0.311265 0.633716 0.442216 4.000000
0.398771 0.296135 0.464147 3.000000
0.634232 0.690287 0.443208 1.000000
0.387963 0.285943 0.464421 3.000000
0.387003 0.277856 0.452148 3.000000
-10.000000 -10.000000 -10.000000 0.000000
-10.000000 -10.000000 -10.000000 1.000000
0.374566 0.282053 0.453934 3.000000
0.302460 0.619785 0.451058 4.000000
0.654089 0.721632 0.456017 1.000000
0.376233 0.270297 0.456724 3.000000
-10.000000 -10.000000 -10.000000 3.000000
-10.000000 -10.000000 -10.000000 1.000000
0.374932 0.267128 0.461036 3.000000
-10.000000 -10.000000 -10.000000 0.000000
-10.000000 -10.000000 -10.000000 2.000000
0.740791 0.357074 0.448466 2.000000
0.625996 0.706581 0.442621 1.000000
0.677943 0.705385 0.449834 1.000000
0.642253 0.720046 0.444870 1.000000
-10.000000 -10.000000 -10.000000 3.000000
0.303625 0.631372 0.447113 4.000000
0.383501 0.260415 0.438170 3.000000
0.733072 0.363048 0.451486 2.000000
-10.000000 -10.000000 -10.000000 0.000000
0.372470 0.265980 0.443599 3.000000
-10.000000 -10.000000 -10.000000 4.000000
0.638514 0.709029 0.449872 1.000000
0.383330 0.283887 0.460302 3.000000
0.642280 0.733101 0.454185 1.000000
0.628958 0.706315 0.441374 1.000000
-10.000000 -10.000000 -10.000000 3.000000
0.615406 0.700956 0.451341 1.000000
-10.000000 -10.000000 -10.000000 3.000000
0.317093 0.619504 0.469345 4.000000
0.625996 0.706581 0.442621 1.000000
-10.000000 -10.000000 -10.000000 2.000000
0.743677 0.371511 0.448005 2.000000
0.639459 0.713689 0.441196 1.000000
0.288878 0.622474 0.445532 4.000000
0.639429 0.710558 0.454977 1.000000
0.284809 0.622353 0.444707 4.000000
0.753736 0.366217 0.447080 2.000000
-10.000000 -10.000000 -10.000000 0.000000
-10.000000 -10.000000 -10.000000 2.000000
0.746540 0.368981 0.451675 2.000000
-10.000000 -10.000000 -10.000000 2.000000
-10.000000 -10.000000 -10.000000 1.000000
0.391384 0.282160 0.452392 3.000000
0.287486 0.632511 0.454932 4.000000
-10.000000 -10.000000 -10.000000 2.000000
0.736484 0.370254 0.454334 2.000000
-10.000000 -10.000000 -10.000000 4.000000
0.293068 0.609349 0.465167 4.000000
0.757409 0.372417 0.455325 2.000000
0.286758 0.601309 0.460892 4.000000
0.411782 0.258755 0.460056 3.000000
-10.000000 -10.000000 -10.000000 4.000000
0.285719 0.628416 0.451816 4.000000
-10.000000 -10.000000 -10.000000 2.000000
0.765162 0.365696 0.443719 2.000000
0.665950 0.730746 0.445736 1.000000
0.280007 0.629655 0.448028 4.000000
-10.000000 -10.000000 -10.000000 2.000000
0.737303 0.376197 0.458143 2.000000
-10.000000 -10.000000 -10.000000 3.000000
0.610051 0.713606 0.443338 1.000000
-10.000000 -10.000000 -10.000000 4.000000
-10.000000 -10.000000 -10.000000 4.000000
0.749637 0.370711 0.444366 2.000000
0.748059 0.376606 0.446243 2.000000
-10.000000 -10.000000 -10.000000 4.000000
-10.000000 -10.000000 -10.000000 3.000000
0.755648 0.370202 0.449683 2.000000
0.744426 0.366992 0.450717 2.000000
0.294968 0.616678 0.447224 4.000000
0.734035 0.362061 0.461434 2.000000
-10.000000 -10.000000 -10.000000 2.000000
0.395038 0.297219 0.460488 3.000000
-10.000000 -10.000000 -10.000000 1.000000
0.611223 0.707242 0.447551 1.000000
0.289547 0.631171 0.452497 4.000000
0.287559 0.620381 0.448815 4.000000
-10.000000 -10.000000 -10.000000 1.000000
-10.000000 -10.000000 -10.000000 3.000000
0.387003 0.277856 0.452148 3.000000
0.340013 0.290228 0.452966 3.000000
0.277958 0.617065 0.454166 4.000000
-10.000000 -10.000000 -10.000000 2.000000
0.608175 0.718493 0.441002 1.000000
0.757409 0.372417 0.455325 2.000000
0.268306 0.647827 0.439231 4.000000
0.272478 0.649281 0.438649 4.000000
0.639503 0.712569 0.436460 1.000000
0.617606 0.697789 0.452827 1.000000
0.744457 0.363047 0.439764 2.000000
0.378172 0.256815 0.451937 3.000000
0.388202 0.271294 0.456355 3.000000
0.619950 0.703504 0.455137 1.000000
0.277958 0.617065 0.454166 4.000000
0.290719 0.610562 0.450115 4.000000
0.744426 0.366992 0.450717 2.000000
0.283198 0.635286 0.452932 4.000000
0.377129 0.279214 0.447030 3.000000
0.747054 0.371880 0.456306 2.000000
-10.000000 -10.000000 -10.000000 2.000000
-10.000000 -10.000000 -10.000000 0.000000
-10.000000 -10.000000 -10.000000 1.000000
0.638427 0.720419 0.450156 1.000000
0.311980 0.646932 0.444990 4.000000
0.411782 0.258755 0.460056 3.000000
-10.000000 -10.000000 -10.000000 1.000000
0.391384 0.282160 0.452392 3.000000
0.760138 0.366789 0.440411 2.000000
0.761853 0.370316 0.437990 2.000000
-10.000000 -10.000000 -10.000000 3.000000
-10.000000 -10.000000 -10.000000 4.000000
0.395038 0.297219 0.460488 3.000000
-10.000000 -10.000000 -10.000000 3.000000
0.288676 0.623602 0.453323 4.000000
0.630537 0.724251 0.449497 1.000000
0.632867 0.695289 0.450293 1.000000
0.739573 0.356866 0.443795 2.000000
-10.000000 -10.000000 -10.000000 3.000000
-10.000000 -10.000000 -10.000000 4.000000
0.734566 0.356588 0.449688 2.000000
-10.000000 -10.000000 -10.000000 4.000000
0.608175 0.718493 0.441002 1.000000
-10.000000 -10.000000 -10.000000 3.000000
0.617606 0.697789 0.452827 1.000000
0.732181 0.352988 0.448691 2.000000
-10.000000 -10.000000 -10.000000 2.000000
0.734024 0.367760 0.458074 2.000000
0.620331 0.698283 0.456172 1.000000
0.630537 0.724251 0.449497 1.000000
0.381981 0.284779 0.463184 3.000000
0.755677 0.370293 0.446470 2.000000
0.729596 0.358773 0.443359 2.000000
0.611223 0.707242 0.447551 1.000000
0.736346 0.358352 0.459438 2.000000
-10.000000 -10.000000 -10.000000 3.000000
0.617606 0.697789 0.452827 1.000000
-10.000000 -10.000000 -10.000000 2.000000
0.416646 0.284525 0.448694 3.000000
0.765954 0.367247 0.444607 2.000000
-10.000000 -10.000000 -10.000000 3.000000
-10.000000 -10.000000 -10.000000 3.000000
0.615406 0.700956 0.451341 1.000000
0.628958 0.706315 0.441374 1.000000
-10.000000 -10.000000 -10.000000 2.000000
0.294985 0.615315 0.452285 4.000000
-10.000000 -10.000000 -10.000000 0.000000
0.751143 0.373035 0.464125 2.000000
0.687208 0.729724 0.441142 1.000000
-10.000000 -10.000000 -10.000000 2.000000
-10.000000 -10.000000 -10.000000 3.000000
0.294968 0.616678 0.447224 4.000000
0.287559 0.620381 0.448815 4.000000
0.626981 0.710578 0.449478 1.000000
0.687208 0.729724 0.441142 1.000000
-10.000000 -10.000000 -10.000000 4.000000
-10.000000 -10.000000 -10.000000 1.000000
0.291313 0.622603 0.447401 4.000000
-10.000000 -10.000000 -10.000000 1.000000
0.753215 0.353939 0.445567 2.000000
0.660771 0.727971 0.445059 1.000000
0.376233 0.270297 0.456724 3.000000
-10.000000 -10.000000 -10.000000 2.000000
0.288878 0.622474 0.445532 4.000000
0.287486 0.632511 0.454932 4.000000
0.611223 0.707242 0.447551 1.000000
0.360628 0.266755 0.463402 3.000000
0.287330 0.615160 0.458533 4.000000
0.734024 0.367760 0.458074 2.000000
-10.000000 -10.000000 -10.000000 3.000000
0.275240 0.620969 0.446694 4.000000
0.264293 0.635534 0.443184 4.000000
-10.000000 -10.000000 -10.000000 4.000000
0.311265 0.633716 0.442216 4.000000
-10.000000 -10.000000 -10.000000 2.000000
0.264293 0.635534 0.443184 4.000000
-10.000000 -10.000000 -10.000000 1.000000
0.635626 0.706544 0.436907 1.000000
0.741207 0.357339 0.450418 2.000000
-10.000000 -10.000000 -10.000000 3.000000
-10.000000 -10.000000 -10.000000 3.000000
-10.000000 -10.000000 -10.000000 3.000000
0.663456 0.731305 0.444351 1.000000
0.390750 0.293645 0.458277 3.000000
-10.000000 -10.000000 -10.000000 1.000000
-10.000000 -10.000000 -10.000000 4.000000
0.729691 0.361113 0.453028 2.000000
0.753215 0.353939 0.445567 2.000000
0.295650 0.621692 0.456555 4.000000
-10.000000 -10.000000 -10.000000 2.000000
0.302223 0.607584 0.458545 4.000000
0.638427 0.720419 0.450156 1.000000
0.311980 0.646932 0.444990 4.000000
-10.000000 -10.000000 -10.000000 1.000000
0.752860 0.370153 0.453897 2.000000
0.665950 0.730746 0.445736 1.000000
0.294195 0.632301 0.454170 4.000000
-10.000000 -10.000000 -10.000000 2.000000
0.291313 0.622603 0.447401 4.000000
0.738629 0.376332 0.464792 2.000000
-10.000000 -10.000000 -10.000000 2.000000
0.744652 0.367092 0.458021 2.000000
0.738629 0.376332 0.464792 2.000000
0.294805 0.629830 0.448228 4.000000
0.303625 0.631372 0.447113 4.000000
0.747453 0.378316 0.445894 2.000000
0.391384 0.282160 0.452392 3.000000
-10.000000 -10.000000 -10.000000 2.000000
-10.000000 -10.000000 -10.000000 1.000000
0.634126 0.703904 0.441455 1.000000
0.284809 0.622353 0.444707 4.000000
0.386290 0.260646 0.446370 3.000000
-10.000000 -10.000000 -10.000000 2.000000
0.729596 0.358773 0.443359 2.000000
0.323739 0.606444 0.477877 4.000000
0.302223 0.607584 0.458545 4.000000
-10.000000 -10.000000 -10.000000 3.000000
-10.000000 -10.000000 -10.000000 3.000000
0.620064 0.685202 0.458706 1.000000
-10.000000 -10.000000 -10.000000 0.000000
0.765162 0.365696 0.443719 2.000000
-10.000000 -10.000000 -10.000000 3.000000
-10.000000 -10.000000 -10.000000 4.000000
-10.000000 -10.000000 -10.000000 2.000000
0.685093 0.718355 0.444819 1.000000
0.739023 0.376504 0.454159 2.000000
0.660771 0.727971 0.445059 1.000000
0.290190 0.614629 0.459190 4.000000
0.411782 0.258755 0.460056 3.000000
0.748059 0.376606 0.446243 2.000000
0.669400 0.703613 0.454288 1.000000
0.753736 0.366217 0.447080 2.000000
0.397966 0.283994 0.452868 3.000000
-10.000000 -10.000000 -10.000000 2.000000
-10.000000 -10.000000 -10.000000 2.000000
0.670124 0.710313 0.455233 1.000000
-10.000000 -10.000000 -10.000000 2.000000
-10.000000 -10.000000 -10.000000 3.000000
0.387963 0.285943 0.464421 3.000000
0.614084 0.703570 0.451520 1.000000
-10.000000 -10.000000 -10.000000 2.000000
0.599444 0.711925 0.447803 1.000000
0.382583 0.292140 0.453724 3.000000
0.286758 0.601309 0.460892 4.000000
0.761567 0.369780 0.445761 2.000000
0.303625 0.631372 0.447113 4.000000
-10.000000 -10.000000 -10.000000 2.000000
-10.000000 -10.000000 -10.000000 4.000000
0.753453 0.359953 0.446563 2.000000
-10.000000 -10.000000 -10.000000 3.000000
0.764332 0.357197 0.441013 2.000000
0.291774 0.608006 0.455853 4.000000
0.745474 0.370396 0.457454 2.000000
0.280007 0.629655 0.448028 4.000000
-10.000000 -10.000000 -10.000000 1.000000
0.400843 0.285226 0.457932 3.000000
0.642253 0.720046 0.444870 1.000000
0.288676 0.623602 0.453323 4.000000
-10.000000 -10.000000 -10.000000 2.000000
0.381474 0.273845 0.440460 3.000000
0.734566 0.356588 0.449688 2.000000
-10.000000 -10.000000 -10.000000 3.000000
0.622582 0.711916 0.435240 1.000000
0.377129 0.279214 0.447030 3.000000
0.411840 0.273766 0.453761 3.000000
0.398965 0.275352 0.458570 3.000000
0.383501 0.260415 0.438170 3.000000
-10.000000 -10.000000 -10.000000 2.000000
0.416596 0.303945 0.459039 3.000000
0.622582 0.711916 0.435240 1.000000
-10.000000 -10.000000 -10.000000 4.000000
0.294805 0.629830 0.448228 4.000000
0.412388 0.286454 0.451705 3.000000
0.291774 0.608006 0.455853 4.000000
0.736346 0.358352 0.459438 2.000000
0.302223 0.607584 0.458545 4.000000
0.625590 0.675264 0.457801 1.000000
0.599325 0.714626 0.453479 1.000000
-10.000000 -10.000000 -10.000000 1.000000
-10.000000 -10.000000 -10.000000 3.000000
0.405473 0.296384 0.456122 3.000000
0.638514 0.709029 0.449872 1.000000
-10.000000 -10.000000 -10.000000 1.000000
0.743677 0.371511 0.448005 2.000000
0.632867 0.695289 0.450293 1.000000
0.378172 0.256815 0.451937 3.000000
-10.000000 -10.000000 -10.000000 4.000000
-10.000000 -10.000000 -10.000000 2.000000
0.303625 0.631372 0.447113 4.000000
0.734566 0.356588 0.449688 2.000000
-10.000000 -10.000000 -10.000000 2.000000
0.729596 0.358773 0.443359 2.000000
-10.000000 -10.000000 -10.000000 3.000000
0.632867 0.695289 0.450293 1.000000
0.397231 0.259293 0.465495 3.000000
0.410485 0.300463 0.461266 3.000000
0.630398 0.694224 0.454431 1.000000
-10.000000 -10.000000 -10.000000 4.000000
-10.000000 -10.000000 -10.000000 3.000000
-10.000000 -10.000000 -10.000000 1.000000
0.599325 0.714626 0.453479 1.000000
0.753453 0.359953 0.446563 2.000000
0.294985 0.615315 0.452285 4.000000
0.755894 0.392288 0.457205 2.000000
0.289530 0.620193 0.461093 4.000000
0.282275 0.612747 0.456680 4.000000
-10.000000 -10.000000 -10.000000 3.000000
0.292330 0.597329 0.460639 4.000000
0.603902 0.710058 0.444481 1.000000
-10.000000 -10.000000 -10.000000 0.000000
0.274594 0.632530 0.446567 4.000000
0.765954 0.367247 0.444607 2.000000
0.732181 0.352988 0.448691 2.000000
-10.000000 -10.000000 -10.000000 4.000000
0.405473 0.296384 0.456122 3.000000
-10.000000 -10.000000 -10.000000 2.000000
0.622016 0.702552 0.454939 1.000000
0.663456 0.731305 0.444351 1.000000
0.743677 0.371511 0.448005 2.000000
-10.000000 -10.000000 -10.000000 2.000000
0.747453 0.378316 0.445894 2.000000
-10.000000 -10.000000 -10.000000 4.000000
0.614250 0.708234 0.445156 1.000000
-10.000000 -10.000000 -10.000000 1.000000
0.398771 0.296135 0.464147 3.000000
-10.000000 -10.000000 -10.000000 1.000000
0.642280 0.733101 0.454185 1.000000
0.370154 0.260715 0.458831 3.000000
0.753736 0.366217 0.447080 2.000000
-10.000000 -10.000000 -10.000000 3.000000
0.733072 0.363048 0.451486 2.000000
0.383501 0.260415 0.438170 3.000000
0.634632 0.711872 0.451521 1.000000
0.275240 0.620969 0.446694 4.000000
0.390750 0.293645 0.458277 3.000000
0.280007 0.629655 0.448028 4.000000
0.739023 0.376504 0.454159 2.000000
-10.000000 -10.000000 -10.000000 3.000000
0.617606 0.697789 0.452827 1.000000
-10.000000 -10.000000 -10.000000 1.000000
0.383501 0.260415 0.438170 3.000000
0.397966 0.283994 0.452868 3.000000
0.377129 0.279214 0.447030 3.000000
0.608175 0.718493 0.441002 1.000000
0.387935 0.261610 0.452504 3.000000
0.738629 0.376332 0.464792 2.000000
-10.000000 -10.000000 -10.000000 1.000000
0.409976 0.247393 0.444294 3.000000
-10.000000 -10.000000 -10.000000 3.000000
-10.000000 -10.000000 -10.000000 4.000000
0.277958 0.617065 0.454166 4.000000
0.264293 0.635534 0.443184 4.000000
0.283198 0.635286 0.452932 4.000000
0.733054 0.344004 0.441689 2.000000
-10.000000 -10.000000 -10.000000 3.000000
0.619950 0.703504 0.455137 1.000000
0.286758 0.601309 0.460892 4.000000
0.366357 0.282020 0.451548 3.000000
0.264293 0.635534 0.443184 4.000000
-10.000000 -10.000000 -10.000000 3.000000
0.289808 0.617542 0.461218 4.000000
0.317529 0.628717 0.465307 4.000000
-10.000000 -10.000000 -10.000000 4.000000
0.745474 0.370396 0.457454 2.000000
0.366357 0.282020 0.451548 3.000000
-10.000000 -10.000000 -10.000000 1.000000
-10.000000 -10.000000 -10.000000 2.000000
-10.000000 -10.000000 -10.000000 4.000000
-10.000000 -10.000000 -10.000000 4.000000
0.733054 0.344004 0.441689 2.000000
0.634126 0.703904 0.441455 1.000000
0.290190 0.614629 0.459190 4.000000
-10.000000 -10.000000 -10.000000 3.000000
0.738629 0.376332 0.464792 2.000000
0.753215 0.353939 0.445567 2.000000
-10.000000 -10.000000 -10.000000 2.000000
0.626981 0.710578 0.449478 1.000000
-10.000000 -10.000000 -10.000000 2.000000
0.294857 0.613317 0.453523 4.000000
0.630412 0.697585 0.446957 1.000000
0.603902 0.710058 0.444481 1.000000
0.272478 0.649281 0.438649 4.000000
0.375973 0.261892 0.430874 3.000000
0.639429 0.710558 0.454977 1.000000
0.610051 0.713606 0.443338 1.000000
-10.000000 -10.000000 -10.000000 2.000000
-10.000000 -10.000000 -10.000000 4.000000
-10.000000 -10.000000 -10.000000 3.000000
0.627740 0.704401 0.439694 1.000000
0.374932 0.267128 0.461036 3.000000
0.416596 0.303945 0.459039 3.000000
0.660771 0.727971 0.445059 1.000000
-10.000000 -10.000000 -10.000000 2.000000
0.389409 0.274716 0.457394 3.000000
0.383330 0.283887 0.460302 3.000000
0.747054 0.371880 0.456306 2.000000
0.637797 0.700244 0.454907 1.000000
-10.000000 -10.000000 -10.000000 2.000000
-10.000000 -10.000000 -10.000000 1.000000
0.283198 0.635286 0.452932 4.000000
-10.000000 -10.000000 -10.000000 0.000000
0.610918 0.698179 0.454930 1.000000
0.412388 0.286454 0.451705 3.000000
0.753453 0.359953 0.446563 2.000000
0.284867 0.642332 0.445567 4.000000
0.375973 0.261892 0.430874 3.000000
0.386290 0.260646 0.446370 3.000000
0.761853 0.370316 0.437990 2.000000
0.749637 0.370711 0.444366 2.000000
0.289547 0.631171 0.452497 4.000000
0.294805 0.629830 0.448228 4.000000
0.755677 0.370293 0.446470 2.000000
-10.000000 -10.000000 -10.000000 4.000000
0.757409 0.372417 0.455325 2.000000
0.625996 0.706581 0.442621 1.000000
0.608175 0.718493 0.441002 1.000000
-10.000000 -10.000000 -10.000000 0.000000
0.398771 0.296135 0.464147 3.000000
-10.000000 -10.000000 -10.000000 2.000000
0.390750 0.293645 0.458277 3.000000
0.744457 0.363047 0.439764 2.000000
0.634632 0.711872 0.451521 1.000000
0.614084 0.703570 0.451520 1.000000
0.284867 0.642332 0.445567 4.000000
-10.000000 -10.000000 -10.000000 2.000000
0.602789 0.719134 0.449922 1.000000
0.619950 0.703504 0.455137 1.000000
0.619950 0.703504 0.455137 1.000000
0.297976 0.606886 0.455440 4.000000
0.264293 0.635534 0.443184 4.000000
0.625590 0.675264 0.457801 1.000000
0.642253 0.720046 0.444870 1.000000
-10.000000 -10.000000 -10.000000 3.000000
0.415320 0.259549 0.469535 3.000000
-10.000000 -10.000000 -10.000000 3.000000
0.747054 0.371880 0.456306 2.000000
-10.000000 -10.000000 -10.000000 0.000000
0.628958 0.706315 0.441374 1.000000
0.636927 0.707131 0.446028 1.000000
-10.000000 -10.000000 -10.000000 4.000000
0.302460 0.619785 0.451058 4.000000
0.610051 0.713606 0.443338 1.000000
0.387003 0.277856 0.452148 3.000000
0.359400 0.289692 0.443704 3.000000
0.765162 0.365696 0.443719 2.000000
0.382313 0.271998 0.454985 3.000000
0.276567 0.624287 0.438446 4.000000
0.291313 0.622603 0.447401 4.000000
0.268306 0.647827 0.439231 4.000000
0.411782 0.258755 0.460056 3.000000
0.733072 0.363048 0.451486 2.000000
-10.000000 -10.000000 -10.000000 3.000000
0.741207 0.357339 0.450418 2.000000
0.385140 0.279584 0.452129 3.000000
0.285719 0.628416 0.451816 4.000000
0.292330 0.597329 0.460639 4.000000
0.291774 0.608006 0.455853 4.000000
0.752860 0.370153 0.453897 2.000000
0.610918 0.698179 0.454930 1.000000
-10.000000 -10.000000 -10.000000 2.000000
0.662104 0.744520 0.447794 1.000000
0.739023 0.376504 0.454159 2.000000
0.620064 0.685202 0.458706 1.000000
-10.000000 -10.000000 -10.000000 2.000000
0.290719 0.610562 0.450115 4.000000
0.599444 0.711925 0.447803 1.000000
0.608175 0.718493 0.441002 1.000000
0.268978 0.600878 0.453413 4.000000
-10.000000 -10.000000 -10.000000 0.000000
0.280007 0.629655 0.448028 4.000000
0.630537 0.724251 0.449497 1.000000
-10.000000 -10.000000 -10.000000 4.000000
0.614250 0.708234 0.445156 1.000000
0.397231 0.259293 0.465495 3.000000
0.734024 0.367760 0.458074 2.000000
0.295650 0.621692 0.456555 4.000000
-10.000000 -10.000000 -10.000000 3.000000
-10.000000 -10.000000 -10.000000 1.000000
-10.000000 -10.000000 -10.000000 3.000000
0.411840 0.273766 0.453761 3.000000
-10.000000 -10.000000 -10.000000 2.000000
-10.000000 -10.000000 -10.000000 1.000000
0.662104 0.744520 0.447794 1.000000
-10.000000 -10.000000 -10.000000 2.000000
0.359400 0.289692 0.443704 3.000000
-10.000000 -10.000000 -10.000000 3.000000
0.741207 0.357339 0.450418 2.000000
0.360628 0.266755 0.463402 3.000000
0.411782 0.258755 0.460056 3.000000
0.610051 0.713606 0.443338 1.000000
0.289530 0.620193 0.461093 4.000000
0.602505 0.705997 0.445881 1.000000
0.311915 0.611259 0.478352 4.000000
-10.000000 -10.000000 -10.000000 3.000000
0.294985 0.615315 0.452285 4.000000
0.620064 0.685202 0.458706 1.000000
0.617606 0.697789 0.452827 1.000000
-10.000000 -10.000000 -10.000000 4.000000
0.268978 0.600878 0.453413 4.000000
0.753453 0.359953 0.446563 2.000000
-10.000000 -10.000000 -10.000000 2.000000
0.749637 0.370711 0.444366 2.000000
0.293068 0.609349 0.465167 4.000000
-10.000000 -10.000000 -10.000000 3.000000
0.736346 0.358352 0.459438 2.000000
0.732193 0.353562 0.437235 2.000000
-10.000000 -10.000000 -10.000000 3.000000
-10.000000 -10.000000 -10.000000 4.000000
-10.000000 -10.000000 -10.000000 2.000000
-10.000000 -10.000000 -10.000000 4.000000
-10.000000 -10.000000 -10.000000 0.000000
0.630642 0.707480 0.445216 1.000000
0.677943 0.705385 0.449834 1.000000
0.290496 0.619189 0.459249 4.000000
0.382313 0.271998 0.454985 3.000000
0.285223 0.621328 0.453391 4.000000
0.275240 0.620969 0.446694 4.000000
0.630412 0.697585 0.446957 1.000000
0.670124 0.710313 0.455233 1.000000
0.626981 0.710578 0.449478 1.000000
0.630537 0.724251 0.449497 1.000000
0.752774 0.380691 0.452867 2.000000
0.608587 0.711077 0.451195 1.000000
-10.000000 -10.000000 -10.000000 1.000000
-10.000000 -10.000000 -10.000000 4.000000
0.311915 0.611259 0.478352 4.000000
0.268306 0.647827 0.439231 4.000000
-10.000000 -10.000000 -10.000000 3.000000
0.297976 0.606886 0.455440 4.000000
0.287559 0.620381 0.448815 4.000000
-10.000000 -10.000000 -10.000000 2.000000
-10.000000 -10.000000 -10.000000 1.000000
0.317093 0.619504 0.469345 4.000000
0.376233 0.270297 0.456724 3.000000
0.284809 0.622353 0.444707 4.000000
-10.000000 -10.000000 -10.000000 1.000000
0.685093 0.718355 0.444819 1.000000
-10.000000 -10.000000 -10.000000 2.000000
0.753215 0.353939 0.445567 2.000000
-10.000000 -10.000000 -10.000000 2.000000
0.729691 0.361113 0.453028 2.000000
0.382583 0.292140 0.453724 3.000000
0.416596 0.303945 0.459039 3.000000
0.284867 0.642332 0.445567 4.000000
0.599444 0.711925 0.447803 1.000000
0.340013 0.290228 0.452966 3.000000
0.292330 0.597329 0.460639 4.000000
0.409976 0.247393 0.444294 3.000000
-10.000000 -10.000000 -10.000000 3.000000
0.382099 0.281205 0.448367 3.000000
0.288676 0.623602 0.453323 4.000000
0.736107 0.366601 0.462277 2.000000
0.264293 0.635534 0.443184 4.000000
-10.000000 -10.000000 -10.000000 4.000000
0.610918 0.698179 0.454930 1.000000
-10.000000 -10.000000 -10.000000 2.000000
0.620501 0.705862 0.442139 1.000000
-10.000000 -10.000000 -10.000000 0.000000
0.654089 0.721632 0.456017 1.000000
-10.000000 -10.000000 -10.000000 4.000000
-10.000000 -10.000000 -10.000000 3.000000
-10.000000 -10.000000 -10.000000 0.000000
-10.000000 -10.000000 -10.000000 3.000000
0.669400 0.703613 0.454288 1.000000
0.289530 0.620193 0.461093 4.000000
-10.000000 -10.000000 -10.000000 2.000000
0.375973 0.261892 0.430874 3.000000
-10.000000 -10.000000 -10.000000 4.000000
0.289808 0.617542 0.461218 4.000000
0.753736 0.366217 0.447080 2.000000
-10.000000 -10.000000 -10.000000 2.000000
-10.000000 -10.000000 -10.000000 4.000000
-10.000000 -10.000000 -10.000000 0.000000
0.622016 0.702552 0.454939 1.000000
-10.000000 -10.000000 -10.000000 3.000000
-10.000000 -10.000000 -10.000000 2.000000
0.765954 0.367247 0.444607 2.000000
-10.000000 -10.000000 -10.000000 0.000000
0.290890 0.609358 0.458438 4.000000
-10.000000 -10.000000 -10.000000 2.000000
0.397231 0.259293 0.465495 3.000000
0.732181 0.352988 0.448691 2.000000
-10.000000 -10.000000 -10.000000 4.000000
0.615406 0.700956 0.451341 1.000000
0.755648 0.370202 0.449683 2.000000
0.317529 0.628717 0.465307 4.000000
0.761853 0.370316 0.437990 2.000000
0.283198 0.635286 0.452932 4.000000
-10.000000 -10.000000 -10.000000 0.000000
0.283198 0.635286 0.452932 4.000000
0.372470 0.265980 0.443599 3.000000
-10.000000 -10.000000 -10.000000 2.000000
-10.000000 -10.000000 -10.000000 1.000000
0.761567 0.369780 0.445761 2.000000
0.303625 0.631372 0.447113 4.000000
0.375973 0.261892 0.430874 3.000000
0.734566 0.356588 0.449688 2.000000
0.292330 0.597329 0.460639 4.000000
0.372470 0.265980 0.443599 3.000000
-10.000000 -10.000000 -10.000000 3.000000
0.386290 0.260646 0.446370 3.000000
0.634126 0.703904 0.441455 1.000000
0.736107 0.366601 0.462277 2.000000
0.620064 0.685202 0.458706 1.000000
-10.000000 -10.000000 -10.000000 3.000000
-10.000000 -10.000000 -10.000000 2.000000
0.602505 0.705997 0.445881 1.000000
-10.000000 -10.000000 -10.000000 4.000000
0.377129 0.279214 0.447030 3.000000
-10.000000 -10.000000 -10.000000 3.000000
-10.000000 -10.000000 -10.000000 1.000000
0.738629 0.376332 0.464792 2.000000
-10.000000 -10.000000 -10.000000 2.000000
0.290719 0.610562 0.450115 4.000000
0.283980 0.638265 0.452143 4.000000
-10.000000 -10.000000 -10.000000 1.000000
0.734566 0.356588 0.449688 2.000000
0.669400 0.703613 0.454288 1.000000
-10.000000 -10.000000 -10.000000 0.000000
0.289808 0.617542 0.461218 4.000000
0.284995 0.616964 0.460923 4.000000
0.340013 0.290228 0.452966 3.000000
-10.000000 -10.000000 -10.000000 4.000000
0.638427 0.720419 0.450156 1.000000
-10.000000 -10.000000 -10.000000 3.000000
0.746540 0.368981 0.451675 2.000000
0.375973 0.261892 0.430874 3.000000
0.685093 0.718355 0.444819 1.000000
0.382099 0.281205 0.448367 3.000000
0.743677 0.371511 0.448005 2.000000
0.608175 0.718493 0.441002 1.000000
0.268978 0.600878 0.453413 4.000000
-10.000000 -10.000000 -10.000000 1.000000
0.282275 0.612747 0.456680 4.000000
0.284809 0.622353 0.444707 4.000000
0.415320 0.259549 0.469535 3.000000
0.610051 0.713606 0.443338 1.000000
-10.000000 -10.000000 -10.000000 2.000000
0.638514 0.709029 0.449872 1.000000
0.381981 0.284779 0.463184 3.000000
0.760138 0.366789 0.440411 2.000000
0.405473 0.296384 0.456122 3.000000
0.760138 0.366789 0.440411 2.000000
-10.000000 -10.000000 -10.000000 2.000000
-10.000000 -10.000000 -10.000000 1.000000
0.381474 0.273845 0.440460 3.000000
0.292330 0.597329 0.460639 4.000000
0.285223 0.621328 0.453391 4.000000
-10.000000 -10.000000 -10.000000 4.000000
0.736484 0.370254 0.454334 2.000000
-10.000000 -10.000000 -10.000000 3.000000
0.599325 0.714626 0.453479 1.000000
-10.000000 -10.000000 -10.000000 1.000000
0.751143 0.373035 0.464125 2.000000
-10.000000 -10.000000 -10.000000 4.000000
0.734024 0.367760 0.458074 2.000000
0.617606 0.697789 0.452827 1.000000
0.665950 0.730746 0.445736 1.000000
0.367855 0.257294 0.438966 3.000000
0.733054 0.344004 0.441689 2.000000
-10.000000 -10.000000 -10.000000 1.000000
0.630412 0.697585 0.446957 1.000000
0.302460 0.619785 0.451058 4.000000
0.415320 0.259549 0.469535 3.000000
0.282275 0.612747 0.456680 4.000000
-10.000000 -10.000000 -10.000000 2.000000
0.374932 0.267128 0.461036 3.000000
-10.000000 -10.000000 -10.000000 3.000000
0.622582 0.711916 0.435240 1.000000
-10.000000 -10.000000 -10.000000 1.000000
-10.000000 -10.000000 -10.000000 1.000000
0.285719 0.628416 0.451816 4.000000
0.382313 0.271998 0.454985 3.000000
0.287330 0.615160 0.458533 4.000000
0.311265 0.633716 0.442216 4.000000
0.625590 0.675264 0.457801 1.000000
-10.000000 -10.000000 -10.000000 1.000000
0.400843 0.285226 0.457932 3.000000
-10.000000 -10.000000 -10.000000 2.000000
-10.000000 -10.000000 -10.000000 4.000000
0.632867 0.695289 0.450293 1.000000
0.382099 0.281205 0.448367 3.000000
-10.000000 -10.000000 -10.000000 2.000000
-10.000000 -10.000000 -10.000000 3.000000
0.360628 0.266755 0.463402 3.000000
0.382583 0.292140 0.453724 3.000000
0.377129 0.279214 0.447030 3.000000
0.374932 0.267128 0.461036 3.000000
0.599325 0.714626 0.453479 1.000000
0.380639 0.274451 0.463293 3.000000
-10.000000 -10.000000 -10.000000 4.000000
0.635626 0.706544 0.436907 1.000000
0.275240 0.620969 0.446694 4.000000
0.729691 0.361113 0.453028 2.000000
0.405737 0.253761 0.457138 3.000000
-10.000000 -10.000000 -10.000000 3.000000
0.294857 0.613317 0.453523 4.000000
-10.000000 -10.000000 -10.000000 3.000000
0.375973 0.261892 0.430874 3.000000
0.744457 0.363047 0.439764 2.000000
0.732193 0.353562 0.437235 2.000000
0.622582 0.711916 0.435240 1.000000
0.294968 0.616678 0.447224 4.000000
0.311980 0.646932 0.444990 4.000000
0.285719 0.628416 0.451816 4.000000
-10.000000 -10.000000 -10.000000 0.000000
-10.000000 -10.000000 -10.000000 1.000000
0.732181 0.352988 0.448691 2.000000
0.288878 0.622474 0.445532 4.000000
0.747054 0.371880 0.456306 2.000000
0.367855 0.257294 0.438966 3.000000
0.665950 0.730746 0.445736 1.000000
0.411840 0.273766 0.453761 3.000000
-10.000000 -10.000000 -10.000000 3.000000
0.751143 0.373035 0.464125 2.000000
0.599325 0.714626 0.453479 1.000000
-10.000000 -10.000000 -10.000000 3.000000
0.294968 0.616678 0.447224 4.000000
0.755677 0.370293 0.446470 2.000000
-10.000000 -10.000000 -10.000000 3.000000
0.741207 0.357339 0.450418 2.000000
-10.000000 -10.000000 -10.000000 1.000000
0.623375 0.729115 0.450113 1.000000
0.734566 0.356588 0.449688 2.000000
0.415320 0.259549 0.469535 3.000000
-10.000000 -10.000000 -10.000000 0.000000
-10.000000 -10.000000 -10.000000 1.000000
0.294857 0.613317 0.453523 4.000000
0.615406 0.700956 0.451341 1.000000
0.742274 0.370659 0.448124 2.000000
0.753736 0.366217 0.447080 2.000000
0.289547 0.631171 0.452497 4.000000
0.677943 0.705385 0.449834 1.000000
0.749637 0.370711 0.444366 2.000000
0.608587 0.711077 0.451195 1.000000
-10.000000 -10.000000 -10.000000 3.000000
0.406583 0.282427 0.470920 3.000000
-10.000000 -10.000000 -10.000000 4.000000
0.634632 0.711872 0.451521 1.000000
0.283198 0.635286 0.452932 4.000000
-10.000000 -10.000000 -10.000000 0.000000
-10.000000 -10.000000 -10.000000 1.000000
0.634126 0.703904 0.441455 1.000000
0.742948 0.379360 0.457304 2.000000
-10.000000 -10.000000 -10.000000 1.000000
-10.000000 -10.000000 -10.000000 1.000000
0.284995 0.616964 0.460923 4.000000
0.276567 0.624287 0.438446 4.000000
0.340013 0.290228 0.452966 3.000000
0.388202 0.271294 0.456355 3.000000
0.291910 0.620266 0.453667 4.000000
0.654089 0.721632 0.456017 1.000000
0.739023 0.376504 0.454159 2.000000
0.635626 0.706544 0.436907 1.000000
0.626981 0.710578 0.449478 1.000000
0.367855 0.257294 0.438966 3.000000
0.729691 0.361113 0.453028 2.000000
-10.000000 -10.000000 -10.000000 2.000000
0.411840 0.273766 0.453761 3.000000
-10.000000 -10.000000 -10.000000 2.000000
0.610918 0.698179 0.454930 1.000000
0.744457 0.363047 0.439764 2.000000
0.286758 0.601309 0.460892 4.000000
0.747054 0.371880 0.456306 2.000000
0.755648 0.370202 0.449683 2.000000
-10.000000 -10.000000 -10.000000 2.000000
-10.000000 -10.000000 -10.000000 1.000000
-10.000000 -10.000000 -10.000000 0.000000
-10.000000 -10.000000 -10.000000 1.000000
0.641792 0.714034 0.449265 1.000000
0.736107 0.366601 0.462277 2.000000
0.610051 0.713606 0.443338 1.000000
0.294857 0.613317 0.453523 4.000000
-10.000000 -10.000000 -10.000000 4.000000
0.638514 0.709029 0.449872 1.000000
0.764332 0.357197 0.441013 2.000000
-10.000000 -10.000000 -10.000000 4.000000
0.289530 0.620193 0.461093 4.000000
0.604290 0.707669 0.445127 1.000000
0.734035 0.362061 0.461434 2.000000
0.360628 0.266755 0.463402 3.000000
-10.000000 -10.000000 -10.000000 3.000000
-10.000000 -10.000000 -10.000000 2.000000
0.410485 0.300463 0.461266 3.000000
-10.000000 -10.000000 -10.000000 0.000000
0.765954 0.367247 0.444607 2.000000
0.632867 0.695289 0.450293 1.000000
-10.000000 -10.000000 -10.000000 2.000000
0.750217 0.368954 0.455954 2.000000
0.382583 0.292140 0.453724 3.000000
0.760138 0.366789 0.440411 2.000000
0.381474 0.273845 0.440460 3.000000
0.745474 0.370396 0.457454 2.000000
0.755648 0.370202 0.449683 2.000000
0.744426 0.366992 0.450717 2.000000
-10.000000 -10.000000 -10.000000 0.000000
0.634632 0.711872 0.451521 1.000000
0.642280 0.733101 0.454185 1.000000
0.397231 0.259293 0.465495 3.000000
-10.000000 -10.000000 -10.000000 4.000000
0.387935 0.261610 0.452504 3.000000
0.285719 0.628416 0.451816 4.000000
0.292330 0.597329 0.460639 4.000000
0.752860 0.370153 0.453897 2.000000
0.603902 0.710058 0.444481 1.000000
0.627621 0.698414 0.445789 1.000000
0.747453 0.378316 0.445894 2.000000
0.395038 0.297219 0.460488 3.000000
0.639503 0.712569 0.436460 1.000000
0.743677 0.371511 0.448005 2.000000
0.755677 0.370293 0.446470 2.000000
0.411782 0.258755 0.460056 3.000000
0.739023 0.376504 0.454159 2.000000
0.291910 0.620266 0.453667 4.000000
0.295650 0.621692 0.456555 4.000000
0.742948 0.379360 0.457304 2.000000
0.377129 0.279214 0.447030 3.000000
0.637797 0.700244 0.454907 1.000000
0.406449 0.283864 0.446392 3.000000
0.283198 0.635286 0.452932 4.000000
-10.000000 -10.000000 -10.000000 3.000000
-10.000000 -10.000000 -10.000000 3.000000
0.387963 0.285943 0.464421 3.000000
0.761853 0.370316 0.437990 2.000000
-10.000000 -10.000000 -10.000000 3.000000
0.391384 0.282160 0.452392 3.000000
0.290496 0.619189 0.459249 4.000000
0.287486 0.632511 0.454932 4.000000
0.608587 0.711077 0.451195 1.000000
0.317529 0.628717 0.465307 4.000000
-10.000000 -10.000000 -10.000000 4.000000
0.622582 0.711916 0.435240 1.000000
-10.000000 -10.000000 -10.000000 4.000000
-10.000000 -10.000000 -10.000000 1.000000
0.752534 0.388418 0.451570 2.000000
-10.000000 -10.000000 -10.000000 2.000000
0.610051 0.713606 0.443338 1.000000
0.622582 0.711916 0.435240 1.000000
0.765162 0.365696 0.443719 2.000000
0.294805 0.629830 0.448228 4.000000
0.625590 0.675264 0.457801 1.000000
0.602505 0.705997 0.445881 1.000000
0.620331 0.698283 0.456172 1.000000
0.295650 0.621692 0.456555 4.000000
0.602505 0.705997 0.445881 1.000000
0.603902 0.710058 0.444481 1.000000
0.411840 0.273766 0.453761 3.000000
0.387935 0.261610 0.452504 3.000000
0.374566 0.282053 0.453934 3.000000
0.608175 0.718493 0.441002 1.000000
-10.000000 -10.000000 -10.000000 4.000000
-10.000000 -10.000000 -10.000000 2.000000
0.741693 0.370512 0.458423 2.000000
0.287330 0.615160 0.458533 4.000000
0.383330 0.283887 0.460302 3.000000
0.662104 0.744520 0.447794 1.000000
-10.000000 -10.000000 -10.000000 0.000000
-10.000000 -10.000000 -10.000000 4.000000
0.294968 0.616678 0.447224 4.000000
0.630412 0.697585 0.446957 1.000000
0.289530 0.620193 0.461093 4.000000
0.280007 0.629655 0.448028 4.000000
0.381981 0.284779 0.463184 3.000000
0.602505 0.705997 0.445881 1.000000
-10.000000 -10.000000 -10.000000 3.000000
-10.000000 -10.000000 -10.000000 3.000000
0.729596 0.358773 0.443359 2.000000
-10.000000 -10.000000 -10.000000 3.000000
-10.000000 -10.000000 -10.000000 2.000000
-10.000000 -10.000000 -10.000000 4.000000
0.378172 0.256815 0.451937 3.000000
0.599325 0.714626 0.453479 1.000000
0.739573 0.356866 0.443795 2.000000
0.733072 0.363048 0.451486 2.000000
-10.000000 -10.000000 -10.000000 2.000000
0.619950 0.703504 0.455137 1.000000
0.611223 0.707242 0.447551 1.000000
-10.000000 -10.000000 -10.000000 0.000000
0.291910 0.620266 0.453667 4.000000
0.292330 0.597329 0.460639 4.000000
0.663456 0.731305 0.444351 1.000000
0.761567 0.369780 0.445761 2.000000
-10.000000 -10.000000 -10.000000 1.000000
0.747453 0.378316 0.445894 2.000000
-10.000000 -10.000000 -10.000000 0.000000
0.287559 0.620381 0.448815 4.000000
0.639459 0.713689 0.441196 1.000000
-10.000000 -10.000000 -10.000000 1.000000
0.625590 0.675264 0.457801 1.000000
0.374566 0.282053 0.453934 3.000000
-10.000000 -10.000000 -10.000000 2.000000
0.387963 0.285943 0.464421 3.000000
0.734035 0.362061 0.461434 2.000000
-10.000000 -10.000000 -10.000000 4.000000
0.642253 0.720046 0.444870 1.000000
0.665950 0.730746 0.445736 1.000000
-10.000000 -10.000000 -10.000000 3.000000
0.622016 0.702552 0.454939 1.000000
-10.000000 -10.000000 -10.000000 1.000000
0.744652 0.367092 0.458021 2.000000
0.395038 0.297219 0.460488 3.000000
0.283198 0.635286 0.452932 4.000000
0.599444 0.711925 0.447803 1.000000
-10.000000 -10.000000 -10.000000 4.000000
-10.000000 -10.000000 -10.000000 3.000000
0.289808 0.617542 0.461218 4.000000
-10.000000 -10.000000 -10.000000 4.000000
-10.000000 -10.000000 -10.000000 0.000000
0.384573 0.293588 0.454462 3.000000
0.389409 0.274716 0.457394 3.000000
0.288676 0.623602 0.453323 4.000000
0.742274 0.370659 0.448124 2.000000
0.761567 0.369780 0.445761 2.000000
0.737303 0.376197 0.458143 2.000000
0.282275 0.612747 0.456680 4.000000
0.622582 0.711916 0.435240 1.000000
0.748059 0.376606 0.446243 2.000000
-10.000000 -10.000000 -10.000000 0.000000
-10.000000 -10.000000 -10.000000 4.000000
0.602505 0.705997 0.445881 1.000000
-10.000000 -10.000000 -10.000000 2.000000
0.764332 0.357197 0.441013 2.000000
-10.000000 -10.000000 -10.000000 2.000000
0.268306 0.647827 0.439231 4.000000
-10.000000 -10.000000 -10.000000 2.000000
-10.000000 -10.000000 -10.000000 3.000000
0.743677 0.371511 0.448005 2.000000
0.765954 0.367247 0.444607 2.000000
0.620501 0.705862 0.442139 1.000000
0.370154 0.260715 0.458831 3.000000
-10.000000 -10.000000 -10.000000 3.000000
0.742274 0.370659 0.448124 2.000000
-10.000000 -10.000000 -10.000000 3.000000
0.374566 0.282053 0.453934 3.000000
-10.000000 -10.000000 -10.000000 2.000000
0.289530 0.620193 0.461093 4.000000
0.287486 0.632511 0.454932 4.000000
0.388202 0.271294 0.456355 3.000000
0.359400 0.289692 0.443704 3.000000
0.405831 0.273428 0.466088 3.000000
0.400843 0.285226 0.457932 3.000000
0.616462 0.695089 0.446417 1.000000
-10.000000 -10.000000 -10.000000 1.000000
-10.000000 -10.000000 -10.000000 2.000000
0.634232 0.690287 0.443208 1.000000
0.623375 0.729115 0.450113 1.000000
0.285223 0.621328 0.453391 4.000000
0.630537 0.724251 0.449497 1.000000
-10.000000 -10.000000 -10.000000 2.000000
0.389409 0.274716 0.457394 3.000000
0.294968 0.616678 0.447224 4.000000
0.294857 0.613317 0.453523 4.000000
0.627740 0.704401 0.439694 1.000000
0.282275 0.612747 0.456680 4.000000
-10.000000 -10.000000 -10.000000 2.000000
0.575890 0.644893 0.382101 1.000000
0.610918 0.698179 0.454930 1.000000
0.603902 0.710058 0.444481 1.000000
0.642280 0.733101 0.454185 1.000000
-10.000000 -10.000000 -10.000000 2.000000
0.378172 0.256815 0.451937 3.000000
0.384573 0.293588 0.454462 3.000000
0.742948 0.379360 0.457304 2.000000
-10.000000 -10.000000 -10.000000 2.000000
0.297976 0.606886 0.455440 4.000000
0.755648 0.370202 0.449683 2.000000
0.411840 0.273766 0.453761 3.000000
0.639429 0.710558 0.454977 1.000000
0.762156 0.376242 0.437820 2.000000
0.387935 0.261610 0.452504 3.000000
-10.000000 -10.000000 -10.000000 2.000000
0.729596 0.358773 0.443359 2.000000
0.761853 0.370316 0.437990 2.000000
-10.000000 -10.000000 -10.000000 2.000000
0.642253 0.720046 0.444870 1.000000
0.317093 0.619504 0.469345 4.000000
-10.000000 -10.000000 -10.000000 4.000000
0.291774 0.608006 0.455853 4.000000
-10.000000 -10.000000 -10.000000 2.000000
0.294195 0.632301 0.454170 4.000000
-10.000000 -10.000000 -10.000000 0.000000
0.744652 0.367092 0.458021 2.000000
-10.000000 -10.000000 -10.000000 2.000000
0.297976 0.606886 0.455440 4.000000
-10.000000 -10.000000 -10.000000 2.000000
0.639503 0.712569 0.436460 1.000000
-10.000000 -10.000000 -10.000000 4.000000
0.283980 0.638265 0.452143 4.000000
0.729691 0.361113 0.453028 2.000000
0.663456 0.731305 0.444351 1.000000
0.669400 0.703613 0.454288 1.000000
0.630412 0.697585 0.446957 1.000000
0.739694 0.376477 0.460049 2.000000
0.283198 0.635286 0.452932 4.000000
-10.000000 -10.000000 -10.000000 2.000000
0.729596 0.358773 0.443359 2.000000
0.753736 0.366217 0.447080 2.000000
0.751143 0.373035 0.464125 2.000000
0.280007 0.629655 0.448028 4.000000
-10.000000 -10.000000 -10.000000 2.000000
0.288878 0.622474 0.445532 4.000000
-10.000000 -10.000000 -10.000000 0.000000
-10.000000 -10.000000 -10.000000 0.000000
0.755648 0.370202 0.449683 2.000000
0.762156 0.376242 0.437820 2.000000
-10.000000 -10.000000 -10.000000 0.000000
-10.000000 -10.000000 -10.000000 0.000000
0.755894 0.392288 0.457205 2.000000
-10.000000 -10.000000 -10.000000 3.000000
0.405737 0.253761 0.457138 3.000000
0.765162 0.365696 0.443719 2.000000
-10.000000 -10.000000 -10.000000 2.000000
0.732193 0.353562 0.437235 2.000000
0.303625 0.631372 0.447113 4.000000
0.734035 0.362061 0.461434 2.000000
0.317529 0.628717 0.465307 4.000000
0.383330 0.283887 0.460302 3.000000
0.641792 0.714034 0.449265 1.000000
-10.000000 -10.000000 -10.000000 3.000000
-10.000000 -10.000000 -10.000000 1.000000
0.367855 0.257294 0.438966 3.000000
-10.000000 -10.000000 -10.000000 4.000000
0.744426 0.366992 0.450717 2.000000
0.748059 0.376606 0.446243 2.000000
0.740791 0.357074 0.448466 2.000000
0.627621 0.698414 0.445789 1.000000
-10.000000 -10.000000 -10.000000 3.000000
0.405473 0.296384 0.456122 3.000000
0.387963 0.285943 0.464421 3.000000
0.752534 0.388418 0.451570 2.000000
0.744652 0.367092 0.458021 2.000000
-10.000000 -10.000000 -10.000000 3.000000
0.406583 0.282427 0.470920 3.000000
0.753453 0.359953 0.446563 2.000000
0.610918 0.698179 0.454930 1.000000
-10.000000 -10.000000 -10.000000 4.000000
0.411782 0.258755 0.460056 3.000000
0.755677 0.370293 0.446470 2.000000
0.289530 0.620193 0.461093 4.000000
0.677943 0.705385 0.449834 1.000000
0.610051 0.713606 0.443338 1.000000
0.287559 0.620381 0.448815 4.000000
-10.000000 -10.000000 -10.000000 0.000000
0.760138 0.366789 0.440411 2.000000
-10.000000 -10.000000 -10.000000 1.000000
-10.000000 -10.000000 -10.000000 2.000000
0.620064 0.685202 0.458706 1.000000
0.663456 0.731305 0.444351 1.000000
-10.000000 -10.000000 -10.000000 1.000000
-10.000000 -10.000000 -10.000000 4.000000
-10.000000 -10.000000 -10.000000 0.000000
0.415320 0.259549 0.469535 3.000000
-10.000000 -10.000000 -10.000000 4.000000
-10.000000 -10.000000 -10.000000 3.000000
0.406449 0.283864 0.446392 3.000000
-10.000000 -10.000000 -10.000000 3.000000
0.400843 0.285226 0.457932 3.000000
-10.000000 -10.000000 -10.000000 2.000000
0.406449 0.283864 0.446392 3.000000
-10.000000 -10.000000 -10.000000 2.000000
0.416646 0.284525 0.448694 3.000000
0.627740 0.704401 0.439694 1.000000
-10.000000 -10.000000 -10.000000 1.000000
-10.000000 -10.000000 -10.000000 2.000000
0.737303 0.376197 0.458143 2.000000
0.654089 0.721632 0.456017 1.000000
-10.000000 -10.000000 -10.000000 4.000000
0.382099 0.281205 0.448367 3.000000
0.277958 0.617065 0.454166 4.000000
0.614250 0.708234 0.445156 1.000000
-10.000000 -10.000000 -10.000000 4.000000
0.283980 0.638265 0.452143 4.000000
0.276567 0.624287 0.438446 4.000000
0.739023 0.376504 0.454159 2.000000
0.744652 0.367092 0.458021 2.000000
-10.000000 -10.000000 -10.000000 2.000000
-10.000000 -10.000000 -10.000000 2.000000
-10.000000 -10.000000 -10.000000 1.000000
0.602789 0.719134 0.449922 1.000000
0.608175 0.718493 0.441002 1.000000
-10.000000 -10.000000 -10.000000 3.000000
-10.000000 -10.000000 -10.000000 3.000000
0.377129 0.279214 0.447030 3.000000
0.740791 0.357074 0.448466 2.000000
0.753215 0.353939 0.445567 2.000000
0.742274 0.370659 0.448124 2.000000
0.303625 0.631372 0.447113 4.000000
-10.000000 -10.000000 -10.000000 1.000000
-10.000000 -10.000000 -10.000000 2.000000
0.614084 0.703570 0.451520 1.000000
0.742948 0.379360 0.457304 2.000000
0.415320 0.259549 0.469535 3.000000
0.381981 0.284779 0.463184 3.000000
0.386290 0.260646 0.446370 3.000000
0.294195 0.632301 0.454170 4.000000
0.405737 0.253761 0.457138 3.000000
0.765162 0.365696 0.443719 2.000000
0.290190 0.614629 0.459190 4.000000
0.377129 0.279214 0.447030 3.000000
0.617606 0.697789 0.452827 1.000000
0.752774 0.380691 0.452867 2.000000
-10.000000 -10.000000 -10.000000 1.000000
0.294195 0.632301 0.454170 4.000000
0.630398 0.694224 0.454431 1.000000
0.391384 0.282160 0.452392 3.000000
0.285223 0.621328 0.453391 4.000000
0.411840 0.273766 0.453761 3.000000
-10.000000 -10.000000 -10.000000 4.000000
0.387003 0.277856 0.452148 3.000000
0.360628 0.266755 0.463402 3.000000
-10.000000 -10.000000 -10.000000 2.000000
0.302223 0.607584 0.458545 4.000000
0.751143 0.373035 0.464125 2.000000
0.416596 0.303945 0.459039 3.000000
0.755894 0.392288 0.457205 2.000000
0.739023 0.376504 0.454159 2.000000
0.275240 0.620969 0.446694 4.000000
0.734035 0.362061 0.461434 2.000000
0.275240 0.620969 0.446694 4.000000
0.400843 0.285226 0.457932 3.000000
0.729596 0.358773 0.443359 2.000000
0.599444 0.711925 0.447803 1.000000
0.638427 0.720419 0.450156 1.000000
0.291910 0.620266 0.453667 4.000000
0.406583 0.282427 0.470920 3.000000
0.370154 0.260715 0.458831 3.000000
0.274594 0.632530 0.446567 4.000000
0.625590 0.675264 0.457801 1.000000
-10.000000 -10.000000 -10.000000 0.000000
0.276567 0.624287 0.438446 4.000000
-10.000000 -10.000000 -10.000000 1.000000
0.372470 0.265980 0.443599 3.000000
0.604290 0.707669 0.445127 1.000000
0.370154 0.260715 0.458831 3.000000
0.268306 0.647827 0.439231 4.000000
0.268978 0.600878 0.453413 4.000000
0.603902 0.710058 0.444481 1.000000
0.614084 0.703570 0.451520 1.000000
-10.000000 -10.000000 -10.000000 4.000000
0.734035 0.362061 0.461434 2.000000
0.599444 0.711925 0.447803 1.000000
0.291313 0.622603 0.447401 4.000000
-10.000000 -10.000000 -10.000000 4.000000
0.386290 0.260646 0.446370 3.000000
0.302223 0.607584 0.458545 4.000000
-10.000000 -10.000000 -10.000000 3.000000
-10.000000 -10.000000 -10.000000 0.000000
-10.000000 -10.000000 -10.000000 4.000000
0.620501 0.705862 0.442139 1.000000
-10.000000 -10.000000 -10.000000 1.000000
0.367855 0.257294 0.438966 3.000000
-10.000000 -10.000000 -10.000000 1.000000
0.272478 0.649281 0.438649 4.000000
0.630537 0.724251 0.449497 1.000000
0.734566 0.356588 0.449688 2.000000
0.385140 0.279584 0.452129 3.000000
0.745798 0.358731 0.434461 2.000000
-10.000000 -10.000000 -10.000000 2.000000
0.291313 0.622603 0.447401 4.000000
0.416646 0.284525 0.448694 3.000000
0.405831 0.273428 0.466088 3.000000
0.412388 0.286454 0.451705 3.000000
0.287486 0.632511 0.454932 4.000000
-10.000000 -10.000000 -10.000000 0.000000
-10.000000 -10.000000 -10.000000 2.000000
0.743677 0.371511 0.448005 2.000000
-10.000000 -10.000000 -10.000000 2.000000
-10.000000 -10.000000 -10.000000 2.000000
-10.000000 -10.000000 -10.000000 3.000000
0.610918 0.698179 0.454930 1.000000
0.375973 0.261892 0.430874 3.000000
0.757409 0.372417 0.455325 2.000000
0.272478 0.649281 0.438649 4.000000
0.608587 0.711077 0.451195 1.000000
0.634232 0.690287 0.443208 1.000000
0.291313 0.622603 0.447401 4.000000
0.639503 0.712569 0.436460 1.000000
0.387935 0.261610 0.452504 3.000000
0.639429 0.710558 0.454977 1.000000
0.406583 0.282427 0.470920 3.000000
0.745798 0.358731 0.434461 2.000000
0.740791 0.357074 0.448466 2.000000
0.376233 0.270297 0.456724 3.000000
0.622582 0.711916 0.435240 1.000000
0.628958 0.706315 0.441374 1.000000
-10.000000 -10.000000 -10.000000 3.000000
0.662104 0.744520 0.447794 1.000000
-10.000000 -10.000000 -10.000000 3.000000
0.755677 0.370293 0.446470 2.000000
-10.000000 -10.000000 -10.000000 4.000000
0.283980 0.638265 0.452143 4.000000
0.287330 0.615160 0.458533 4.000000
-10.000000 -10.000000 -10.000000 2.000000
0.764332 0.357197 0.441013 2.000000
0.391384 0.282160 0.452392 3.000000
0.317529 0.628717 0.465307 4.000000
-10.000000 -10.000000 -10.000000 2.000000
-10.000000 -10.000000 -10.000000 3.000000
0.746540 0.368981 0.451675 2.000000
-10.000000 -10.000000 -10.000000 4.000000
-10.000000 -10.000000 -10.000000 3.000000
-10.000000 -10.000000 -10.000000 2.000000
0.746540 0.368981 0.451675 2.000000
-10.000000 -10.000000 -10.000000 2.000000
0.284809 0.622353 0.444707 4.000000
0.741693 0.370512 0.458423 2.000000
0.620331 0.698283 0.456172 1.000000
-10.000000 -10.000000 -10.000000 2.000000
-10.000000 -10.000000 -10.000000 4.000000
0.638427 0.720419 0.450156 1.000000
-10.000000 -10.000000 -10.000000 0.000000
-10.000000 -10.000000 -10.000000 1.000000
-10.000000 -10.000000 -10.000000 0.000000
0.623375 0.729115 0.450113 1.000000
0.630642 0.707480 0.445216 1.000000
0.360628 0.266755 0.463402 3.000000
0.416596 0.303945 0.459039 3.000000
0.389409 0.274716 0.457394 3.000000
0.634126 0.703904 0.441455 1.000000
0.275240 0.620969 0.446694 4.000000
0.641792 0.714034 0.449265 1.000000
-10.000000 -10.000000 -10.000000 3.000000
0.745474 0.370396 0.457454 2.000000
0.636927 0.707131 0.446028 1.000000
0.742274 0.370659 0.448124 2.000000
-10.000000 -10.000000 -10.000000 2.000000
0.276567 0.624287 0.438446 4.000000
-10.000000 -10.000000 -10.000000 2.000000
0.383501 0.260415 0.438170 3.000000
0.302223 0.607584 0.458545 4.000000
0.283980 0.638265 0.452143 4.000000
0.405473 0.296384 0.456122 3.000000
0.751143 0.373035 0.464125 2.000000
0.614250 0.708234 0.445156 1.000000
-10.000000 -10.000000 -10.000000 1.000000
0.755648 0.370202 0.449683 2.000000
-10.000000 -10.000000 -10.000000 3.000000
-10.000000 -10.000000 -10.000000 1.000000
-10.000000 -10.000000 -10.000000 1.000000
0.753736 0.366217 0.447080 2.000000
0.733054 0.344004 0.441689 2.000000
0.739573 0.356866 0.443795 2.000000
0.291774 0.608006 0.455853 4.000000
0.734024 0.367760 0.458074 2.000000
0.608175 0.718493 0.441002 1.000000
-10.000000 -10.000000 -10.000000 1.000000
-10.000000 -10.000000 -10.000000 4.000000
0.617606 0.697789 0.452827 1.000000
0.375973 0.261892 0.430874 3.000000
0.739694 0.376477 0.460049 2.000000
0.294195 0.632301 0.454170 4.000000
0.360628 0.266755 0.463402 3.000000
0.268978 0.600878 0.453413 4.000000
-10.000000 -10.000000 -10.000000 2.000000
0.284995 0.616964 0.460923 4.000000
-10.000000 -10.000000 -10.000000 2.000000
-10.000000 -10.000000 -10.000000 0.000000
-10.000000 -10.000000 -10.000000 4.000000
0.750217 0.368954 0.455954 2.000000
0.752774 0.380691 0.452867 2.000000
0.622016 0.702552 0.454939 1.000000
0.663456 0.731305 0.444351 1.000000
0.603902 0.710058 0.444481 1.000000
0.669400 0.703613 0.454288 1.000000
-10.000000 -10.000000 -10.000000 1.000000
-10.000000 -10.000000 -10.000000 2.000000
0.742274 0.370659 0.448124 2.000000
0.377129 0.279214 0.447030 3.000000
-10.000000 -10.000000 -10.000000 4.000000
0.294195 0.632301 0.454170 4.000000
-10.000000 -10.000000 -10.000000 2.000000
0.745474 0.370396 0.457454 2.000000
0.406583 0.282427 0.470920 3.000000
0.405473 0.296384 0.456122 3.000000
-10.000000 -10.000000 -10.000000 3.000000
0.397966 0.283994 0.452868 3.000000
0.729691 0.361113 0.453028 2.000000
0.635626 0.706544 0.436907 1.000000
0.755648 0.370202 0.449683 2.000000
0.742948 0.379360 0.457304 2.000000
0.627621 0.698414 0.445789 1.000000
-10.000000 -10.000000 -10.000000 1.000000
0.405831 0.273428 0.466088 3.000000
0.627621 0.698414 0.445789 1.000000
-10.000000 -10.000000 -10.000000 1.000000
-10.000000 -10.000000 -10.000000 2.000000
0.599325 0.714626 0.453479 1.000000
0.630642 0.707480 0.445216 1.000000
0.616462 0.695089 0.446417 1.000000
0.416596 0.303945 0.459039 3.000000
-10.000000 -10.000000 -10.000000 4.000000
0.739694 0.376477 0.460049 2.000000
0.738629 0.376332 0.464792 2.000000
0.669400 0.703613 0.454288 1.000000
0.395038 0.297219 0.460488 3.000000
0.741207 0.357339 0.450418 2.000000
-10.000000 -10.000000 -10.000000 3.000000
0.753736 0.366217 0.447080 2.000000
0.610918 0.698179 0.454930 1.000000
0.387003 0.277856 0.452148 3.000000
0.397231 0.259293 0.465495 3.000000
-10.000000 -10.000000 -10.000000 2.000000
0.575890 0.644893 0.382101 1.000000
-10.000000 -10.000000 -10.000000 1.000000
0.752774 0.380691 0.452867 2.000000
0.288676 0.623602 0.453323 4.000000
0.738629 0.376332 0.464792 2.000000
0.760138 0.366789 0.440411 2.000000
0.623375 0.729115 0.450113 1.000000
0.634632 0.711872 0.451521 1.000000
0.360628 0.266755 0.463402 3.000000
0.615406 0.700956 0.451341 1.000000
0.634232 0.690287 0.443208 1.000000
0.669400 0.703613 0.454288 1.000000
0.729691 0.361113 0.453028 2.000000
0.277958 0.617065 0.454166 4.000000
-10.000000 -10.000000 -10.000000 4.000000
0.729691 0.361113 0.453028 2.000000
-10.000000 -10.000000 -10.000000 4.000000
0.372470 0.265980 0.443599 3.000000
0.639503 0.712569 0.436460 1.000000
0.752534 0.388418 0.451570 2.000000
-10.000000 -10.000000 -10.000000 2.000000
0.739694 0.376477 0.460049 2.000000
-10.000000 -10.000000 -10.000000 3.000000
0.276567 0.624287 0.438446 4.000000
-10.000000 -10.000000 -10.000000 4.000000
0.302223 0.607584 0.458545 4.000000
0.282275 0.612747 0.456680 4.000000
-10.000000 -10.000000 -10.000000 4.000000
0.390750 0.293645 0.458277 3.000000
-10.000000 -10.000000 -10.000000 1.000000
-10.000000 -10.000000 -10.000000 2.000000
0.405831 0.273428 0.466088 3.000000
-10.000000 -10.000000 -10.000000 1.000000
0.638427 0.720419 0.450156 1.000000
-10.000000 -10.000000 -10.000000 2.000000
0.383330 0.283887 0.460302 3.000000
-10.000000 -10.000000 -10.000000 1.000000
0.383501 0.260415 0.438170 3.000000
0.753736 0.366217 0.447080 2.000000
0.765954 0.367247 0.444607 2.000000
-10.000000 -10.000000 -10.000000 3.000000
0.744457 0.363047 0.439764 2.000000
0.749637 0.370711 0.444366 2.000000
0.398965 0.275352 0.458570 3.000000
0.398771 0.296135 0.464147 3.000000
-10.000000 -10.000000 -10.000000 4.000000
0.411782 0.258755 0.460056 3.000000
-10.000000 -10.000000 -10.000000 3.000000
-10.000000 -10.000000 -10.000000 4.000000
0.285223 0.621328 0.453391 4.000000
0.382313 0.271998 0.454985 3.000000
0.665950 0.730746 0.445736 1.000000
0.744652 0.367092 0.458021 2.000000
0.614084 0.703570 0.451520 1.000000
-10.000000 -10.000000 -10.000000 2.000000
-10.000000 -10.000000 -10.000000 2.000000
0.639503 0.712569 0.436460 1.000000
0.611223 0.707242 0.447551 1.000000
0.630642 0.707480 0.445216 1.000000
-10.000000 -10.000000 -10.000000 3.000000
0.285719 0.628416 0.451816 4.000000
0.381981 0.284779 0.463184 3.000000
-10.000000 -10.000000 -10.000000 1.000000
0.372470 0.265980 0.443599 3.000000
0.760138 0.366789 0.440411 2.000000
0.405737 0.253761 0.457138 3.000000
0.736107 0.366601 0.462277 2.000000
0.636927 0.707131 0.446028 1.000000
-10.000000 -10.000000 -10.000000 1.000000
-10.000000 -10.000000 -10.000000 2.000000
-10.000000 -10.000000 -10.000000 3.000000
-10.000000 -10.000000 -10.000000 1.000000
0.410485 0.300463 0.461266 3.000000
-10.000000 -10.000000 -10.000000 3.000000
-10.000000 -10.000000 -10.000000 3.000000
-10.000000 -10.000000 -10.000000 3.000000
0.630537 0.724251 0.449497 1.000000
0.747054 0.371880 0.456306 2.000000
0.744426 0.366992 0.450717 2.000000
0.729691 0.361113 0.453028 2.000000
0.753215 0.353939 0.445567 2.000000
0.729596 0.358773 0.443359 2.000000
0.753453 0.359953 0.446563 2.000000
0.603902 0.710058 0.444481 1.000000
-10.000000 -10.000000 -10.000000 1.000000
0.741207 0.357339 0.450418 2.000000
-10.000000 -10.000000 -10.000000 1.000000
0.359400 0.289692 0.443704 3.000000
0.765162 0.365696 0.443719 2.000000
0.406449 0.283864 0.446392 3.000000
0.602789 0.719134 0.449922 1.000000
-10.000000 -10.000000 -10.000000 1.000000
0.660771 0.727971 0.445059 1.000000
0.311980 0.646932 0.444990 4.000000
0.359400 0.289692 0.443704 3.000000
-10.000000 -10.000000 -10.000000 2.000000
0.660771 0.727971 0.445059 1.000000
0.284995 0.616964 0.460923 4.000000
0.752534 0.388418 0.451570 2.000000
0.635626 0.706544 0.436907 1.000000
0.398965 0.275352 0.458570 3.000000
0.665950 0.730746 0.445736 1.000000
0.311980 0.646932 0.444990 4.000000
0.755894 0.392288 0.457205 2.000000
-10.000000 -10.000000 -10.000000 3.000000
-10.000000 -10.000000 -10.000000 1.000000
0.634126 0.703904 0.441455 1.000000
0.660771 0.727971 0.445059 1.000000
-10.000000 -10.000000 -10.000000 3.000000
-10.000000 -10.000000 -10.000000 2.000000
0.375973 0.261892 0.430874 3.000000
0.642253 0.720046 0.444870 1.000000
-10.000000 -10.000000 -10.000000 1.000000
0.372470 0.265980 0.443599 3.000000
-10.000000 -10.000000 -10.000000 2.000000
0.687208 0.729724 0.441142 1.000000
0.388202 0.271294 0.456355 3.000000
0.397966 0.283994 0.452868 3.000000
-10.000000 -10.000000 -10.000000 2.000000
0.745474 0.370396 0.457454 2.000000
0.388202 0.271294 0.456355 3.000000
0.663456 0.731305 0.444351 1.000000
0.734035 0.362061 0.461434 2.000000
0.376233 0.270297 0.456724 3.000000
-10.000000 -10.000000 -10.000000 2.000000
0.317529 0.628717 0.465307 4.000000
-10.000000 -10.000000 -10.000000 2.000000
-10.000000 -10.000000 -10.000000 4.000000
0.753736 0.366217 0.447080 2.000000
0.372470 0.265980 0.443599 3.000000
-10.000000 -10.000000 -10.000000 2.000000
0.323739 0.606444 0.477877 4.000000
0.290496 0.619189 0.459249 4.000000
0.288878 0.622474 0.445532 4.000000
0.747054 0.371880 0.456306 2.000000
0.741207 0.357339 0.450418 2.000000
-10.000000 -10.000000 -10.000000 2.000000
0.287486 0.632511 0.454932 4.000000
0.406583 0.282427 0.470920 3.000000
-10.000000 -10.000000 -10.000000 2.000000
-10.000000 -10.000000 -10.000000 3.000000
0.384573 0.293588 0.454462 3.000000
0.626981 0.710578 0.449478 1.000000
0.765954 0.367247 0.444607 2.000000
0.416646 0.284525 0.448694 3.000000
0.302223 0.607584 0.458545 4.000000
-10.000000 -10.000000 -10.000000 3.000000
0.755677 0.370293 0.446470 2.000000
-10.000000 -10.000000 -10.000000 3.000000
0.747054 0.371880 0.456306 2.000000
0.610918 0.698179 0.454930 1.000000
-10.000000 -10.000000 -10.000000 1.000000
0.739023 0.376504 0.454159 2.000000
-10.000000 -10.000000 -10.000000 2.000000
0.285719 0.628416 0.451816 4.000000
0.284867 0.642332 0.445567 4.000000
0.376233 0.270297 0.456724 3.000000
-10.000000 -10.000000 -10.000000 1.000000
0.272478 0.649281 0.438649 4.000000
0.288676 0.623602 0.453323 4.000000
0.757409 0.372417 0.455325 2.000000
0.752860 0.370153 0.453897 2.000000
0.637797 0.700244 0.454907 1.000000
0.733072 0.363048 0.451486 2.000000
0.288676 0.623602 0.453323 4.000000
0.602505 0.705997 0.445881 1.000000
-10.000000 -10.000000 -10.000000 4.000000
0.641792 0.714034 0.449265 1.000000
0.744426 0.366992 0.450717 2.000000
-10.000000 -10.000000 -10.000000 1.000000
0.291774 0.608006 0.455853 4.000000
0.602789 0.719134 0.449922 1.000000
0.412388 0.286454 0.451705 3.000000
0.294857 0.613317 0.453523 4.000000
-10.000000 -10.000000 -10.000000 3.000000
0.388202 0.271294 0.456355 3.000000
0.294985 0.615315 0.452285 4.000000
-10.000000 -10.000000 -10.000000 3.000000
0.292330 0.597329 0.460639 4.000000
0.729596 0.358773 0.443359 2.000000
0.739694 0.376477 0.460049 2.000000
0.294968 0.616678 0.447224 4.000000
-10.000000 -10.000000 -10.000000 2.000000
0.264293 0.635534 0.443184 4.000000
0.264293 0.635534 0.443184 4.000000
0.734566 0.356588 0.449688 2.000000
0.623375 0.729115 0.450113 1.000000
0.288878 0.622474 0.445532 4.000000
0.386290 0.260646 0.446370 3.000000
0.736107 0.366601 0.462277 2.000000
-10.000000 -10.000000 -10.000000 3.000000
0.282275 0.612747 0.456680 4.000000
0.620501 0.705862 0.442139 1.000000
0.602789 0.719134 0.449922 1.000000
0.391384 0.282160 0.452392 3.000000
0.295650 0.621692 0.456555 4.000000
0.389409 0.274716 0.457394 3.000000
0.615406 0.700956 0.451341 1.000000
0.755677 0.370293 0.446470 2.000000
0.625996 0.706581 0.442621 1.000000
0.282275 0.612747 0.456680 4.000000
0.372470 0.265980 0.443599 3.000000
-10.000000 -10.000000 -10.000000 4.000000
-10.000000 -10.000000 -10.000000 3.000000
0.268306 0.647827 0.439231 4.000000
-10.000000 -10.000000 -10.000000 2.000000
-10.000000 -10.000000 -10.000000 2.000000
0.642280 0.733101 0.454185 1.000000
0.384573 0.293588 0.454462 3.000000
0.268978 0.600878 0.453413 4.000000
-10.000000 -10.000000 -10.000000 3.000000
0.753736 0.366217 0.447080 2.000000
0.374566 0.282053 0.453934 3.000000
0.388202 0.271294 0.456355 3.000000
0.283980 0.638265 0.452143 4.000000
0.749637 0.370711 0.444366 2.000000
0.375973 0.261892 0.430874 3.000000
0.620501 0.705862 0.442139 1.000000
-10.000000 -10.000000 -10.000000 1.000000
0.610051 0.713606 0.443338 1.000000
0.739694 0.376477 0.460049 2.000000
0.734024 0.367760 0.458074 2.000000
0.380639 0.274451 0.463293 3.000000
-10.000000 -10.000000 -10.000000 2.000000
0.729596 0.358773 0.443359 2.000000
0.289530 0.620193 0.461093 4.000000
0.748059 0.376606 0.446243 2.000000
-10.000000 -10.000000 -10.000000 1.000000
-10.000000 -10.000000 -10.000000 1.000000
0.405473 0.296384 0.456122 3.000000
0.311265 0.633716 0.442216 4.000000
-10.000000 -10.000000 -10.000000 4.000000
-10.000000 -10.000000 -10.000000 2.000000
0.638427 0.720419 0.450156 1.000000
-10.000000 -10.000000 -10.000000 4.000000
-10.000000 -10.000000 -10.000000 2.000000
0.746540 0.368981 0.451675 2.000000
0.287486 0.632511 0.454932 4.000000
0.411840 0.273766 0.453761 3.000000
0.638514 0.709029 0.449872 1.000000
-10.000000 -10.000000 -10.000000 3.000000
-10.000000 -10.000000 -10.000000 4.000000
-10.000000 -10.000000 -10.000000 1.000000
0.623375 0.729115 0.450113 1.000000
0.677943 0.705385 0.449834 1.000000
0.670124 0.710313 0.455233 1.000000
0.284995 0.616964 0.460923 4.000000
0.289808 0.617542 0.461218 4.000000
-10.000000 -10.000000 -10.000000 4.000000
0.762156 0.376242 0.437820 2.000000
0.639429 0.710558 0.454977 1.000000
0.630398 0.694224 0.454431 1.000000
-10.000000 -10.000000 -10.000000 2.000000
-10.000000 -10.000000 -10.000000 4.000000
0.761567 0.369780 0.445761 2.000000
0.663456 0.731305 0.444351 1.000000
0.291910 0.620266 0.453667 4.000000
-10.000000 -10.000000 -10.000000 3.000000
0.660771 0.727971 0.445059 1.000000
0.751143 0.373035 0.464125 2.000000
0.638427 0.720419 0.450156 1.000000
0.366357 0.282020 0.451548 3.000000
0.311265 0.633716 0.442216 4.000000
0.619950 0.703504 0.455137 1.000000
-10.000000 -10.000000 -10.000000 2.000000
0.733054 0.344004 0.441689 2.000000
0.619950 0.703504 0.455137 1.000000
0.302460 0.619785 0.451058 4.000000
0.764332 0.357197 0.441013 2.000000
0.382099 0.281205 0.448367 3.000000
0.732181 0.352988 0.448691 2.000000
0.289530 0.620193 0.461093 4.000000
0.384573 0.293588 0.454462 3.000000
0.317093 0.619504 0.469345 4.000000
0.746540 0.368981 0.451675 2.000000
0.733054 0.344004 0.441689 2.000000
0.747453 0.378316 0.445894 2.000000
0.410485 0.300463 0.461266 3.000000
0.405831 0.273428 0.466088 3.000000
-10.000000 -10.000000 -10.000000 1.000000
0.291910 0.620266 0.453667 4.000000
0.755894 0.392288 0.457205 2.000000
0.604290 0.707669 0.445127 1.000000
0.382313 0.271998 0.454985 3.000000
-10.000000 -10.000000 -10.000000 3.000000
0.294805 0.629830 0.448228 4.000000
0.268978 0.600878 0.453413 4.000000
0.737303 0.376197 0.458143 2.000000
-10.000000 -10.000000 -10.000000 2.000000
0.736484 0.370254 0.454334 2.000000
-10.000000 -10.000000 -10.000000 1.000000
0.749637 0.370711 0.444366 2.000000
0.669400 0.703613 0.454288 1.000000
0.294195 0.632301 0.454170 4.000000
0.734035 0.362061 0.461434 2.000000
-10.000000 -10.000000 -10.000000 1.000000
-10.000000 -10.000000 -10.000000 1.000000
-10.000000 -10.000000 -10.000000 2.000000
0.381474 0.273845 0.440460 3.000000
0.617606 0.697789 0.452827 1.000000
0.732181 0.352988 0.448691 2.000000
-10.000000 -10.000000 -10.000000 1.000000
-10.000000 -10.000000 -10.000000 3.000000
0.741693 0.370512 0.458423 2.000000
0.630642 0.707480 0.445216 1.000000
0.635626 0.706544 0.436907 1.000000
-10.000000 -10.000000 -10.000000 3.000000
0.627621 0.698414 0.445789 1.000000
0.616450 0.714670 0.443052 1.000000
0.370154 0.260715 0.458831 3.000000
0.620064 0.685202 0.458706 1.000000
0.290719 0.610562 0.450115 4.000000
-10.000000 -10.000000 -10.000000 3.000000
0.616450 0.714670 0.443052 1.000000
0.626981 0.710578 0.449478 1.000000
0.736107 0.366601 0.462277 2.000000
0.739694 0.376477 0.460049 2.000000
0.639503 0.712569 0.436460 1.000000
-10.000000 -10.000000 -10.000000 0.000000
0.734566 0.356588 0.449688 2.000000
0.377129 0.279214 0.447030 3.000000
-10.000000 -10.000000 -10.000000 2.000000
0.729691 0.361113 0.453028 2.000000
0.622582 0.711916 0.435240 1.000000
0.382313 0.271998 0.454985 3.000000
0.291910 0.620266 0.453667 4.000000
-10.000000 -10.000000 -10.000000 2.000000
0.628958 0.706315 0.441374 1.000000
-10.000000 -10.000000 -10.000000 3.000000
-10.000000 -10.000000 -10.000000 3.000000
-10.000000 -10.000000 -10.000000 2.000000
0.317093 0.619504 0.469345 4.000000
0.311265 0.633716 0.442216 4.000000
-10.000000 -10.000000 -10.000000 2.000000
-10.000000 -10.000000 -10.000000 1.000000
0.290719 0.610562 0.450115 4.000000
0.295650 0.621692 0.456555 4.000000
0.284867 0.642332 0.445567 4.000000
-10.000000 -10.000000 -10.000000 2.000000
0.753736 0.366217 0.447080 2.000000
-10.000000 -10.000000 -10.000000 4.000000
0.303625 0.631372 0.447113 4.000000
0.748059 0.376606 0.446243 2.000000
0.625996 0.706581 0.442621 1.000000
0.615406 0.700956 0.451341 1.000000
0.736346 0.358352 0.459438 2.000000
0.286758 0.601309 0.460892 4.000000
0.739573 0.356866 0.443795 2.000000
0.293068 0.609349 0.465167 4.000000
0.367855 0.257294 0.438966 3.000000
0.615406 0.700956 0.451341 1.000000
0.729691 0.361113 0.453028 2.000000
0.625590 0.675264 0.457801 1.000000
0.750217 0.368954 0.455954 2.000000
-10.000000 -10.000000 -10.000000 3.000000
0.739573 0.356866 0.443795 2.000000
-10.000000 -10.000000 -10.000000 1.000000
0.409976 0.247393 0.444294 3.000000
0.642280 0.733101 0.454185 1.000000
-10.000000 -10.000000 -10.000000 3.000000
-10.000000 -10.000000 -10.000000 2.000000
0.764332 0.357197 0.441013 2.000000
0.398965 0.275352 0.458570 3.000000
-10.000000 -10.000000 -10.000000 3.000000
0.739573 0.356866 0.443795 2.000000
0.736346 0.358352 0.459438 2.000000
0.745474 0.370396 0.457454 2.000000
0.397966 0.283994 0.452868 3.000000
0.741693 0.370512 0.458423 2.000000
0.752534 0.388418 0.451570 2.000000
-10.000000 -10.000000 -10.000000 2.000000
0.382313 0.271998 0.454985 3.000000
0.387963 0.285943 0.464421 3.000000
0.406583 0.282427 0.470920 3.000000
0.603902 0.710058 0.444481 1.000000
-10.000000 -10.000000 -10.000000 2.000000
-10.000000 -10.000000 -10.000000 0.000000
0.747054 0.371880 0.456306 2.000000
0.367855 0.257294 0.438966 3.000000
0.381474 0.273845 0.440460 3.000000
0.286758 0.601309 0.460892 4.000000
0.685093 0.718355 0.444819 1.000000
0.367855 0.257294 0.438966 3.000000
0.660771 0.727971 0.445059 1.000000
-10.000000 -10.000000 -10.000000 1.000000
0.382099 0.281205 0.448367 3.000000
0.623375 0.729115 0.450113 1.000000
0.617606 0.697789 0.452827 1.000000
0.745474 0.370396 0.457454 2.000000
0.604290 0.707669 0.445127 1.000000
0.285223 0.621328 0.453391 4.000000
0.294968 0.616678 0.447224 4.000000
0.283198 0.635286 0.452932 4.000000
-10.000000 -10.000000 -10.000000 1.000000
