0.753672 0.289918 0.349965 1.000000
0.755472 0.299609 0.359757 1.000000
0.614912 0.666201 0.349519 3.000000
0.388342 0.300346 0.335280 2.000000
-10.000000 -10.000000 -10.000000 1.000000
0.642203 0.643659 0.334068 3.000000
0.394102 0.295958 0.354030 2.000000
0.755726 0.319123 0.333700 1.000000
0.640307 0.664950 0.362271 3.000000
0.368449 0.309002 0.340622 2.000000
0.602605 0.672534 0.344040 3.000000
0.373901 0.271708 0.352981 2.000000
0.632332 0.685488 0.356222 3.000000
-10.000000 -10.000000 -10.000000 1.000000
0.216749 0.612278 0.330260 4.000000
-10.000000 -10.000000 -10.000000 1.000000
0.241548 0.637321 0.325689 4.000000
0.662946 0.654415 0.343285 3.000000
0.380087 0.290650 0.364404 2.000000
0.363846 0.297784 0.337464 2.000000
0.766276 0.331238 0.347855 1.000000
0.244942 0.656097 0.336490 4.000000
0.228027 0.628358 0.323885 4.000000
0.394516 0.270655 0.324054 2.000000
0.406144 0.271423 0.330912 2.000000
0.371172 0.295565 0.338228 2.000000
0.226647 0.614904 0.330774 4.000000
0.747377 0.329030 0.339362 1.000000
0.209027 0.628376 0.329378 4.000000
0.392554 0.302668 0.352164 2.000000
-10.000000 -10.000000 -10.000000 1.000000
-10.000000 -10.000000 -10.000000 3.000000
-10.000000 -10.000000 -10.000000 1.000000
-10.000000 -10.000000 -10.000000 1.000000
0.593781 0.678705 0.333898 3.000000
-10.000000 -10.000000 -10.000000 4.000000
0.616192 0.658940 0.356940 3.000000
0.211894 0.653523 0.316507 4.000000
-10.000000 -10.000000 -10.000000 1.000000
0.249986 0.615315 0.330574 4.000000
-10.000000 -10.000000 -10.000000 1.000000
0.405933 0.269490 0.334413 2.000000
0.219889 0.640127 0.335482 4.000000
-10.000000 -10.000000 -10.000000 3.000000
0.612848 0.662729 0.350795 3.000000
0.340752 0.296881 0.329390 2.000000
0.642810 0.639183 0.344383 3.000000
0.616192 0.658940 0.356940 3.000000
-10.000000 -10.000000 -10.000000 3.000000
0.219889 0.640127 0.335482 4.000000
-10.000000 -10.000000 -10.000000 3.000000
0.597206 0.670406 0.332485 3.000000
-10.000000 -10.000000 -10.000000 3.000000
0.380087 0.290650 0.364404 2.000000
0.394102 0.295958 0.354030 2.000000
0.281530 0.627180 0.331103 4.000000
-10.000000 -10.000000 -10.000000 1.000000
0.744122 0.326261 0.353308 1.000000
0.251710 0.619128 0.328509 4.000000
-10.000000 -10.000000 -10.000000 3.000000
0.613797 0.679884 0.350489 3.000000
0.219404 0.641247 0.333837 4.000000
0.361518 0.297262 0.335359 2.000000
0.737957 0.331426 0.342415 1.000000
0.752806 0.340695 0.344258 1.000000
0.226845 0.621885 0.332673 4.000000
-10.000000 -10.000000 -10.000000 3.000000
0.737957 0.331426 0.342415 1.000000
0.603161 0.676543 0.338680 3.000000
0.251268 0.607225 0.335102 4.000000
-10.000000 -10.000000 -10.000000 2.000000
0.376154 0.308850 0.345621 2.000000
0.782762 0.359856 0.335642 1.000000
0.299940 0.638811 0.352053 4.000000
0.250922 0.634003 0.324522 4.000000
0.240902 0.625381 0.325255 4.000000
-10.000000 -10.000000 -10.000000 1.000000
0.740426 0.280879 0.344847 1.000000
0.610307 0.672915 0.357063 3.000000
0.606844 0.664945 0.333158 3.000000
0.384994 0.290260 0.360421 2.000000
0.755999 0.307975 0.343980 1.000000
0.753672 0.289918 0.349965 1.000000
0.614564 0.671127 0.353577 3.000000
-10.000000 -10.000000 -10.000000 4.000000
0.735633 0.302239 0.349095 1.000000
0.782123 0.376697 0.350970 1.000000
-10.000000 -10.000000 -10.000000 1.000000
0.405933 0.269490 0.334413 2.000000
0.624294 0.673410 0.360665 3.000000
-10.000000 -10.000000 -10.000000 2.000000
0.788341 0.353839 0.340568 1.000000
0.752473 0.330552 0.346457 1.000000
0.751079 0.294691 0.339228 1.000000
0.724827 0.341982 0.346359 1.000000
0.244276 0.611017 0.336543 4.000000
0.593781 0.678705 0.333898 3.000000
0.217714 0.625514 0.327957 4.000000
-10.000000 -10.000000 -10.000000 1.000000
-10.000000 -10.000000 -10.000000 2.000000
0.660263 0.650631 0.338454 3.000000
0.219212 0.597213 0.342378 4.000000
0.755472 0.299609 0.359757 1.000000
0.614912 0.666201 0.349519 3.000000
0.719833 0.397170 0.309309 0.000000
-10.000000 -10.000000 -10.000000 1.000000
0.735633 0.302239 0.349095 1.000000
0.747377 0.329030 0.339362 1.000000
0.356213 0.324506 0.336167 2.000000
0.773609 0.331324 0.348654 1.000000
0.230294 0.632592 0.340687 4.000000
0.249986 0.615315 0.330574 4.000000
-10.000000 -10.000000 -10.000000 1.000000
-10.000000 -10.000000 -10.000000 2.000000
0.743696 0.342066 0.334374 1.000000
-10.000000 -10.000000 -10.000000 4.000000
0.642810 0.639183 0.344383 3.000000
0.640307 0.664950 0.362271 3.000000
0.380102 0.289560 0.341402 2.000000
0.250115 0.651748 0.326559 4.000000
0.281530 0.627180 0.331103 4.000000
-10.000000 -10.000000 -10.000000 3.000000
0.660263 0.650631 0.338454 3.000000
0.225575 0.654387 0.332035 4.000000
-10.000000 -10.000000 -10.000000 2.000000
0.384664 0.269750 0.334979 2.000000
0.384664 0.269750 0.334979 2.000000
-10.000000 -10.000000 -10.000000 0.000000
-10.000000 -10.000000 -10.000000 0.000000
0.242537 0.629019 0.323172 4.000000
-10.000000 -10.000000 -10.000000 2.000000
0.744192 0.328837 0.340892 1.000000
-10.000000 -10.000000 -10.000000 3.000000
0.219404 0.641247 0.333837 4.000000
0.642810 0.639183 0.344383 3.000000
-10.000000 -10.000000 -10.000000 3.000000
-10.000000 -10.000000 -10.000000 1.000000
-10.000000 -10.000000 -10.000000 1.000000
0.352873 0.347686 0.349654 2.000000
-10.000000 -10.000000 -10.000000 1.000000
-10.000000 -10.000000 -10.000000 1.000000
0.640307 0.664950 0.362271 3.000000
-10.000000 -10.000000 -10.000000 0.000000
0.225969 0.601383 0.342464 4.000000
-10.000000 -10.000000 -10.000000 2.000000
0.604612 0.663930 0.319788 3.000000
-10.000000 -10.000000 -10.000000 1.000000
-10.000000 -10.000000 -10.000000 2.000000
0.383228 0.294609 0.337037 2.000000
0.755435 0.338372 0.339917 1.000000
0.227448 0.637193 0.338040 4.000000
0.230106 0.604731 0.333468 4.000000
0.378782 0.288779 0.338341 2.000000
-10.000000 -10.000000 -10.000000 3.000000
0.392554 0.302668 0.352164 2.000000
0.228027 0.628358 0.323885 4.000000
0.592337 0.669936 0.344879 3.000000
-10.000000 -10.000000 -10.000000 1.000000
0.406120 0.275638 0.339802 2.000000
0.597206 0.670406 0.332485 3.000000
-10.000000 -10.000000 -10.000000 2.000000
-10.000000 -10.000000 -10.000000 3.000000
-10.000000 -10.000000 -10.000000 3.000000
-10.000000 -10.000000 -10.000000 2.000000
0.768991 0.338761 0.335277 1.000000
-10.000000 -10.000000 -10.000000 4.000000
-10.000000 -10.000000 -10.000000 3.000000
0.738548 0.316658 0.358084 1.000000
0.384664 0.269750 0.334979 2.000000
0.390825 0.282502 0.353975 2.000000
0.396541 0.302078 0.345038 2.000000
0.784135 0.356790 0.338193 1.000000
-10.000000 -10.000000 -10.000000 3.000000
-10.000000 -10.000000 -10.000000 4.000000
0.399432 0.286429 0.344812 2.000000
0.610307 0.672915 0.357063 3.000000
-10.000000 -10.000000 -10.000000 1.000000
0.382759 0.308933 0.350743 2.000000
-10.000000 -10.000000 -10.000000 1.000000
0.395476 0.283202 0.340999 2.000000
0.598571 0.716747 0.335532 3.000000
-10.000000 -10.000000 -10.000000 2.000000
-10.000000 -10.000000 -10.000000 3.000000
0.250115 0.651748 0.326559 4.000000
0.281530 0.627180 0.331103 4.000000
0.230106 0.604731 0.333468 4.000000
0.250922 0.634003 0.324522 4.000000
0.610307 0.672915 0.357063 3.000000
-10.000000 -10.000000 -10.000000 2.000000
0.584084 0.665420 0.336573 3.000000
0.280801 0.635227 0.359736 4.000000
0.591195 0.651479 0.312671 0.000000
-10.000000 -10.000000 -10.000000 1.000000
0.755023 0.322805 0.334022 1.000000
0.628879 0.665191 0.353923 3.000000
0.244302 0.646010 0.315621 4.000000
-10.000000 -10.000000 -10.000000 3.000000
0.642636 0.652311 0.334033 3.000000
0.280951 0.648550 0.341796 4.000000
0.761852 0.311508 0.350000 1.000000
-10.000000 -10.000000 -10.000000 1.000000
-10.000000 -10.000000 -10.000000 2.000000
-10.000000 -10.000000 -10.000000 1.000000
0.281530 0.627180 0.331103 4.000000
0.340752 0.296881 0.329390 2.000000
0.280801 0.635227 0.359736 4.000000
0.765901 0.370098 0.355577 1.000000
-10.000000 -10.000000 -10.000000 1.000000
0.213876 0.599584 0.334997 4.000000
0.657256 0.688362 0.356788 3.000000
0.217714 0.625514 0.327957 4.000000
0.571130 0.721825 0.331132 3.000000
-10.000000 -10.000000 -10.000000 1.000000
-10.000000 -10.000000 -10.000000 3.000000
-10.000000 -10.000000 -10.000000 2.000000
0.371172 0.295565 0.338228 2.000000
0.615446 0.686111 0.337694 3.000000
0.591195 0.651479 0.312671 0.000000
0.211894 0.653523 0.316507 4.000000
-10.000000 -10.000000 -10.000000 3.000000
0.763205 0.343123 0.331794 1.000000
0.615446 0.686111 0.337694 3.000000
-10.000000 -10.000000 -10.000000 3.000000
0.610532 0.630906 0.341039 3.000000
0.607490 0.645098 0.344461 3.000000
-10.000000 -10.000000 -10.000000 1.000000
0.435730 0.273318 0.325039 2.000000
0.764114 0.344079 0.343272 1.000000
0.768991 0.338761 0.335277 1.000000
0.363846 0.297784 0.337464 2.000000
0.735633 0.302239 0.349095 1.000000
-10.000000 -10.000000 -10.000000 3.000000
-10.000000 -10.000000 -10.000000 3.000000
0.240693 0.647288 0.321334 4.000000
-10.000000 -10.000000 -10.000000 2.000000
0.362585 0.330760 0.344151 2.000000
-10.000000 -10.000000 -10.000000 1.000000
0.340752 0.296881 0.329390 2.000000
0.384664 0.269750 0.334979 2.000000
-10.000000 -10.000000 -10.000000 3.000000
-10.000000 -10.000000 -10.000000 2.000000
0.602605 0.672534 0.344040 3.000000
0.571130 0.721825 0.331132 3.000000
0.766222 0.328543 0.338868 1.000000
0.751079 0.294691 0.339228 1.000000
-10.000000 -10.000000 -10.000000 1.000000
0.619073 0.647038 0.339030 3.000000
-10.000000 -10.000000 -10.000000 1.000000
-10.000000 -10.000000 -10.000000 1.000000
0.240531 0.615510 0.334183 4.000000
0.584084 0.665420 0.336573 3.000000
-10.000000 -10.000000 -10.000000 3.000000
0.752473 0.330552 0.346457 1.000000
-10.000000 -10.000000 -10.000000 4.000000
0.242537 0.629019 0.323172 4.000000
-10.000000 -10.000000 -10.000000 2.000000
0.384994 0.290260 0.360421 2.000000
0.398145 0.294971 0.337818 2.000000
0.299940 0.638811 0.352053 4.000000
-10.000000 -10.000000 -10.000000 1.000000
0.766222 0.328543 0.338868 1.000000
0.640307 0.664950 0.362271 3.000000
0.613797 0.679884 0.350489 3.000000
0.736423 0.330545 0.352537 1.000000
-10.000000 -10.000000 -10.000000 1.000000
0.625084 0.656713 0.350726 3.000000
-10.000000 -10.000000 -10.000000 1.000000
-10.000000 -10.000000 -10.000000 3.000000
0.393942 0.270259 0.345089 2.000000
0.755914 0.346957 0.344329 1.000000
0.770728 0.327971 0.345661 1.000000
-10.000000 -10.000000 -10.000000 1.000000
0.230631 0.661046 0.310131 4.000000
0.660263 0.650631 0.338454 3.000000
-10.000000 -10.000000 -10.000000 4.000000
-10.000000 -10.000000 -10.000000 1.000000
0.613797 0.679884 0.350489 3.000000
-10.000000 -10.000000 -10.000000 1.000000
-10.000000 -10.000000 -10.000000 1.000000
-10.000000 -10.000000 -10.000000 3.000000
0.775158 0.338969 0.341821 1.000000
-10.000000 -10.000000 -10.000000 1.000000
0.240693 0.647288 0.321334 4.000000
-10.000000 -10.000000 -10.000000 0.000000
-10.000000 -10.000000 -10.000000 1.000000
0.758982 0.317266 0.342934 1.000000
-10.000000 -10.000000 -10.000000 1.000000
0.625084 0.656713 0.350726 3.000000
-10.000000 -10.000000 -10.000000 0.000000
0.614970 0.674227 0.345607 3.000000
-10.000000 -10.000000 -10.000000 3.000000
0.784135 0.356790 0.338193 1.000000
0.635002 0.656442 0.364964 3.000000
-10.000000 -10.000000 -10.000000 1.000000
0.761852 0.311508 0.350000 1.000000
0.225969 0.601383 0.342464 4.000000
-10.000000 -10.000000 -10.000000 0.000000
0.782123 0.376697 0.350970 1.000000
0.770728 0.327971 0.345661 1.000000
-10.000000 -10.000000 -10.000000 1.000000
-10.000000 -10.000000 -10.000000 3.000000
-10.000000 -10.000000 -10.000000 1.000000
-10.000000 -10.000000 -10.000000 1.000000
-10.000000 -10.000000 -10.000000 3.000000
-10.000000 -10.000000 -10.000000 1.000000
0.571130 0.721825 0.331132 3.000000
0.593781 0.678705 0.333898 3.000000
0.622747 0.669852 0.354402 3.000000
-10.000000 -10.000000 -10.000000 3.000000
0.625084 0.656713 0.350726 3.000000
-10.000000 -10.000000 -10.000000 1.000000
-10.000000 -10.000000 -10.000000 0.000000
0.604146 0.665473 0.333946 3.000000
-10.000000 -10.000000 -10.000000 1.000000
0.394616 0.281672 0.341599 2.000000
0.759551 0.349372 0.344285 1.000000
0.280801 0.635227 0.359736 4.000000
0.743696 0.342066 0.334374 1.000000
-10.000000 -10.000000 -10.000000 2.000000
-10.000000 -10.000000 -10.000000 2.000000
0.381079 0.307904 0.336374 2.000000
-10.000000 -10.000000 -10.000000 3.000000
0.394616 0.281672 0.341599 2.000000
-10.000000 -10.000000 -10.000000 1.000000
0.737957 0.331426 0.342415 1.000000
-10.000000 -10.000000 -10.000000 2.000000
0.409115 0.268834 0.330785 2.000000
-10.000000 -10.000000 -10.000000 2.000000
0.219889 0.640127 0.335482 4.000000
0.719833 0.397170 0.309309 0.000000
0.614564 0.671127 0.353577 3.000000
-10.000000 -10.000000 -10.000000 1.000000
-10.000000 -10.000000 -10.000000 2.000000
-10.000000 -10.000000 -10.000000 4.000000
-10.000000 -10.000000 -10.000000 1.000000
0.588614 0.682282 0.334638 3.000000
-10.000000 -10.000000 -10.000000 3.000000
-10.000000 -10.000000 -10.000000 1.000000
0.394102 0.295958 0.354030 2.000000
-10.000000 -10.000000 -10.000000 1.000000
-10.000000 -10.000000 -10.000000 1.000000
-10.000000 -10.000000 -10.000000 4.000000
0.244276 0.611017 0.336543 4.000000
-10.000000 -10.000000 -10.000000 1.000000
0.763205 0.343123 0.331794 1.000000
0.216749 0.612278 0.330260 4.000000
0.614970 0.674227 0.345607 3.000000
0.624294 0.673410 0.360665 3.000000
-10.000000 -10.000000 -10.000000 2.000000
0.589975 0.697339 0.319361 3.000000
0.250115 0.651748 0.326559 4.000000
0.635002 0.656442 0.364964 3.000000
-10.000000 -10.000000 -10.000000 2.000000
0.250115 0.651748 0.326559 4.000000
-10.000000 -10.000000 -10.000000 1.000000
0.251710 0.619128 0.328509 4.000000
0.613797 0.679884 0.350489 3.000000
0.593135 0.687838 0.333044 3.000000
-10.000000 -10.000000 -10.000000 2.000000
-10.000000 -10.000000 -10.000000 1.000000
0.362585 0.330760 0.344151 2.000000
0.226647 0.614904 0.330774 4.000000
0.614970 0.674227 0.345607 3.000000
-10.000000 -10.000000 -10.000000 4.000000
0.352873 0.347686 0.349654 2.000000
0.244302 0.646010 0.315621 4.000000
0.598307 0.670559 0.336040 3.000000
0.614970 0.674227 0.345607 3.000000
0.759551 0.349372 0.344285 1.000000
0.649356 0.640171 0.338767 3.000000
-10.000000 -10.000000 -10.000000 1.000000
0.370164 0.291800 0.342142 2.000000
0.376154 0.308850 0.345621 2.000000
-10.000000 -10.000000 -10.000000 1.000000
-10.000000 -10.000000 -10.000000 0.000000
0.755999 0.307975 0.343980 1.000000
-10.000000 -10.000000 -10.000000 1.000000
0.384664 0.269750 0.334979 2.000000
0.398145 0.294971 0.337818 2.000000
-10.000000 -10.000000 -10.000000 3.000000
0.755726 0.319123 0.333700 1.000000
0.384994 0.290260 0.360421 2.000000
0.230106 0.604731 0.333468 4.000000
-10.000000 -10.000000 -10.000000 1.000000
-10.000000 -10.000000 -10.000000 1.000000
0.775158 0.338969 0.341821 1.000000
-10.000000 -10.000000 -10.000000 1.000000
-10.000000 -10.000000 -10.000000 1.000000
-10.000000 -10.000000 -10.000000 1.000000
-10.000000 -10.000000 -10.000000 2.000000
0.744192 0.328837 0.340892 1.000000
0.744122 0.326261 0.353308 1.000000
-10.000000 -10.000000 -10.000000 3.000000
-10.000000 -10.000000 -10.000000 1.000000
0.635002 0.656442 0.364964 3.000000
0.230294 0.632592 0.340687 4.000000
-10.000000 -10.000000 -10.000000 3.000000
0.382026 0.306657 0.339326 2.000000
0.628879 0.665191 0.353923 3.000000
-10.000000 -10.000000 -10.000000 1.000000
0.250922 0.634003 0.324522 4.000000
0.244534 0.610557 0.327790 4.000000
0.631953 0.651935 0.348006 3.000000
0.624294 0.673410 0.360665 3.000000
0.230106 0.604731 0.333468 4.000000
0.230294 0.632592 0.340687 4.000000
0.235577 0.614068 0.325980 4.000000
0.631953 0.651935 0.348006 3.000000
-10.000000 -10.000000 -10.000000 4.000000
0.775158 0.338969 0.341821 1.000000
0.584084 0.665420 0.336573 3.000000
0.235577 0.614068 0.325980 4.000000
0.240693 0.647288 0.321334 4.000000
0.784135 0.356790 0.338193 1.000000
0.775158 0.338969 0.341821 1.000000
0.244942 0.656097 0.336490 4.000000
-10.000000 -10.000000 -10.000000 3.000000
0.368449 0.309002 0.340622 2.000000
-10.000000 -10.000000 -10.000000 3.000000
-10.000000 -10.000000 -10.000000 1.000000
-10.000000 -10.000000 -10.000000 4.000000
-10.000000 -10.000000 -10.000000 2.000000
0.228027 0.628358 0.323885 4.000000
0.361518 0.297262 0.335359 2.000000
0.588614 0.682282 0.334638 3.000000
0.603161 0.676543 0.338680 3.000000
-10.000000 -10.000000 -10.000000 2.000000
0.744192 0.328837 0.340892 1.000000
-10.000000 -10.000000 -10.000000 3.000000
0.641634 0.666694 0.356117 3.000000
-10.000000 -10.000000 -10.000000 2.000000
-10.000000 -10.000000 -10.000000 3.000000
0.374874 0.356458 0.353860 2.000000
0.262732 0.607539 0.334473 4.000000
-10.000000 -10.000000 -10.000000 1.000000
0.251710 0.619128 0.328509 4.000000
-10.000000 -10.000000 -10.000000 3.000000
0.775158 0.338969 0.341821 1.000000
0.760198 0.342625 0.345279 1.000000
0.756529 0.351517 0.347263 1.000000
0.766222 0.328543 0.338868 1.000000
-10.000000 -10.000000 -10.000000 0.000000
0.362585 0.330760 0.344151 2.000000
0.642203 0.643659 0.334068 3.000000
0.640382 0.670622 0.358474 3.000000
0.615446 0.686111 0.337694 3.000000
0.756529 0.351517 0.347263 1.000000
0.280801 0.635227 0.359736 4.000000
-10.000000 -10.000000 -10.000000 2.000000
0.738548 0.316658 0.358084 1.000000
0.740426 0.280879 0.344847 1.000000
-10.000000 -10.000000 -10.000000 2.000000
-10.000000 -10.000000 -10.000000 4.000000
-10.000000 -10.000000 -10.000000 1.000000
-10.000000 -10.000000 -10.000000 3.000000
0.752473 0.330552 0.346457 1.000000
0.640382 0.670622 0.358474 3.000000
-10.000000 -10.000000 -10.000000 3.000000
0.244534 0.610557 0.327790 4.000000
-10.000000 -10.000000 -10.000000 3.000000
-10.000000 -10.000000 -10.000000 3.000000
0.393942 0.270259 0.345089 2.000000
0.604146 0.665473 0.333946 3.000000
0.754467 0.293224 0.342344 1.000000
0.622747 0.669852 0.354402 3.000000
0.754467 0.293224 0.342344 1.000000
-10.000000 -10.000000 -10.000000 1.000000
-10.000000 -10.000000 -10.000000 2.000000
0.394102 0.295958 0.354030 2.000000
-10.000000 -10.000000 -10.000000 2.000000
0.240531 0.615510 0.334183 4.000000
0.788341 0.353839 0.340568 1.000000
0.596572 0.672272 0.343482 3.000000
-10.000000 -10.000000 -10.000000 3.000000
0.788341 0.353839 0.340568 1.000000
0.642810 0.639183 0.344383 3.000000
0.251710 0.619128 0.328509 4.000000
-10.000000 -10.000000 -10.000000 0.000000
0.409709 0.277802 0.342174 2.000000
0.743696 0.342066 0.334374 1.000000
0.395476 0.283202 0.340999 2.000000
0.251710 0.619128 0.328509 4.000000
0.662946 0.654415 0.343285 3.000000
-10.000000 -10.000000 -10.000000 4.000000
0.603161 0.676543 0.338680 3.000000
-10.000000 -10.000000 -10.000000 1.000000
-10.000000 -10.000000 -10.000000 1.000000
0.386714 0.289364 0.349750 2.000000
-10.000000 -10.000000 -10.000000 2.000000
0.262732 0.607539 0.334473 4.000000
0.230631 0.661046 0.310131 4.000000
0.613797 0.679884 0.350489 3.000000
0.240531 0.615510 0.334183 4.000000
0.615446 0.686111 0.337694 3.000000
0.398145 0.294971 0.337818 2.000000
-10.000000 -10.000000 -10.000000 1.000000
0.262732 0.607539 0.334473 4.000000
0.422875 0.279446 0.332044 2.000000
-10.000000 -10.000000 -10.000000 0.000000
-10.000000 -10.000000 -10.000000 2.000000
0.608454 0.672409 0.351937 3.000000
0.213876 0.599584 0.334997 4.000000
0.622747 0.669852 0.354402 3.000000
0.299940 0.638811 0.352053 4.000000
-10.000000 -10.000000 -10.000000 2.000000
-10.000000 -10.000000 -10.000000 0.000000
0.624294 0.673410 0.360665 3.000000
-10.000000 -10.000000 -10.000000 3.000000
0.405933 0.269490 0.334413 2.000000
0.209027 0.628376 0.329378 4.000000
0.782123 0.376697 0.350970 1.000000
0.230631 0.661046 0.310131 4.000000
0.244942 0.656097 0.336490 4.000000
-10.000000 -10.000000 -10.000000 4.000000
0.602510 0.677201 0.341986 3.000000
-10.000000 -10.000000 -10.000000 3.000000
-10.000000 -10.000000 -10.000000 1.000000
0.761852 0.311508 0.350000 1.000000
0.604612 0.663930 0.319788 3.000000
0.373901 0.271708 0.352981 2.000000
0.422875 0.279446 0.332044 2.000000
0.240693 0.647288 0.321334 4.000000
0.352873 0.347686 0.349654 2.000000
0.249986 0.615315 0.330574 4.000000
0.239364 0.633061 0.335876 4.000000
0.635002 0.656442 0.364964 3.000000
-10.000000 -10.000000 -10.000000 4.000000
-10.000000 -10.000000 -10.000000 3.000000
0.378782 0.288779 0.338341 2.000000
-10.000000 -10.000000 -10.000000 1.000000
0.625084 0.656713 0.350726 3.000000
0.378782 0.288779 0.338341 2.000000
0.230631 0.661046 0.310131 4.000000
-10.000000 -10.000000 -10.000000 2.000000
0.724827 0.341982 0.346359 1.000000
0.384994 0.290260 0.360421 2.000000
0.613797 0.679884 0.350489 3.000000
0.398145 0.294971 0.337818 2.000000
-10.000000 -10.000000 -10.000000 4.000000
0.368891 0.307969 0.343152 2.000000
0.610307 0.672915 0.357063 3.000000
0.614912 0.666201 0.349519 3.000000
-10.000000 -10.000000 -10.000000 1.000000
0.392554 0.302668 0.352164 2.000000
0.614564 0.671127 0.353577 3.000000
-10.000000 -10.000000 -10.000000 1.000000
0.394616 0.281672 0.341599 2.000000
0.242218 0.629440 0.331078 4.000000
0.597318 0.688078 0.346310 3.000000
-10.000000 -10.000000 -10.000000 1.000000
0.731475 0.296590 0.355294 1.000000
0.737957 0.331426 0.342415 1.000000
-10.000000 -10.000000 -10.000000 3.000000
0.597206 0.670406 0.332485 3.000000
0.230098 0.614042 0.335680 4.000000
0.747377 0.329030 0.339362 1.000000
0.768477 0.298141 0.347081 1.000000
0.299940 0.638811 0.352053 4.000000
-10.000000 -10.000000 -10.000000 2.000000
-10.000000 -10.000000 -10.000000 1.000000
0.657256 0.688362 0.356788 3.000000
0.370164 0.291800 0.342142 2.000000
-10.000000 -10.000000 -10.000000 1.000000
-10.000000 -10.000000 -10.000000 1.000000
0.755472 0.299609 0.359757 1.000000
0.381079 0.307904 0.336374 2.000000
-10.000000 -10.000000 -10.000000 2.000000
0.744192 0.328837 0.340892 1.000000
-10.000000 -10.000000 -10.000000 1.000000
-10.000000 -10.000000 -10.000000 2.000000
0.593135 0.687838 0.333044 3.000000
0.773904 0.344399 0.343592 1.000000
0.741324 0.303165 0.344677 1.000000
-10.000000 -10.000000 -10.000000 3.000000
-10.000000 -10.000000 -10.000000 0.000000
-10.000000 -10.000000 -10.000000 4.000000
0.614970 0.674227 0.345607 3.000000
-10.000000 -10.000000 -10.000000 3.000000
0.603161 0.676543 0.338680 3.000000
-10.000000 -10.000000 -10.000000 3.000000
0.752473 0.330552 0.346457 1.000000
-10.000000 -10.000000 -10.000000 3.000000
0.249986 0.615315 0.330574 4.000000
-10.000000 -10.000000 -10.000000 1.000000
0.373901 0.271708 0.352981 2.000000
-10.000000 -10.000000 -10.000000 1.000000
0.736423 0.330545 0.352537 1.000000
-10.000000 -10.000000 -10.000000 3.000000
-10.000000 -10.000000 -10.000000 1.000000
0.743696 0.342066 0.334374 1.000000
0.216749 0.612278 0.330260 4.000000
-10.000000 -10.000000 -10.000000 1.000000
0.262732 0.607539 0.334473 4.000000
0.614564 0.671127 0.353577 3.000000
0.608454 0.672409 0.351937 3.000000
-10.000000 -10.000000 -10.000000 3.000000
-10.000000 -10.000000 -10.000000 1.000000
0.406144 0.271423 0.330912 2.000000
-10.000000 -10.000000 -10.000000 2.000000
0.755726 0.319123 0.333700 1.000000
0.281530 0.627180 0.331103 4.000000
-10.000000 -10.000000 -10.000000 1.000000
-10.000000 -10.000000 -10.000000 1.000000
0.610307 0.672915 0.357063 3.000000
-10.000000 -10.000000 -10.000000 1.000000
0.622747 0.669852 0.354402 3.000000
0.755914 0.346957 0.344329 1.000000
-10.000000 -10.000000 -10.000000 2.000000
0.242537 0.629019 0.323172 4.000000
0.239364 0.633061 0.335876 4.000000
-10.000000 -10.000000 -10.000000 2.000000
-10.000000 -10.000000 -10.000000 1.000000
0.616192 0.658940 0.356940 3.000000
0.782762 0.359856 0.335642 1.000000
0.213876 0.599584 0.334997 4.000000
0.226845 0.621885 0.332673 4.000000
-10.000000 -10.000000 -10.000000 3.000000
0.754467 0.293224 0.342344 1.000000
0.244302 0.646010 0.315621 4.000000
-10.000000 -10.000000 -10.000000 4.000000
0.352873 0.347686 0.349654 2.000000
0.782123 0.376697 0.350970 1.000000
0.641634 0.666694 0.356117 3.000000
0.640382 0.670622 0.358474 3.000000
0.768477 0.298141 0.347081 1.000000
0.384994 0.290260 0.360421 2.000000
-10.000000 -10.000000 -10.000000 1.000000
0.244302 0.646010 0.315621 4.000000
-10.000000 -10.000000 -10.000000 4.000000
-10.000000 -10.000000 -10.000000 3.000000
0.230294 0.632592 0.340687 4.000000
-10.000000 -10.000000 -10.000000 2.000000
0.230106 0.604731 0.333468 4.000000
0.299940 0.638811 0.352053 4.000000
0.744122 0.326261 0.353308 1.000000
0.752473 0.330552 0.346457 1.000000
0.608454 0.672409 0.351937 3.000000
0.371172 0.295565 0.338228 2.000000
-10.000000 -10.000000 -10.000000 1.000000
-10.000000 -10.000000 -10.000000 3.000000
-10.000000 -10.000000 -10.000000 3.000000
0.211894 0.653523 0.316507 4.000000
0.382759 0.308933 0.350743 2.000000
-10.000000 -10.000000 -10.000000 2.000000
-10.000000 -10.000000 -10.000000 3.000000
0.724827 0.341982 0.346359 1.000000
0.598307 0.670559 0.336040 3.000000
0.735633 0.302239 0.349095 1.000000
0.406144 0.271423 0.330912 2.000000
0.775158 0.338969 0.341821 1.000000
-10.000000 -10.000000 -10.000000 0.000000
-10.000000 -10.000000 -10.000000 3.000000
-10.000000 -10.000000 -10.000000 1.000000
-10.000000 -10.000000 -10.000000 1.000000
-10.000000 -10.000000 -10.000000 2.000000
0.217714 0.625514 0.327957 4.000000
0.384664 0.269750 0.334979 2.000000
0.435730 0.273318 0.325039 2.000000
0.597318 0.688078 0.346310 3.000000
-10.000000 -10.000000 -10.000000 1.000000
0.657256 0.688362 0.356788 3.000000
0.740426 0.280879 0.344847 1.000000
-10.000000 -10.000000 -10.000000 3.000000
-10.000000 -10.000000 -10.000000 0.000000
0.280951 0.648550 0.341796 4.000000
0.225575 0.654387 0.332035 4.000000
0.251448 0.601569 0.321325 4.000000
-10.000000 -10.000000 -10.000000 0.000000
0.741324 0.303165 0.344677 1.000000
0.242218 0.629440 0.331078 4.000000
0.788341 0.353839 0.340568 1.000000
-10.000000 -10.000000 -10.000000 3.000000
0.584084 0.665420 0.336573 3.000000
0.602510 0.677201 0.341986 3.000000
0.386761 0.294180 0.341570 2.000000
0.235577 0.614068 0.325980 4.000000
0.211174 0.612002 0.328368 4.000000
0.435730 0.273318 0.325039 2.000000
-10.000000 -10.000000 -10.000000 2.000000
-10.000000 -10.000000 -10.000000 1.000000
-10.000000 -10.000000 -10.000000 4.000000
0.299940 0.638811 0.352053 4.000000
-10.000000 -10.000000 -10.000000 1.000000
-10.000000 -10.000000 -10.000000 3.000000
-10.000000 -10.000000 -10.000000 3.000000
0.615446 0.686111 0.337694 3.000000
-10.000000 -10.000000 -10.000000 1.000000
-10.000000 -10.000000 -10.000000 3.000000
0.384901 0.269890 0.359430 2.000000
-10.000000 -10.000000 -10.000000 1.000000
-10.000000 -10.000000 -10.000000 2.000000
0.435730 0.273318 0.325039 2.000000
0.409115 0.268834 0.330785 2.000000
0.616192 0.658940 0.356940 3.000000
0.755999 0.307975 0.343980 1.000000
0.610307 0.672915 0.357063 3.000000
0.758982 0.317266 0.342934 1.000000
0.760198 0.342625 0.345279 1.000000
0.755999 0.307975 0.343980 1.000000
0.376154 0.308850 0.345621 2.000000
-10.000000 -10.000000 -10.000000 1.000000
0.724827 0.341982 0.346359 1.000000
0.381079 0.307904 0.336374 2.000000
0.755726 0.319123 0.333700 1.000000
0.614912 0.666201 0.349519 3.000000
-10.000000 -10.000000 -10.000000 1.000000
0.388342 0.300346 0.335280 2.000000
0.738548 0.316658 0.358084 1.000000
-10.000000 -10.000000 -10.000000 1.000000
0.241548 0.637321 0.325689 4.000000
0.736423 0.330545 0.352537 1.000000
0.775158 0.338969 0.341821 1.000000
-10.000000 -10.000000 -10.000000 2.000000
0.409115 0.268834 0.330785 2.000000
0.251268 0.607225 0.335102 4.000000
-10.000000 -10.000000 -10.000000 3.000000
0.406120 0.275638 0.339802 2.000000
-10.000000 -10.000000 -10.000000 3.000000
-10.000000 -10.000000 -10.000000 2.000000
0.406870 0.270683 0.333797 2.000000
-10.000000 -10.000000 -10.000000 1.000000
-10.000000 -10.000000 -10.000000 1.000000
-10.000000 -10.000000 -10.000000 3.000000
0.422875 0.279446 0.332044 2.000000
0.376154 0.308850 0.345621 2.000000
-10.000000 -10.000000 -10.000000 1.000000
0.782762 0.359856 0.335642 1.000000
-10.000000 -10.000000 -10.000000 1.000000
0.761852 0.311508 0.350000 1.000000
0.251448 0.601569 0.321325 4.000000
-10.000000 -10.000000 -10.000000 1.000000
0.765901 0.370098 0.355577 1.000000
-10.000000 -10.000000 -10.000000 4.000000
0.610532 0.630906 0.341039 3.000000
0.782123 0.376697 0.350970 1.000000
0.593135 0.687838 0.333044 3.000000
-10.000000 -10.000000 -10.000000 3.000000
0.604612 0.663930 0.319788 3.000000
0.250096 0.617164 0.329822 4.000000
0.228027 0.628358 0.323885 4.000000
0.392554 0.302668 0.352164 2.000000
0.737957 0.331426 0.342415 1.000000
0.744122 0.326261 0.353308 1.000000
0.390825 0.282502 0.353975 2.000000
0.405933 0.269490 0.334413 2.000000
0.251448 0.601569 0.321325 4.000000
-10.000000 -10.000000 -10.000000 1.000000
-10.000000 -10.000000 -10.000000 3.000000
0.755726 0.319123 0.333700 1.000000
-10.000000 -10.000000 -10.000000 1.000000
0.380106 0.305853 0.348442 2.000000
0.376154 0.308850 0.345621 2.000000
0.405933 0.269490 0.334413 2.000000
0.393942 0.270259 0.345089 2.000000
0.230294 0.632592 0.340687 4.000000
0.592337 0.669936 0.344879 3.000000
-10.000000 -10.000000 -10.000000 1.000000
-10.000000 -10.000000 -10.000000 2.000000
0.409115 0.268834 0.330785 2.000000
0.251268 0.607225 0.335102 4.000000
-10.000000 -10.000000 -10.000000 3.000000
-10.000000 -10.000000 -10.000000 0.000000
0.755914 0.346957 0.344329 1.000000
0.628879 0.665191 0.353923 3.000000
-10.000000 -10.000000 -10.000000 1.000000
-10.000000 -10.000000 -10.000000 1.000000
0.250096 0.617164 0.329822 4.000000
0.363846 0.297784 0.337464 2.000000
0.409709 0.277802 0.342174 2.000000
-10.000000 -10.000000 -10.000000 3.000000
0.606844 0.664945 0.333158 3.000000
0.378782 0.288779 0.338341 2.000000
0.640307 0.664950 0.362271 3.000000
0.244945 0.619826 0.330619 4.000000
0.760198 0.342625 0.345279 1.000000
0.386714 0.289364 0.349750 2.000000
-10.000000 -10.000000 -10.000000 1.000000
0.368891 0.307969 0.343152 2.000000
-10.000000 -10.000000 -10.000000 2.000000
-10.000000 -10.000000 -10.000000 3.000000
0.396541 0.302078 0.345038 2.000000
-10.000000 -10.000000 -10.000000 1.000000
-10.000000 -10.000000 -10.000000 2.000000
0.740426 0.280879 0.344847 1.000000
0.219212 0.597213 0.342378 4.000000
-10.000000 -10.000000 -10.000000 1.000000
-10.000000 -10.000000 -10.000000 0.000000
-10.000000 -10.000000 -10.000000 3.000000
0.753672 0.289918 0.349965 1.000000
0.751079 0.294691 0.339228 1.000000
0.598307 0.670559 0.336040 3.000000
0.769043 0.377162 0.357004 1.000000
0.610532 0.630906 0.341039 3.000000
0.752806 0.340695 0.344258 1.000000
0.613797 0.679884 0.350489 3.000000
-10.000000 -10.000000 -10.000000 1.000000
0.642636 0.652311 0.334033 3.000000
0.378782 0.288779 0.338341 2.000000
0.743696 0.342066 0.334374 1.000000
0.422875 0.279446 0.332044 2.000000
0.299940 0.638811 0.352053 4.000000
-10.000000 -10.000000 -10.000000 1.000000
0.228027 0.628358 0.323885 4.000000
0.340752 0.296881 0.329390 2.000000
-10.000000 -10.000000 -10.000000 3.000000
0.755914 0.346957 0.344329 1.000000
0.756529 0.351517 0.347263 1.000000
0.610505 0.664132 0.332509 3.000000
0.775158 0.338969 0.341821 1.000000
0.230098 0.614042 0.335680 4.000000
-10.000000 -10.000000 -10.000000 2.000000
-10.000000 -10.000000 -10.000000 1.000000
0.640307 0.664950 0.362271 3.000000
-10.000000 -10.000000 -10.000000 1.000000
-10.000000 -10.000000 -10.000000 1.000000
-10.000000 -10.000000 -10.000000 1.000000
-10.000000 -10.000000 -10.000000 1.000000
-10.000000 -10.000000 -10.000000 1.000000
0.606844 0.664945 0.333158 3.000000
0.763205 0.343123 0.331794 1.000000
0.376453 0.294376 0.345986 2.000000
0.596572 0.672272 0.343482 3.000000
0.763205 0.343123 0.331794 1.000000
0.240902 0.625381 0.325255 4.000000
0.632332 0.685488 0.356222 3.000000
-10.000000 -10.000000 -10.000000 1.000000
0.406144 0.271423 0.330912 2.000000
0.230631 0.661046 0.310131 4.000000
0.383228 0.294609 0.337037 2.000000
-10.000000 -10.000000 -10.000000 1.000000
0.352873 0.347686 0.349654 2.000000
0.761852 0.311508 0.350000 1.000000
0.602605 0.672534 0.344040 3.000000
0.608454 0.672409 0.351937 3.000000
0.640382 0.670622 0.358474 3.000000
-10.000000 -10.000000 -10.000000 2.000000
-10.000000 -10.000000 -10.000000 1.000000
-10.000000 -10.000000 -10.000000 4.000000
0.755726 0.319123 0.333700 1.000000
0.649356 0.640171 0.338767 3.000000
0.752473 0.330552 0.346457 1.000000
0.660263 0.650631 0.338454 3.000000
0.744192 0.328837 0.340892 1.000000
-10.000000 -10.000000 -10.000000 1.000000
-10.000000 -10.000000 -10.000000 1.000000
0.631953 0.651935 0.348006 3.000000
0.406120 0.275638 0.339802 2.000000
0.211894 0.653523 0.316507 4.000000
-10.000000 -10.000000 -10.000000 0.000000
0.409115 0.268834 0.330785 2.000000
0.362585 0.330760 0.344151 2.000000
0.641634 0.666694 0.356117 3.000000
-10.000000 -10.000000 -10.000000 1.000000
0.637749 0.647754 0.352710 3.000000
-10.000000 -10.000000 -10.000000 1.000000
0.251448 0.601569 0.321325 4.000000
0.274247 0.651008 0.322469 4.000000
-10.000000 -10.000000 -10.000000 4.000000
0.649356 0.640171 0.338767 3.000000
0.250115 0.651748 0.326559 4.000000
0.340752 0.296881 0.329390 2.000000
0.219404 0.641247 0.333837 4.000000
0.394516 0.270655 0.324054 2.000000
0.226845 0.621885 0.332673 4.000000
0.280951 0.648550 0.341796 4.000000
0.596572 0.672272 0.343482 3.000000
-10.000000 -10.000000 -10.000000 1.000000
-10.000000 -10.000000 -10.000000 3.000000
0.380102 0.289560 0.341402 2.000000
-10.000000 -10.000000 -10.000000 1.000000
-10.000000 -10.000000 -10.000000 1.000000
0.388342 0.300346 0.335280 2.000000
-10.000000 -10.000000 -10.000000 3.000000
0.766276 0.331238 0.347855 1.000000
0.760333 0.353899 0.345108 1.000000
-10.000000 -10.000000 -10.000000 4.000000
-10.000000 -10.000000 -10.000000 2.000000
0.228027 0.628358 0.323885 4.000000
0.759551 0.349372 0.344285 1.000000
0.758982 0.317266 0.342934 1.000000
0.619073 0.647038 0.339030 3.000000
-10.000000 -10.000000 -10.000000 3.000000
-10.000000 -10.000000 -10.000000 1.000000
-10.000000 -10.000000 -10.000000 3.000000
0.386714 0.289364 0.349750 2.000000
0.251268 0.607225 0.335102 4.000000
0.641634 0.666694 0.356117 3.000000
-10.000000 -10.000000 -10.000000 2.000000
-10.000000 -10.000000 -10.000000 2.000000
-10.000000 -10.000000 -10.000000 1.000000
-10.000000 -10.000000 -10.000000 1.000000
-10.000000 -10.000000 -10.000000 3.000000
0.376154 0.308850 0.345621 2.000000
0.619073 0.647038 0.339030 3.000000
0.610505 0.664132 0.332509 3.000000
0.388342 0.300346 0.335280 2.000000
0.624294 0.673410 0.360665 3.000000
0.240531 0.615510 0.334183 4.000000
0.741324 0.303165 0.344677 1.000000
0.262732 0.607539 0.334473 4.000000
-10.000000 -10.000000 -10.000000 2.000000
0.213876 0.599584 0.334997 4.000000
0.399432 0.286429 0.344812 2.000000
0.235577 0.614068 0.325980 4.000000
0.616192 0.658940 0.356940 3.000000
-10.000000 -10.000000 -10.000000 1.000000
0.228027 0.628358 0.323885 4.000000
-10.000000 -10.000000 -10.000000 1.000000
0.602605 0.672534 0.344040 3.000000
-10.000000 -10.000000 -10.000000 2.000000
0.262732 0.607539 0.334473 4.000000
0.381079 0.307904 0.336374 2.000000
0.591195 0.651479 0.312671 0.000000
0.239364 0.633061 0.335876 4.000000
-10.000000 -10.000000 -10.000000 0.000000
0.602605 0.672534 0.344040 3.000000
0.651219 0.698569 0.350440 3.000000
0.395476 0.283202 0.340999 2.000000
0.392554 0.302668 0.352164 2.000000
0.406144 0.271423 0.330912 2.000000
0.250115 0.651748 0.326559 4.000000
0.782123 0.376697 0.350970 1.000000
0.228027 0.628358 0.323885 4.000000
-10.000000 -10.000000 -10.000000 1.000000
0.598571 0.716747 0.335532 3.000000
-10.000000 -10.000000 -10.000000 2.000000
0.226845 0.621885 0.332673 4.000000
0.752806 0.340695 0.344258 1.000000
-10.000000 -10.000000 -10.000000 2.000000
0.610532 0.630906 0.341039 3.000000
0.755472 0.299609 0.359757 1.000000
-10.000000 -10.000000 -10.000000 3.000000
-10.000000 -10.000000 -10.000000 2.000000
-10.000000 -10.000000 -10.000000 2.000000
0.373901 0.271708 0.352981 2.000000
-10.000000 -10.000000 -10.000000 3.000000
0.736423 0.330545 0.352537 1.000000
0.418384 0.266231 0.331041 2.000000
-10.000000 -10.000000 -10.000000 1.000000
-10.000000 -10.000000 -10.000000 3.000000
0.371172 0.295565 0.338228 2.000000
0.381079 0.307904 0.336374 2.000000
0.763205 0.343123 0.331794 1.000000
0.755914 0.346957 0.344329 1.000000
-10.000000 -10.000000 -10.000000 1.000000
-10.000000 -10.000000 -10.000000 2.000000
-10.000000 -10.000000 -10.000000 1.000000
0.614912 0.666201 0.349519 3.000000
-10.000000 -10.000000 -10.000000 1.000000
-10.000000 -10.000000 -10.000000 1.000000
0.299940 0.638811 0.352053 4.000000
0.602510 0.677201 0.341986 3.000000
-10.000000 -10.000000 -10.000000 3.000000
0.610505 0.664132 0.332509 3.000000
0.396541 0.302078 0.345038 2.000000
-10.000000 -10.000000 -10.000000 2.000000
0.744122 0.326261 0.353308 1.000000
0.382759 0.308933 0.350743 2.000000
-10.000000 -10.000000 -10.000000 2.000000
0.731475 0.296590 0.355294 1.000000
0.380102 0.289560 0.341402 2.000000
-10.000000 -10.000000 -10.000000 1.000000
0.244276 0.611017 0.336543 4.000000
0.250115 0.651748 0.326559 4.000000
0.598307 0.670559 0.336040 3.000000
0.363846 0.297784 0.337464 2.000000
0.393942 0.270259 0.345089 2.000000
0.381079 0.307904 0.336374 2.000000
0.761852 0.311508 0.350000 1.000000
0.640382 0.670622 0.358474 3.000000
0.199949 0.656928 0.313879 4.000000
-10.000000 -10.000000 -10.000000 1.000000
0.418384 0.266231 0.331041 2.000000
0.380102 0.289560 0.341402 2.000000
0.217714 0.625514 0.327957 4.000000
-10.000000 -10.000000 -10.000000 3.000000
0.274247 0.651008 0.322469 4.000000
-10.000000 -10.000000 -10.000000 3.000000
-10.000000 -10.000000 -10.000000 4.000000
-10.000000 -10.000000 -10.000000 3.000000
-10.000000 -10.000000 -10.000000 2.000000
0.660263 0.650631 0.338454 3.000000
-10.000000 -10.000000 -10.000000 3.000000
0.782762 0.359856 0.335642 1.000000
0.395476 0.283202 0.340999 2.000000
0.376154 0.308850 0.345621 2.000000
-10.000000 -10.000000 -10.000000 4.000000
0.589975 0.697339 0.319361 3.000000
0.230294 0.632592 0.340687 4.000000
-10.000000 -10.000000 -10.000000 1.000000
0.219404 0.641247 0.333837 4.000000
-10.000000 -10.000000 -10.000000 1.000000
0.435730 0.273318 0.325039 2.000000
0.406870 0.270683 0.333797 2.000000
-10.000000 -10.000000 -10.000000 3.000000
0.388342 0.300346 0.335280 2.000000
-10.000000 -10.000000 -10.000000 2.000000
0.240693 0.647288 0.321334 4.000000
-10.000000 -10.000000 -10.000000 1.000000
-10.000000 -10.000000 -10.000000 2.000000
0.660263 0.650631 0.338454 3.000000
-10.000000 -10.000000 -10.000000 0.000000
0.593781 0.678705 0.333898 3.000000
0.250115 0.651748 0.326559 4.000000
0.731475 0.296590 0.355294 1.000000
0.422875 0.279446 0.332044 2.000000
-10.000000 -10.000000 -10.000000 3.000000
0.215358 0.651114 0.338259 4.000000
0.368449 0.309002 0.340622 2.000000
0.766222 0.328543 0.338868 1.000000
-10.000000 -10.000000 -10.000000 3.000000
0.381079 0.307904 0.336374 2.000000
0.598307 0.670559 0.336040 3.000000
0.635002 0.656442 0.364964 3.000000
0.766222 0.328543 0.338868 1.000000
-10.000000 -10.000000 -10.000000 3.000000
-10.000000 -10.000000 -10.000000 1.000000
0.422875 0.279446 0.332044 2.000000
-10.000000 -10.000000 -10.000000 4.000000
0.384901 0.269890 0.359430 2.000000
0.782762 0.359856 0.335642 1.000000
-10.000000 -10.000000 -10.000000 1.000000
0.242218 0.629440 0.331078 4.000000
-10.000000 -10.000000 -10.000000 0.000000
-10.000000 -10.000000 -10.000000 3.000000
-10.000000 -10.000000 -10.000000 0.000000
-10.000000 -10.000000 -10.000000 0.000000
-10.000000 -10.000000 -10.000000 1.000000
0.394102 0.295958 0.354030 2.000000
-10.000000 -10.000000 -10.000000 3.000000
-10.000000 -10.000000 -10.000000 3.000000
0.602510 0.677201 0.341986 3.000000
0.392554 0.302668 0.352164 2.000000
0.280951 0.648550 0.341796 4.000000
-10.000000 -10.000000 -10.000000 1.000000
-10.000000 -10.000000 -10.000000 3.000000
-10.000000 -10.000000 -10.000000 4.000000
0.651219 0.698569 0.350440 3.000000
0.388342 0.300346 0.335280 2.000000
0.755999 0.307975 0.343980 1.000000
-10.000000 -10.000000 -10.000000 3.000000
0.399432 0.286429 0.344812 2.000000
0.737957 0.331426 0.342415 1.000000
-10.000000 -10.000000 -10.000000 0.000000
0.755726 0.319123 0.333700 1.000000
0.604146 0.665473 0.333946 3.000000
-10.000000 -10.000000 -10.000000 1.000000
-10.000000 -10.000000 -10.000000 0.000000
-10.000000 -10.000000 -10.000000 2.000000
0.374874 0.356458 0.353860 2.000000
-10.000000 -10.000000 -10.000000 1.000000
0.641634 0.666694 0.356117 3.000000
0.766222 0.328543 0.338868 1.000000
0.390825 0.282502 0.353975 2.000000
0.616192 0.658940 0.356940 3.000000
-10.000000 -10.000000 -10.000000 1.000000
0.380087 0.290650 0.364404 2.000000
0.398145 0.294971 0.337818 2.000000
0.616192 0.658940 0.356940 3.000000
0.241548 0.637321 0.325689 4.000000
-10.000000 -10.000000 -10.000000 0.000000
0.382026 0.306657 0.339326 2.000000
0.651219 0.698569 0.350440 3.000000
-10.000000 -10.000000 -10.000000 3.000000
-10.000000 -10.000000 -10.000000 3.000000
-10.000000 -10.000000 -10.000000 1.000000
-10.000000 -10.000000 -10.000000 2.000000
0.662946 0.654415 0.343285 3.000000
0.242537 0.629019 0.323172 4.000000
0.409709 0.277802 0.342174 2.000000
-10.000000 -10.000000 -10.000000 2.000000
0.396541 0.302078 0.345038 2.000000
0.225911 0.632432 0.321436 4.000000
0.773609 0.331324 0.348654 1.000000
0.382759 0.308933 0.350743 2.000000
-10.000000 -10.000000 -10.000000 1.000000
0.598307 0.670559 0.336040 3.000000
0.219212 0.597213 0.342378 4.000000
-10.000000 -10.000000 -10.000000 3.000000
-10.000000 -10.000000 -10.000000 0.000000
0.635002 0.656442 0.364964 3.000000
0.280951 0.648550 0.341796 4.000000
-10.000000 -10.000000 -10.000000 1.000000
0.591195 0.651479 0.312671 0.000000
-10.000000 -10.000000 -10.000000 3.000000
0.607490 0.645098 0.344461 3.000000
0.228027 0.628358 0.323885 4.000000
-10.000000 -10.000000 -10.000000 2.000000
0.597318 0.688078 0.346310 3.000000
0.244945 0.619826 0.330619 4.000000
0.251268 0.607225 0.335102 4.000000
0.384994 0.290260 0.360421 2.000000
0.604146 0.665473 0.333946 3.000000
0.724827 0.341982 0.346359 1.000000
0.209027 0.628376 0.329378 4.000000
0.604612 0.663930 0.319788 3.000000
0.641634 0.666694 0.356117 3.000000
0.719833 0.397170 0.309309 0.000000
0.230294 0.632592 0.340687 4.000000
0.758982 0.317266 0.342934 1.000000
0.374226 0.310179 0.335974 2.000000
0.226845 0.621885 0.332673 4.000000
0.614912 0.666201 0.349519 3.000000
0.761852 0.311508 0.350000 1.000000
0.239364 0.633061 0.335876 4.000000
0.217714 0.625514 0.327957 4.000000
-10.000000 -10.000000 -10.000000 3.000000
-10.000000 -10.000000 -10.000000 2.000000
0.746599 0.284876 0.355411 1.000000
0.209027 0.628376 0.329378 4.000000
0.241548 0.637321 0.325689 4.000000
0.239364 0.633061 0.335876 4.000000
0.624294 0.673410 0.360665 3.000000
0.746599 0.284876 0.355411 1.000000
0.782762 0.359856 0.335642 1.000000
0.660263 0.650631 0.338454 3.000000
-10.000000 -10.000000 -10.000000 2.000000
-10.000000 -10.000000 -10.000000 3.000000
-10.000000 -10.000000 -10.000000 4.000000
0.380087 0.290650 0.364404 2.000000
0.597318 0.688078 0.346310 3.000000
0.622747 0.669852 0.354402 3.000000
-10.000000 -10.000000 -10.000000 1.000000
0.199949 0.656928 0.313879 4.000000
0.395476 0.283202 0.340999 2.000000
0.380087 0.290650 0.364404 2.000000
0.651219 0.698569 0.350440 3.000000
-10.000000 -10.000000 -10.000000 3.000000
-10.000000 -10.000000 -10.000000 3.000000
0.637749 0.647754 0.352710 3.000000
0.280801 0.635227 0.359736 4.000000
-10.000000 -10.000000 -10.000000 1.000000
-10.000000 -10.000000 -10.000000 4.000000
0.373901 0.271708 0.352981 2.000000
0.380106 0.305853 0.348442 2.000000
-10.000000 -10.000000 -10.000000 1.000000
-10.000000 -10.000000 -10.000000 2.000000
0.760333 0.353899 0.345108 1.000000
0.374874 0.356458 0.353860 2.000000
0.642636 0.652311 0.334033 3.000000
0.361518 0.297262 0.335359 2.000000
-10.000000 -10.000000 -10.000000 3.000000
-10.000000 -10.000000 -10.000000 1.000000
0.755914 0.346957 0.344329 1.000000
0.390825 0.282502 0.353975 2.000000
0.610532 0.630906 0.341039 3.000000
-10.000000 -10.000000 -10.000000 2.000000
-10.000000 -10.000000 -10.000000 3.000000
-10.000000 -10.000000 -10.000000 1.000000
-10.000000 -10.000000 -10.000000 2.000000
0.746599 0.284876 0.355411 1.000000
0.209027 0.628376 0.329378 4.000000
0.603161 0.676543 0.338680 3.000000
-10.000000 -10.000000 -10.000000 3.000000
0.393942 0.270259 0.345089 2.000000
0.219212 0.597213 0.342378 4.000000
-10.000000 -10.000000 -10.000000 3.000000
0.406144 0.271423 0.330912 2.000000
0.642636 0.652311 0.334033 3.000000
0.746599 0.284876 0.355411 1.000000
0.240531 0.615510 0.334183 4.000000
0.622747 0.669852 0.354402 3.000000
-10.000000 -10.000000 -10.000000 4.000000
0.615446 0.686111 0.337694 3.000000
0.250115 0.651748 0.326559 4.000000
0.651219 0.698569 0.350440 3.000000
0.759551 0.349372 0.344285 1.000000
0.719833 0.397170 0.309309 0.000000
0.230098 0.614042 0.335680 4.000000
0.382026 0.306657 0.339326 2.000000
0.622747 0.669852 0.354402 3.000000
-10.000000 -10.000000 -10.000000 2.000000
-10.000000 -10.000000 -10.000000 2.000000
-10.000000 -10.000000 -10.000000 1.000000
0.340752 0.296881 0.329390 2.000000
0.225969 0.601383 0.342464 4.000000
0.596572 0.672272 0.343482 3.000000
0.641634 0.666694 0.356117 3.000000
0.746599 0.284876 0.355411 1.000000
0.380087 0.290650 0.364404 2.000000
0.340752 0.296881 0.329390 2.000000
0.760333 0.353899 0.345108 1.000000
-10.000000 -10.000000 -10.000000 3.000000
-10.000000 -10.000000 -10.000000 2.000000
-10.000000 -10.000000 -10.000000 3.000000
0.760198 0.342625 0.345279 1.000000
-10.000000 -10.000000 -10.000000 3.000000
0.395476 0.283202 0.340999 2.000000
0.607490 0.645098 0.344461 3.000000
-10.000000 -10.000000 -10.000000 4.000000
-10.000000 -10.000000 -10.000000 1.000000
0.738548 0.316658 0.358084 1.000000
-10.000000 -10.000000 -10.000000 1.000000
0.363846 0.297784 0.337464 2.000000
0.406144 0.271423 0.330912 2.000000
0.260115 0.630501 0.327852 4.000000
-10.000000 -10.000000 -10.000000 4.000000
0.731475 0.296590 0.355294 1.000000
0.244534 0.610557 0.327790 4.000000
-10.000000 -10.000000 -10.000000 1.000000
-10.000000 -10.000000 -10.000000 3.000000
-10.000000 -10.000000 -10.000000 2.000000
0.765901 0.370098 0.355577 1.000000
0.760198 0.342625 0.345279 1.000000
0.396260 0.272992 0.341287 2.000000
0.649356 0.640171 0.338767 3.000000
-10.000000 -10.000000 -10.000000 1.000000
-10.000000 -10.000000 -10.000000 3.000000
0.280951 0.648550 0.341796 4.000000
0.628879 0.665191 0.353923 3.000000
0.396260 0.272992 0.341287 2.000000
0.763205 0.343123 0.331794 1.000000
-10.000000 -10.000000 -10.000000 3.000000
-10.000000 -10.000000 -10.000000 3.000000
0.744122 0.326261 0.353308 1.000000
-10.000000 -10.000000 -10.000000 1.000000
0.396541 0.302078 0.345038 2.000000
0.610505 0.664132 0.332509 3.000000
0.747377 0.329030 0.339362 1.000000
0.649356 0.640171 0.338767 3.000000
0.760333 0.353899 0.345108 1.000000
0.392554 0.302668 0.352164 2.000000
0.250096 0.617164 0.329822 4.000000
0.756529 0.351517 0.347263 1.000000
0.604612 0.663930 0.319788 3.000000
0.610505 0.664132 0.332509 3.000000
0.244945 0.619826 0.330619 4.000000
-10.000000 -10.000000 -10.000000 1.000000
-10.000000 -10.000000 -10.000000 3.000000
-10.000000 -10.000000 -10.000000 1.000000
0.376154 0.308850 0.345621 2.000000
-10.000000 -10.000000 -10.000000 3.000000
0.651219 0.698569 0.350440 3.000000
0.393942 0.270259 0.345089 2.000000
-10.000000 -10.000000 -10.000000 1.000000
-10.000000 -10.000000 -10.000000 1.000000
-10.000000 -10.000000 -10.000000 1.000000
-10.000000 -10.000000 -10.000000 4.000000
0.244942 0.656097 0.336490 4.000000
-10.000000 -10.000000 -10.000000 1.000000
0.199949 0.656928 0.313879 4.000000
0.602605 0.672534 0.344040 3.000000
0.383228 0.294609 0.337037 2.000000
0.398145 0.294971 0.337818 2.000000
0.374874 0.356458 0.353860 2.000000
0.622747 0.669852 0.354402 3.000000
0.386761 0.294180 0.341570 2.000000
0.747377 0.329030 0.339362 1.000000
0.608454 0.672409 0.351937 3.000000
0.741324 0.303165 0.344677 1.000000
0.614970 0.674227 0.345607 3.000000
0.240531 0.615510 0.334183 4.000000
0.299940 0.638811 0.352053 4.000000
0.394516 0.270655 0.324054 2.000000
0.613797 0.679884 0.350489 3.000000
-10.000000 -10.000000 -10.000000 1.000000
-10.000000 -10.000000 -10.000000 1.000000
0.596572 0.672272 0.343482 3.000000
0.376453 0.294376 0.345986 2.000000
-10.000000 -10.000000 -10.000000 3.000000
0.761852 0.311508 0.350000 1.000000
0.751079 0.294691 0.339228 1.000000
-10.000000 -10.000000 -10.000000 2.000000
0.394102 0.295958 0.354030 2.000000
0.219212 0.597213 0.342378 4.000000
0.373901 0.271708 0.352981 2.000000
0.228027 0.628358 0.323885 4.000000
0.395476 0.283202 0.340999 2.000000
0.395476 0.283202 0.340999 2.000000
-10.000000 -10.000000 -10.000000 4.000000
0.215358 0.651114 0.338259 4.000000
-10.000000 -10.000000 -10.000000 4.000000
-10.000000 -10.000000 -10.000000 3.000000
0.766276 0.331238 0.347855 1.000000
0.768991 0.338761 0.335277 1.000000
0.376453 0.294376 0.345986 2.000000
-10.000000 -10.000000 -10.000000 2.000000
-10.000000 -10.000000 -10.000000 3.000000
0.615446 0.686111 0.337694 3.000000
-10.000000 -10.000000 -10.000000 3.000000
0.765901 0.370098 0.355577 1.000000
-10.000000 -10.000000 -10.000000 4.000000
-10.000000 -10.000000 -10.000000 1.000000
-10.000000 -10.000000 -10.000000 3.000000
-10.000000 -10.000000 -10.000000 3.000000
-10.000000 -10.000000 -10.000000 1.000000
-10.000000 -10.000000 -10.000000 2.000000
0.244534 0.610557 0.327790 4.000000
0.368891 0.307969 0.343152 2.000000
0.606844 0.664945 0.333158 3.000000
0.228027 0.628358 0.323885 4.000000
0.216749 0.612278 0.330260 4.000000
-10.000000 -10.000000 -10.000000 2.000000
-10.000000 -10.000000 -10.000000 3.000000
-10.000000 -10.000000 -10.000000 1.000000
0.368891 0.307969 0.343152 2.000000
-10.000000 -10.000000 -10.000000 3.000000
0.773609 0.331324 0.348654 1.000000
-10.000000 -10.000000 -10.000000 2.000000
0.217714 0.625514 0.327957 4.000000
0.588614 0.682282 0.334638 3.000000
0.651219 0.698569 0.350440 3.000000
0.602605 0.672534 0.344040 3.000000
0.280951 0.648550 0.341796 4.000000
0.384664 0.269750 0.334979 2.000000
-10.000000 -10.000000 -10.000000 1.000000
-10.000000 -10.000000 -10.000000 1.000000
0.755472 0.299609 0.359757 1.000000
-10.000000 -10.000000 -10.000000 3.000000
0.384994 0.290260 0.360421 2.000000
-10.000000 -10.000000 -10.000000 2.000000
0.226647 0.614904 0.330774 4.000000
0.610505 0.664132 0.332509 3.000000
0.393942 0.270259 0.345089 2.000000
0.625084 0.656713 0.350726 3.000000
-10.000000 -10.000000 -10.000000 1.000000
0.242537 0.629019 0.323172 4.000000
-10.000000 -10.000000 -10.000000 2.000000
-10.000000 -10.000000 -10.000000 3.000000
0.764114 0.344079 0.343272 1.000000
-10.000000 -10.000000 -10.000000 0.000000
0.755472 0.299609 0.359757 1.000000
-10.000000 -10.000000 -10.000000 1.000000
0.754467 0.293224 0.342344 1.000000
-10.000000 -10.000000 -10.000000 1.000000
0.260115 0.630501 0.327852 4.000000
0.614970 0.674227 0.345607 3.000000
0.596572 0.672272 0.343482 3.000000
0.756529 0.351517 0.347263 1.000000
0.755023 0.322805 0.334022 1.000000
-10.000000 -10.000000 -10.000000 1.000000
0.340752 0.296881 0.329390 2.000000
0.225911 0.632432 0.321436 4.000000
-10.000000 -10.000000 -10.000000 3.000000
0.352873 0.347686 0.349654 2.000000
0.244942 0.656097 0.336490 4.000000
0.422875 0.279446 0.332044 2.000000
0.641634 0.666694 0.356117 3.000000
0.382026 0.306657 0.339326 2.000000
0.225911 0.632432 0.321436 4.000000
0.744122 0.326261 0.353308 1.000000
0.240902 0.625381 0.325255 4.000000
-10.000000 -10.000000 -10.000000 3.000000
0.770728 0.327971 0.345661 1.000000
0.356213 0.324506 0.336167 2.000000
0.378782 0.288779 0.338341 2.000000
-10.000000 -10.000000 -10.000000 3.000000
-10.000000 -10.000000 -10.000000 4.000000
0.230631 0.661046 0.310131 4.000000
-10.000000 -10.000000 -10.000000 3.000000
0.724827 0.341982 0.346359 1.000000
-10.000000 -10.000000 -10.000000 1.000000
-10.000000 -10.000000 -10.000000 3.000000
0.614970 0.674227 0.345607 3.000000
0.380106 0.305853 0.348442 2.000000
-10.000000 -10.000000 -10.000000 0.000000
-10.000000 -10.000000 -10.000000 3.000000
-10.000000 -10.000000 -10.000000 4.000000
0.744122 0.326261 0.353308 1.000000
0.217714 0.625514 0.327957 4.000000
0.640382 0.670622 0.358474 3.000000
0.396541 0.302078 0.345038 2.000000
-10.000000 -10.000000 -10.000000 1.000000
-10.000000 -10.000000 -10.000000 3.000000
-10.000000 -10.000000 -10.000000 4.000000
0.244945 0.619826 0.330619 4.000000
0.788341 0.353839 0.340568 1.000000
0.382026 0.306657 0.339326 2.000000
0.409709 0.277802 0.342174 2.000000
0.260115 0.630501 0.327852 4.000000
0.394516 0.270655 0.324054 2.000000
-10.000000 -10.000000 -10.000000 3.000000
-10.000000 -10.000000 -10.000000 1.000000
-10.000000 -10.000000 -10.000000 1.000000
-10.000000 -10.000000 -10.000000 2.000000
0.435730 0.273318 0.325039 2.000000
-10.000000 -10.000000 -10.000000 2.000000
0.610505 0.664132 0.332509 3.000000
-10.000000 -10.000000 -10.000000 2.000000
0.363846 0.297784 0.337464 2.000000
0.226647 0.614904 0.330774 4.000000
0.399432 0.286429 0.344812 2.000000
0.398145 0.294971 0.337818 2.000000
0.199949 0.656928 0.313879 4.000000
-10.000000 -10.000000 -10.000000 1.000000
0.240531 0.615510 0.334183 4.000000
-10.000000 -10.000000 -10.000000 3.000000
0.370164 0.291800 0.342142 2.000000
-10.000000 -10.000000 -10.000000 3.000000
-10.000000 -10.000000 -10.000000 3.000000
-10.000000 -10.000000 -10.000000 0.000000
0.374226 0.310179 0.335974 2.000000
-10.000000 -10.000000 -10.000000 1.000000
0.596572 0.672272 0.343482 3.000000
0.280951 0.648550 0.341796 4.000000
0.211174 0.612002 0.328368 4.000000
0.768991 0.338761 0.335277 1.000000
0.608454 0.672409 0.351937 3.000000
0.399432 0.286429 0.344812 2.000000
0.299940 0.638811 0.352053 4.000000
0.217714 0.625514 0.327957 4.000000
-10.000000 -10.000000 -10.000000 1.000000
0.606844 0.664945 0.333158 3.000000
0.755435 0.338372 0.339917 1.000000
-10.000000 -10.000000 -10.000000 1.000000
-10.000000 -10.000000 -10.000000 2.000000
-10.000000 -10.000000 -10.000000 1.000000
-10.000000 -10.000000 -10.000000 2.000000
0.393942 0.270259 0.345089 2.000000
0.225575 0.654387 0.332035 4.000000
-10.000000 -10.000000 -10.000000 1.000000
0.244945 0.619826 0.330619 4.000000
0.746599 0.284876 0.355411 1.000000
0.384664 0.269750 0.334979 2.000000
0.571130 0.721825 0.331132 3.000000
0.418384 0.266231 0.331041 2.000000
0.244302 0.646010 0.315621 4.000000
-10.000000 -10.000000 -10.000000 3.000000
-10.000000 -10.000000 -10.000000 1.000000
0.226845 0.621885 0.332673 4.000000
-10.000000 -10.000000 -10.000000 3.000000
0.216749 0.612278 0.330260 4.000000
-10.000000 -10.000000 -10.000000 1.000000
-10.000000 -10.000000 -10.000000 1.000000
0.753672 0.289918 0.349965 1.000000
0.738548 0.316658 0.358084 1.000000
-10.000000 -10.000000 -10.000000 1.000000
0.642636 0.652311 0.334033 3.000000
-10.000000 -10.000000 -10.000000 1.000000
0.642810 0.639183 0.344383 3.000000
0.614970 0.674227 0.345607 3.000000
-10.000000 -10.000000 -10.000000 2.000000
-10.000000 -10.000000 -10.000000 1.000000
-10.000000 -10.000000 -10.000000 1.000000
0.394616 0.281672 0.341599 2.000000
0.724827 0.341982 0.346359 1.000000
-10.000000 -10.000000 -10.000000 4.000000
-10.000000 -10.000000 -10.000000 3.000000
-10.000000 -10.000000 -10.000000 4.000000
-10.000000 -10.000000 -10.000000 3.000000
0.262732 0.607539 0.334473 4.000000
0.724827 0.341982 0.346359 1.000000
0.219404 0.641247 0.333837 4.000000
-10.000000 -10.000000 -10.000000 3.000000
0.635002 0.656442 0.364964 3.000000
0.230098 0.614042 0.335680 4.000000
-10.000000 -10.000000 -10.000000 1.000000
-10.000000 -10.000000 -10.000000 3.000000
-10.000000 -10.000000 -10.000000 3.000000
-10.000000 -10.000000 -10.000000 1.000000
0.597318 0.688078 0.346310 3.000000
0.240693 0.647288 0.321334 4.000000
-10.000000 -10.000000 -10.000000 3.000000
0.240902 0.625381 0.325255 4.000000
0.380102 0.289560 0.341402 2.000000
0.614912 0.666201 0.349519 3.000000
-10.000000 -10.000000 -10.000000 2.000000
0.747377 0.329030 0.339362 1.000000
-10.000000 -10.000000 -10.000000 3.000000
0.719833 0.397170 0.309309 0.000000
0.788341 0.353839 0.340568 1.000000
-10.000000 -10.000000 -10.000000 1.000000
-10.000000 -10.000000 -10.000000 1.000000
0.361518 0.297262 0.335359 2.000000
-10.000000 -10.000000 -10.000000 1.000000
0.380106 0.305853 0.348442 2.000000
0.752806 0.340695 0.344258 1.000000
-10.000000 -10.000000 -10.000000 0.000000
0.589975 0.697339 0.319361 3.000000
-10.000000 -10.000000 -10.000000 4.000000
-10.000000 -10.000000 -10.000000 1.000000
0.591195 0.651479 0.312671 0.000000
0.642810 0.639183 0.344383 3.000000
0.598307 0.670559 0.336040 3.000000
0.384901 0.269890 0.359430 2.000000
0.738548 0.316658 0.358084 1.000000
-10.000000 -10.000000 -10.000000 3.000000
0.755023 0.322805 0.334022 1.000000
0.242218 0.629440 0.331078 4.000000
0.642810 0.639183 0.344383 3.000000
0.724827 0.341982 0.346359 1.000000
0.382026 0.306657 0.339326 2.000000
0.280951 0.648550 0.341796 4.000000
0.744122 0.326261 0.353308 1.000000
0.603161 0.676543 0.338680 3.000000
0.244302 0.646010 0.315621 4.000000
0.230294 0.632592 0.340687 4.000000
-10.000000 -10.000000 -10.000000 1.000000
0.373901 0.271708 0.352981 2.000000
0.758982 0.317266 0.342934 1.000000
-10.000000 -10.000000 -10.000000 1.000000
0.281530 0.627180 0.331103 4.000000
0.244942 0.656097 0.336490 4.000000
0.211174 0.612002 0.328368 4.000000
0.589975 0.697339 0.319361 3.000000
0.615446 0.686111 0.337694 3.000000
0.244945 0.619826 0.330619 4.000000
-10.000000 -10.000000 -10.000000 3.000000
0.405933 0.269490 0.334413 2.000000
0.392554 0.302668 0.352164 2.000000
0.604146 0.665473 0.333946 3.000000
0.384994 0.290260 0.360421 2.000000
0.244276 0.611017 0.336543 4.000000
0.374226 0.310179 0.335974 2.000000
0.760333 0.353899 0.345108 1.000000
0.235577 0.614068 0.325980 4.000000
0.227448 0.637193 0.338040 4.000000
0.635002 0.656442 0.364964 3.000000
0.356213 0.324506 0.336167 2.000000
0.662946 0.654415 0.343285 3.000000
0.657256 0.688362 0.356788 3.000000
0.392554 0.302668 0.352164 2.000000
-10.000000 -10.000000 -10.000000 3.000000
0.754467 0.293224 0.342344 1.000000
-10.000000 -10.000000 -10.000000 1.000000
0.752806 0.340695 0.344258 1.000000
-10.000000 -10.000000 -10.000000 4.000000
0.624294 0.673410 0.360665 3.000000
0.249986 0.615315 0.330574 4.000000
-10.000000 -10.000000 -10.000000 2.000000
-10.000000 -10.000000 -10.000000 1.000000
0.250096 0.617164 0.329822 4.000000
0.642203 0.643659 0.334068 3.000000
0.746599 0.284876 0.355411 1.000000
-10.000000 -10.000000 -10.000000 3.000000
0.251448 0.601569 0.321325 4.000000
-10.000000 -10.000000 -10.000000 1.000000
0.760198 0.342625 0.345279 1.000000
0.719833 0.397170 0.309309 0.000000
0.406870 0.270683 0.333797 2.000000
0.225969 0.601383 0.342464 4.000000
0.604146 0.665473 0.333946 3.000000
0.378782 0.288779 0.338341 2.000000
0.370164 0.291800 0.342142 2.000000
-10.000000 -10.000000 -10.000000 3.000000
0.761852 0.311508 0.350000 1.000000
-10.000000 -10.000000 -10.000000 2.000000
0.262732 0.607539 0.334473 4.000000
0.380106 0.305853 0.348442 2.000000
-10.000000 -10.000000 -10.000000 2.000000
0.743696 0.342066 0.334374 1.000000
-10.000000 -10.000000 -10.000000 4.000000
-10.000000 -10.000000 -10.000000 4.000000
0.244945 0.619826 0.330619 4.000000
-10.000000 -10.000000 -10.000000 3.000000
0.405933 0.269490 0.334413 2.000000
0.362585 0.330760 0.344151 2.000000
0.384901 0.269890 0.359430 2.000000
-10.000000 -10.000000 -10.000000 1.000000
-10.000000 -10.000000 -10.000000 2.000000
-10.000000 -10.000000 -10.000000 3.000000
0.281530 0.627180 0.331103 4.000000
-10.000000 -10.000000 -10.000000 0.000000
0.642636 0.652311 0.334033 3.000000
0.371172 0.295565 0.338228 2.000000
0.380087 0.290650 0.364404 2.000000
-10.000000 -10.000000 -10.000000 0.000000
-10.000000 -10.000000 -10.000000 1.000000
0.209027 0.628376 0.329378 4.000000
-10.000000 -10.000000 -10.000000 3.000000
0.371172 0.295565 0.338228 2.000000
-10.000000 -10.000000 -10.000000 4.000000
0.239364 0.633061 0.335876 4.000000
-10.000000 -10.000000 -10.000000 1.000000
0.642636 0.652311 0.334033 3.000000
-10.000000 -10.000000 -10.000000 3.000000
0.406870 0.270683 0.333797 2.000000
-10.000000 -10.000000 -10.000000 1.000000
-10.000000 -10.000000 -10.000000 0.000000
-10.000000 -10.000000 -10.000000 3.000000
0.751079 0.294691 0.339228 1.000000
-10.000000 -10.000000 -10.000000 1.000000
-10.000000 -10.000000 -10.000000 2.000000
0.763205 0.343123 0.331794 1.000000
-10.000000 -10.000000 -10.000000 1.000000
0.769043 0.377162 0.357004 1.000000
0.597318 0.688078 0.346310 3.000000
-10.000000 -10.000000 -10.000000 3.000000
0.593781 0.678705 0.333898 3.000000
-10.000000 -10.000000 -10.000000 1.000000
-10.000000 -10.000000 -10.000000 1.000000
0.755726 0.319123 0.333700 1.000000
0.225969 0.601383 0.342464 4.000000
-10.000000 -10.000000 -10.000000 1.000000
0.226845 0.621885 0.332673 4.000000
-10.000000 -10.000000 -10.000000 1.000000
-10.000000 -10.000000 -10.000000 1.000000
-10.000000 -10.000000 -10.000000 1.000000
-10.000000 -10.000000 -10.000000 1.000000
-10.000000 -10.000000 -10.000000 4.000000
-10.000000 -10.000000 -10.000000 0.000000
0.747377 0.329030 0.339362 1.000000
0.399432 0.286429 0.344812 2.000000
0.384901 0.269890 0.359430 2.000000
0.386714 0.289364 0.349750 2.000000
0.603161 0.676543 0.338680 3.000000
0.603161 0.676543 0.338680 3.000000
0.406120 0.275638 0.339802 2.000000
0.250096 0.617164 0.329822 4.000000
-10.000000 -10.000000 -10.000000 4.000000
0.226845 0.621885 0.332673 4.000000
0.598307 0.670559 0.336040 3.000000
-10.000000 -10.000000 -10.000000 4.000000
-10.000000 -10.000000 -10.000000 1.000000
-10.000000 -10.000000 -10.000000 0.000000
0.635002 0.656442 0.364964 3.000000
0.213876 0.599584 0.334997 4.000000
0.612848 0.662729 0.350795 3.000000
0.251710 0.619128 0.328509 4.000000
0.593781 0.678705 0.333898 3.000000
-10.000000 -10.000000 -10.000000 2.000000
0.612848 0.662729 0.350795 3.000000
-10.000000 -10.000000 -10.000000 0.000000
-10.000000 -10.000000 -10.000000 1.000000
0.378782 0.288779 0.338341 2.000000
0.382759 0.308933 0.350743 2.000000
0.604612 0.663930 0.319788 3.000000
0.213876 0.599584 0.334997 4.000000
0.409709 0.277802 0.342174 2.000000
0.398145 0.294971 0.337818 2.000000
0.610532 0.630906 0.341039 3.000000
0.388342 0.300346 0.335280 2.000000
-10.000000 -10.000000 -10.000000 1.000000
0.235577 0.614068 0.325980 4.000000
0.744192 0.328837 0.340892 1.000000
-10.000000 -10.000000 -10.000000 3.000000
0.766276 0.331238 0.347855 1.000000
0.219889 0.640127 0.335482 4.000000
0.640382 0.670622 0.358474 3.000000
-10.000000 -10.000000 -10.000000 3.000000
-10.000000 -10.000000 -10.000000 2.000000
0.274247 0.651008 0.322469 4.000000
0.637749 0.647754 0.352710 3.000000
0.604612 0.663930 0.319788 3.000000
0.765901 0.370098 0.355577 1.000000
-10.000000 -10.000000 -10.000000 4.000000
0.216749 0.612278 0.330260 4.000000
-10.000000 -10.000000 -10.000000 2.000000
0.788341 0.353839 0.340568 1.000000
-10.000000 -10.000000 -10.000000 1.000000
0.219212 0.597213 0.342378 4.000000
-10.000000 -10.000000 -10.000000 1.000000
-10.000000 -10.000000 -10.000000 2.000000
0.394616 0.281672 0.341599 2.000000
0.651219 0.698569 0.350440 3.000000
0.597318 0.688078 0.346310 3.000000
0.406120 0.275638 0.339802 2.000000
0.226647 0.614904 0.330774 4.000000
-10.000000 -10.000000 -10.000000 1.000000
-10.000000 -10.000000 -10.000000 3.000000
0.719833 0.397170 0.309309 0.000000
0.788341 0.353839 0.340568 1.000000
0.281530 0.627180 0.331103 4.000000
0.225575 0.654387 0.332035 4.000000
-10.000000 -10.000000 -10.000000 4.000000
-10.000000 -10.000000 -10.000000 4.000000
-10.000000 -10.000000 -10.000000 3.000000
0.225911 0.632432 0.321436 4.000000
0.382759 0.308933 0.350743 2.000000
0.225575 0.654387 0.332035 4.000000
-10.000000 -10.000000 -10.000000 1.000000
0.251268 0.607225 0.335102 4.000000
0.593781 0.678705 0.333898 3.000000
0.199949 0.656928 0.313879 4.000000
-10.000000 -10.000000 -10.000000 3.000000
-10.000000 -10.000000 -10.000000 3.000000
0.607490 0.645098 0.344461 3.000000
0.782123 0.376697 0.350970 1.000000
-10.000000 -10.000000 -10.000000 1.000000
-10.000000 -10.000000 -10.000000 4.000000
-10.000000 -10.000000 -10.000000 4.000000
0.384901 0.269890 0.359430 2.000000
-10.000000 -10.000000 -10.000000 2.000000
0.394616 0.281672 0.341599 2.000000
0.240531 0.615510 0.334183 4.000000
-10.000000 -10.000000 -10.000000 1.000000
-10.000000 -10.000000 -10.000000 3.000000
-10.000000 -10.000000 -10.000000 4.000000
0.640307 0.664950 0.362271 3.000000
-10.000000 -10.000000 -10.000000 0.000000
-10.000000 -10.000000 -10.000000 4.000000
0.784135 0.356790 0.338193 1.000000
0.604612 0.663930 0.319788 3.000000
0.217714 0.625514 0.327957 4.000000
0.241548 0.637321 0.325689 4.000000
0.280801 0.635227 0.359736 4.000000
0.752806 0.340695 0.344258 1.000000
-10.000000 -10.000000 -10.000000 3.000000
0.244942 0.656097 0.336490 4.000000
0.274247 0.651008 0.322469 4.000000
-10.000000 -10.000000 -10.000000 4.000000
-10.000000 -10.000000 -10.000000 1.000000
0.642636 0.652311 0.334033 3.000000
-10.000000 -10.000000 -10.000000 1.000000
-10.000000 -10.000000 -10.000000 4.000000
-10.000000 -10.000000 -10.000000 4.000000
-10.000000 -10.000000 -10.000000 1.000000
-10.000000 -10.000000 -10.000000 1.000000
-10.000000 -10.000000 -10.000000 1.000000
0.227448 0.637193 0.338040 4.000000
-10.000000 -10.000000 -10.000000 1.000000
0.382026 0.306657 0.339326 2.000000
-10.000000 -10.000000 -10.000000 3.000000
-10.000000 -10.000000 -10.000000 3.000000
0.610505 0.664132 0.332509 3.000000
-10.000000 -10.000000 -10.000000 2.000000
0.382026 0.306657 0.339326 2.000000
0.719833 0.397170 0.309309 0.000000
0.640382 0.670622 0.358474 3.000000
-10.000000 -10.000000 -10.000000 2.000000
0.368891 0.307969 0.343152 2.000000
0.755999 0.307975 0.343980 1.000000
0.244945 0.619826 0.330619 4.000000
0.782123 0.376697 0.350970 1.000000
0.226845 0.621885 0.332673 4.000000
0.406144 0.271423 0.330912 2.000000
0.405933 0.269490 0.334413 2.000000
0.280951 0.648550 0.341796 4.000000
0.356213 0.324506 0.336167 2.000000
0.230098 0.614042 0.335680 4.000000
0.394516 0.270655 0.324054 2.000000
0.235577 0.614068 0.325980 4.000000
0.642203 0.643659 0.334068 3.000000
0.763205 0.343123 0.331794 1.000000
-10.000000 -10.000000 -10.000000 4.000000
0.632332 0.685488 0.356222 3.000000
0.374226 0.310179 0.335974 2.000000
-10.000000 -10.000000 -10.000000 1.000000
-10.000000 -10.000000 -10.000000 1.000000
-10.000000 -10.000000 -10.000000 1.000000
0.215358 0.651114 0.338259 4.000000
0.738548 0.316658 0.358084 1.000000
0.219212 0.597213 0.342378 4.000000
-10.000000 -10.000000 -10.000000 1.000000
-10.000000 -10.000000 -10.000000 2.000000
0.244276 0.611017 0.336543 4.000000
-10.000000 -10.000000 -10.000000 1.000000
0.744192 0.328837 0.340892 1.000000
0.378782 0.288779 0.338341 2.000000
-10.000000 -10.000000 -10.000000 4.000000
0.215358 0.651114 0.338259 4.000000
0.619073 0.647038 0.339030 3.000000
0.631953 0.651935 0.348006 3.000000
0.597318 0.688078 0.346310 3.000000
0.763205 0.343123 0.331794 1.000000
-10.000000 -10.000000 -10.000000 3.000000
0.788341 0.353839 0.340568 1.000000
0.240902 0.625381 0.325255 4.000000
-10.000000 -10.000000 -10.000000 0.000000
-10.000000 -10.000000 -10.000000 1.000000
0.384994 0.290260 0.360421 2.000000
0.735633 0.302239 0.349095 1.000000
0.612848 0.662729 0.350795 3.000000
0.230098 0.614042 0.335680 4.000000
-10.000000 -10.000000 -10.000000 1.000000
0.755435 0.338372 0.339917 1.000000
0.614912 0.666201 0.349519 3.000000
-10.000000 -10.000000 -10.000000 2.000000
0.373901 0.271708 0.352981 2.000000
0.768477 0.298141 0.347081 1.000000
0.209027 0.628376 0.329378 4.000000
-10.000000 -10.000000 -10.000000 1.000000
0.766276 0.331238 0.347855 1.000000
0.409115 0.268834 0.330785 2.000000
0.390825 0.282502 0.353975 2.000000
0.422875 0.279446 0.332044 2.000000
-10.000000 -10.000000 -10.000000 2.000000
-10.000000 -10.000000 -10.000000 1.000000
0.766222 0.328543 0.338868 1.000000
0.361518 0.297262 0.335359 2.000000
-10.000000 -10.000000 -10.000000 0.000000
-10.000000 -10.000000 -10.000000 0.000000
0.628879 0.665191 0.353923 3.000000
0.743696 0.342066 0.334374 1.000000
-10.000000 -10.000000 -10.000000 4.000000
-10.000000 -10.000000 -10.000000 0.000000
0.773609 0.331324 0.348654 1.000000
-10.000000 -10.000000 -10.000000 0.000000
0.368891 0.307969 0.343152 2.000000
-10.000000 -10.000000 -10.000000 1.000000
0.753672 0.289918 0.349965 1.000000
-10.000000 -10.000000 -10.000000 1.000000
-10.000000 -10.000000 -10.000000 3.000000
0.230631 0.661046 0.310131 4.000000
0.763205 0.343123 0.331794 1.000000
-10.000000 -10.000000 -10.000000 3.000000
-10.000000 -10.000000 -10.000000 3.000000
0.589975 0.697339 0.319361 3.000000
-10.000000 -10.000000 -10.000000 4.000000
-10.000000 -10.000000 -10.000000 1.000000
-10.000000 -10.000000 -10.000000 2.000000
0.394616 0.281672 0.341599 2.000000
0.759551 0.349372 0.344285 1.000000
-10.000000 -10.000000 -10.000000 2.000000
0.240531 0.615510 0.334183 4.000000
0.240902 0.625381 0.325255 4.000000
0.225969 0.601383 0.342464 4.000000
-10.000000 -10.000000 -10.000000 3.000000
-10.000000 -10.000000 -10.000000 2.000000
0.398145 0.294971 0.337818 2.000000
-10.000000 -10.000000 -10.000000 3.000000
0.394616 0.281672 0.341599 2.000000
-10.000000 -10.000000 -10.000000 3.000000
0.660263 0.650631 0.338454 3.000000
-10.000000 -10.000000 -10.000000 4.000000
-10.000000 -10.000000 -10.000000 4.000000
0.719833 0.397170 0.309309 0.000000
0.752806 0.340695 0.344258 1.000000
0.588614 0.682282 0.334638 3.000000
0.396541 0.302078 0.345038 2.000000
0.604146 0.665473 0.333946 3.000000
0.622747 0.669852 0.354402 3.000000
0.640382 0.670622 0.358474 3.000000
0.743696 0.342066 0.334374 1.000000
-10.000000 -10.000000 -10.000000 3.000000
0.398145 0.294971 0.337818 2.000000
-10.000000 -10.000000 -10.000000 1.000000
-10.000000 -10.000000 -10.000000 0.000000
0.622747 0.669852 0.354402 3.000000
-10.000000 -10.000000 -10.000000 1.000000
-10.000000 -10.000000 -10.000000 1.000000
-10.000000 -10.000000 -10.000000 1.000000
0.755999 0.307975 0.343980 1.000000
-10.000000 -10.000000 -10.000000 2.000000
0.766276 0.331238 0.347855 1.000000
0.368449 0.309002 0.340622 2.000000
0.376453 0.294376 0.345986 2.000000
-10.000000 -10.000000 -10.000000 2.000000
0.731475 0.296590 0.355294 1.000000
0.380106 0.305853 0.348442 2.000000
-10.000000 -10.000000 -10.000000 4.000000
0.589975 0.697339 0.319361 3.000000
0.374874 0.356458 0.353860 2.000000
0.736423 0.330545 0.352537 1.000000
0.216749 0.612278 0.330260 4.000000
0.249986 0.615315 0.330574 4.000000
0.418384 0.266231 0.331041 2.000000
0.768991 0.338761 0.335277 1.000000
0.571130 0.721825 0.331132 3.000000
-10.000000 -10.000000 -10.000000 0.000000
0.242537 0.629019 0.323172 4.000000
0.376453 0.294376 0.345986 2.000000
-10.000000 -10.000000 -10.000000 3.000000
-10.000000 -10.000000 -10.000000 1.000000
0.230294 0.632592 0.340687 4.000000
0.724827 0.341982 0.346359 1.000000
0.631953 0.651935 0.348006 3.000000
0.758982 0.317266 0.342934 1.000000
0.380106 0.305853 0.348442 2.000000
0.598571 0.716747 0.335532 3.000000
0.230098 0.614042 0.335680 4.000000
-10.000000 -10.000000 -10.000000 3.000000
0.719833 0.397170 0.309309 0.000000
0.610307 0.672915 0.357063 3.000000
0.211174 0.612002 0.328368 4.000000
-10.000000 -10.000000 -10.000000 3.000000
0.226845 0.621885 0.332673 4.000000
-10.000000 -10.000000 -10.000000 3.000000
0.755726 0.319123 0.333700 1.000000
-10.000000 -10.000000 -10.000000 1.000000
-10.000000 -10.000000 -10.000000 2.000000
0.244276 0.611017 0.336543 4.000000
0.619073 0.647038 0.339030 3.000000
0.619073 0.647038 0.339030 3.000000
-10.000000 -10.000000 -10.000000 3.000000
-10.000000 -10.000000 -10.000000 2.000000
0.382026 0.306657 0.339326 2.000000
0.240693 0.647288 0.321334 4.000000
-10.000000 -10.000000 -10.000000 3.000000
-10.000000 -10.000000 -10.000000 3.000000
-10.000000 -10.000000 -10.000000 3.000000
0.592337 0.669936 0.344879 3.000000
-10.000000 -10.000000 -10.000000 4.000000
-10.000000 -10.000000 -10.000000 1.000000
-10.000000 -10.000000 -10.000000 4.000000
-10.000000 -10.000000 -10.000000 0.000000
0.262732 0.607539 0.334473 4.000000
0.240902 0.625381 0.325255 4.000000
-10.000000 -10.000000 -10.000000 2.000000
-10.000000 -10.000000 -10.000000 1.000000
0.380087 0.290650 0.364404 2.000000
0.363846 0.297784 0.337464 2.000000
-10.000000 -10.000000 -10.000000 1.000000
0.280951 0.648550 0.341796 4.000000
0.251268 0.607225 0.335102 4.000000
0.613797 0.679884 0.350489 3.000000
0.755914 0.346957 0.344329 1.000000
0.631953 0.651935 0.348006 3.000000
0.262732 0.607539 0.334473 4.000000
0.740426 0.280879 0.344847 1.000000
-10.000000 -10.000000 -10.000000 3.000000
0.631953 0.651935 0.348006 3.000000
0.225575 0.654387 0.332035 4.000000
0.225911 0.632432 0.321436 4.000000
0.755023 0.322805 0.334022 1.000000
-10.000000 -10.000000 -10.000000 2.000000
-10.000000 -10.000000 -10.000000 3.000000
-10.000000 -10.000000 -10.000000 3.000000
0.593135 0.687838 0.333044 3.000000
-10.000000 -10.000000 -10.000000 1.000000
0.380087 0.290650 0.364404 2.000000
-10.000000 -10.000000 -10.000000 1.000000
-10.000000 -10.000000 -10.000000 2.000000
-10.000000 -10.000000 -10.000000 2.000000
0.226845 0.621885 0.332673 4.000000
0.393942 0.270259 0.345089 2.000000
0.378782 0.288779 0.338341 2.000000
0.398145 0.294971 0.337818 2.000000
-10.000000 -10.000000 -10.000000 2.000000
0.230098 0.614042 0.335680 4.000000
-10.000000 -10.000000 -10.000000 3.000000
0.251710 0.619128 0.328509 4.000000
0.642810 0.639183 0.344383 3.000000
0.604612 0.663930 0.319788 3.000000
-10.000000 -10.000000 -10.000000 3.000000
-10.000000 -10.000000 -10.000000 1.000000
-10.000000 -10.000000 -10.000000 3.000000
0.735633 0.302239 0.349095 1.000000
-10.000000 -10.000000 -10.000000 3.000000
-10.000000 -10.000000 -10.000000 3.000000
0.752806 0.340695 0.344258 1.000000
0.251448 0.601569 0.321325 4.000000
0.216749 0.612278 0.330260 4.000000
0.250922 0.634003 0.324522 4.000000
0.409709 0.277802 0.342174 2.000000
0.613797 0.679884 0.350489 3.000000
0.382759 0.308933 0.350743 2.000000
0.743696 0.342066 0.334374 1.000000
0.773904 0.344399 0.343592 1.000000
0.642203 0.643659 0.334068 3.000000
0.597318 0.688078 0.346310 3.000000
-10.000000 -10.000000 -10.000000 0.000000
-10.000000 -10.000000 -10.000000 1.000000
-10.000000 -10.000000 -10.000000 3.000000
-10.000000 -10.000000 -10.000000 4.000000
-10.000000 -10.000000 -10.000000 1.000000
0.770728 0.327971 0.345661 1.000000
-10.000000 -10.000000 -10.000000 1.000000
0.219404 0.641247 0.333837 4.000000
-10.000000 -10.000000 -10.000000 2.000000
-10.000000 -10.000000 -10.000000 1.000000
0.596572 0.672272 0.343482 3.000000
0.768477 0.298141 0.347081 1.000000
0.241548 0.637321 0.325689 4.000000
0.352873 0.347686 0.349654 2.000000
-10.000000 -10.000000 -10.000000 3.000000
0.226845 0.621885 0.332673 4.000000
0.406870 0.270683 0.333797 2.000000
0.396260 0.272992 0.341287 2.000000
-10.000000 -10.000000 -10.000000 2.000000
-10.000000 -10.000000 -10.000000 3.000000
-10.000000 -10.000000 -10.000000 1.000000
0.607490 0.645098 0.344461 3.000000
0.406120 0.275638 0.339802 2.000000
0.637749 0.647754 0.352710 3.000000
-10.000000 -10.000000 -10.000000 0.000000
-10.000000 -10.000000 -10.000000 0.000000
0.409115 0.268834 0.330785 2.000000
0.422875 0.279446 0.332044 2.000000
0.782762 0.359856 0.335642 1.000000
0.225969 0.601383 0.342464 4.000000
-10.000000 -10.000000 -10.000000 0.000000
0.216749 0.612278 0.330260 4.000000
0.735633 0.302239 0.349095 1.000000
0.752806 0.340695 0.344258 1.000000
0.230106 0.604731 0.333468 4.000000
-10.000000 -10.000000 -10.000000 1.000000
0.741324 0.303165 0.344677 1.000000
-10.000000 -10.000000 -10.000000 3.000000
0.435730 0.273318 0.325039 2.000000
0.631953 0.651935 0.348006 3.000000
0.755472 0.299609 0.359757 1.000000
0.752473 0.330552 0.346457 1.000000
-10.000000 -10.000000 -10.000000 4.000000
-10.000000 -10.000000 -10.000000 2.000000
0.394616 0.281672 0.341599 2.000000
-10.000000 -10.000000 -10.000000 1.000000
0.737957 0.331426 0.342415 1.000000
0.598307 0.670559 0.336040 3.000000
-10.000000 -10.000000 -10.000000 3.000000
0.228027 0.628358 0.323885 4.000000
0.394102 0.295958 0.354030 2.000000
0.738548 0.316658 0.358084 1.000000
0.225575 0.654387 0.332035 4.000000
0.782762 0.359856 0.335642 1.000000
0.380102 0.289560 0.341402 2.000000
0.226647 0.614904 0.330774 4.000000
0.356213 0.324506 0.336167 2.000000
-10.000000 -10.000000 -10.000000 2.000000
0.756529 0.351517 0.347263 1.000000
0.226647 0.614904 0.330774 4.000000
0.226845 0.621885 0.332673 4.000000
0.362585 0.330760 0.344151 2.000000
0.769043 0.377162 0.357004 1.000000
0.782123 0.376697 0.350970 1.000000
-10.000000 -10.000000 -10.000000 3.000000
-10.000000 -10.000000 -10.000000 1.000000
-10.000000 -10.000000 -10.000000 2.000000
-10.000000 -10.000000 -10.000000 4.000000
-10.000000 -10.000000 -10.000000 1.000000
0.225575 0.654387 0.332035 4.000000
0.409115 0.268834 0.330785 2.000000
0.230106 0.604731 0.333468 4.000000
-10.000000 -10.000000 -10.000000 0.000000
-10.000000 -10.000000 -10.000000 2.000000
-10.000000 -10.000000 -10.000000 2.000000
0.751079 0.294691 0.339228 1.000000
0.782123 0.376697 0.350970 1.000000
0.395476 0.283202 0.340999 2.000000
0.649356 0.640171 0.338767 3.000000
0.607490 0.645098 0.344461 3.000000
0.406870 0.270683 0.333797 2.000000
0.744192 0.328837 0.340892 1.000000
-10.000000 -10.000000 -10.000000 1.000000
0.406120 0.275638 0.339802 2.000000
-10.000000 -10.000000 -10.000000 3.000000
0.368449 0.309002 0.340622 2.000000
0.388342 0.300346 0.335280 2.000000
0.607490 0.645098 0.344461 3.000000
-10.000000 -10.000000 -10.000000 0.000000
-10.000000 -10.000000 -10.000000 2.000000
-10.000000 -10.000000 -10.000000 0.000000
0.752473 0.330552 0.346457 1.000000
-10.000000 -10.000000 -10.000000 1.000000
0.622747 0.669852 0.354402 3.000000
0.738548 0.316658 0.358084 1.000000
0.244302 0.646010 0.315621 4.000000
0.251448 0.601569 0.321325 4.000000
0.394516 0.270655 0.324054 2.000000
-10.000000 -10.000000 -10.000000 2.000000
0.598571 0.716747 0.335532 3.000000
0.395476 0.283202 0.340999 2.000000
0.199949 0.656928 0.313879 4.000000
-10.000000 -10.000000 -10.000000 2.000000
-10.000000 -10.000000 -10.000000 1.000000
0.755914 0.346957 0.344329 1.000000
-10.000000 -10.000000 -10.000000 2.000000
-10.000000 -10.000000 -10.000000 4.000000
0.213876 0.599584 0.334997 4.000000
-10.000000 -10.000000 -10.000000 1.000000
0.435730 0.273318 0.325039 2.000000
-10.000000 -10.000000 -10.000000 0.000000
0.612848 0.662729 0.350795 3.000000
0.230294 0.632592 0.340687 4.000000
0.784135 0.356790 0.338193 1.000000
0.405933 0.269490 0.334413 2.000000
0.242537 0.629019 0.323172 4.000000
0.250922 0.634003 0.324522 4.000000
