0.057214 0.136988 0.143526 4.000000
-10.000000 -10.000000 -10.000000 2.000000
-10.000000 -10.000000 -10.000000 0.000000
0.071158 0.182432 0.149000 4.000000
0.233499 0.063314 0.152657 1.000000
-10.000000 -10.000000 -10.000000 0.000000
0.365678 0.187000 0.157843 2.000000
0.369862 0.178296 0.152399 2.000000
-10.000000 -10.000000 -10.000000 1.000000
-10.000000 -10.000000 -10.000000 3.000000
0.207346 0.346481 0.153579 3.000000
-10.000000 -10.000000 -10.000000 1.000000
0.203994 0.340233 0.160663 3.000000
0.340567 0.192345 0.167467 2.000000
0.085723 0.193973 0.156770 4.000000
-10.000000 -10.000000 -10.000000 4.000000
0.062212 0.187005 0.149087 4.000000
-10.000000 -10.000000 -10.000000 2.000000
-10.000000 -10.000000 -10.000000 0.000000
-10.000000 -10.000000 -10.000000 4.000000
0.074220 0.185030 0.150394 4.000000
0.217720 0.060516 0.153463 1.000000
-10.000000 -10.000000 -10.000000 0.000000
0.223951 0.076071 0.159325 1.000000
0.118289 0.225416 0.146925 4.000000
-10.000000 -10.000000 -10.000000 3.000000
0.210828 0.073766 0.154825 1.000000
0.214428 0.320805 0.169490 3.000000
0.351755 0.187923 0.162159 2.000000
-10.000000 -10.000000 -10.000000 2.000000
-10.000000 -10.000000 -10.000000 2.000000
0.208530 0.055978 0.156532 1.000000
0.338872 0.196213 0.165167 2.000000
0.219796 0.331120 0.170164 3.000000
0.068936 0.155624 0.140530 4.000000
0.205842 0.075663 0.152081 1.000000
0.089515 0.192969 0.156916 4.000000
0.085672 0.193398 0.156418 4.000000
0.083673 0.177241 0.156874 4.000000
0.234474 0.331446 0.166997 3.000000
0.217310 0.071955 0.148346 1.000000
0.219472 0.065503 0.159004 1.000000
0.059856 0.190445 0.149629 4.000000
0.349599 0.177497 0.160178 2.000000
0.071708 0.181619 0.153291 4.000000
-10.000000 -10.000000 -10.000000 3.000000
0.206191 0.327593 0.163217 3.000000
-10.000000 -10.000000 -10.000000 0.000000
0.073588 0.155361 0.145649 4.000000
0.076311 0.190522 0.155996 4.000000
0.067790 0.186927 0.152694 4.000000
0.346907 0.201824 0.163009 2.000000
0.211983 0.334876 0.163795 3.000000
0.206199 0.329507 0.163614 3.000000
0.242620 0.331252 0.165251 3.000000
-10.000000 -10.000000 -10.000000 3.000000
0.352434 0.189994 0.158694 2.000000
0.087170 0.195794 0.149129 4.000000
0.204621 0.326548 0.167597 3.000000
-10.000000 -10.000000 -10.000000 0.000000
-10.000000 -10.000000 -10.000000 0.000000
0.211983 0.334876 0.163795 3.000000
0.213196 0.060888 0.154700 1.000000
0.374250 0.189336 0.153644 2.000000
-10.000000 -10.000000 -10.000000 2.000000
0.217310 0.071955 0.148346 1.000000
-10.000000 -10.000000 -10.000000 0.000000
0.232679 0.339088 0.165915 3.000000
0.353494 0.190821 0.163741 2.000000
0.211445 0.090140 0.144068 1.000000
-10.000000 -10.000000 -10.000000 2.000000
0.215998 0.344023 0.157917 3.000000
-10.000000 -10.000000 -10.000000 0.000000
-10.000000 -10.000000 -10.000000 0.000000
0.083569 0.187985 0.155495 4.000000
0.207346 0.346481 0.153579 3.000000
-10.000000 -10.000000 -10.000000 1.000000
-10.000000 -10.000000 -10.000000 4.000000
0.215252 0.048076 0.154365 1.000000
-10.000000 -10.000000 -10.000000 3.000000
0.359173 0.187550 0.162036 2.000000
0.235253 0.066723 0.159653 1.000000
-10.000000 -10.000000 -10.000000 2.000000
-10.000000 -10.000000 -10.000000 3.000000
0.076759 0.196656 0.149983 4.000000
0.214988 0.063074 0.157668 1.000000
0.259538 0.331699 0.156370 3.000000
-10.000000 -10.000000 -10.000000 4.000000
0.087170 0.195794 0.149129 4.000000
-10.000000 -10.000000 -10.000000 0.000000
0.083199 0.195340 0.151582 4.000000
0.206858 0.047115 0.149434 1.000000
-10.000000 -10.000000 -10.000000 3.000000
0.218991 0.319314 0.171588 3.000000
0.076967 0.186850 0.151761 4.000000
0.070367 0.169521 0.150426 4.000000
0.363841 0.196466 0.157162 2.000000
0.254693 0.324191 0.149845 0.000000
-10.000000 -10.000000 -10.000000 0.000000
0.202943 0.069665 0.156867 1.000000
-10.000000 -10.000000 -10.000000 1.000000
0.359173 0.187550 0.162036 2.000000
-10.000000 -10.000000 -10.000000 3.000000
0.227318 0.330933 0.168549 3.000000
0.235253 0.066723 0.159653 1.000000
-10.000000 -10.000000 -10.000000 0.000000
0.208438 0.060703 0.151744 1.000000
-10.000000 -10.000000 -10.000000 0.000000
0.210641 0.347432 0.156114 3.000000
0.070805 0.192592 0.153838 4.000000
-10.000000 -10.000000 -10.000000 1.000000
0.225817 0.323223 0.168990 3.000000
0.071708 0.181619 0.153291 4.000000
-10.000000 -10.000000 -10.000000 0.000000
0.363841 0.196466 0.157162 2.000000
0.209169 0.341423 0.159129 3.000000
0.235030 0.056402 0.148699 1.000000
0.348341 0.182060 0.161910 2.000000
0.369470 0.193202 0.158855 2.000000
0.219796 0.331120 0.170164 3.000000
0.058856 0.195866 0.151157 4.000000
-10.000000 -10.000000 -10.000000 3.000000
0.370917 0.176607 0.155201 2.000000
-10.000000 -10.000000 -10.000000 3.000000
-10.000000 -10.000000 -10.000000 0.000000
0.220886 0.324935 0.167801 3.000000
0.082168 0.190363 0.150150 4.000000
-10.000000 -10.000000 -10.000000 1.000000
-10.000000 -10.000000 -10.000000 2.000000
-10.000000 -10.000000 -10.000000 2.000000
0.370336 0.185845 0.157488 2.000000
-10.000000 -10.000000 -10.000000 0.000000
0.242620 0.331252 0.165251 3.000000
-10.000000 -10.000000 -10.000000 3.000000
0.218697 0.083044 0.148180 1.000000
-10.000000 -10.000000 -10.000000 3.000000
-10.000000 -10.000000 -10.000000 0.000000
-10.000000 -10.000000 -10.000000 4.000000
0.365678 0.187000 0.157843 2.000000
-10.000000 -10.000000 -10.000000 2.000000
0.209199 0.052572 0.157774 1.000000
-10.000000 -10.000000 -10.000000 2.000000
0.362662 0.168736 0.164319 2.000000
0.344282 0.187880 0.164990 2.000000
0.218567 0.061194 0.156058 1.000000
0.088015 0.192289 0.152176 4.000000
0.206191 0.327593 0.163217 3.000000
0.203399 0.048306 0.151484 1.000000
0.374595 0.185700 0.154432 2.000000
-10.000000 -10.000000 -10.000000 1.000000
-10.000000 -10.000000 -10.000000 0.000000
0.229211 0.334941 0.157647 3.000000
0.349534 0.190160 0.158439 2.000000
-10.000000 -10.000000 -10.000000 0.000000
0.227224 0.057632 0.153145 1.000000
0.261589 0.077326 0.156437 1.000000
0.063240 0.144365 0.143327 4.000000
0.228134 0.076385 0.149203 1.000000
-10.000000 -10.000000 -10.000000 0.000000
0.068161 0.157626 0.147382 4.000000
0.344282 0.187880 0.164990 2.000000
0.080053 0.164525 0.150053 4.000000
-10.000000 -10.000000 -10.000000 0.000000
0.234474 0.331446 0.166997 3.000000
0.083502 0.196140 0.150914 4.000000
0.073601 0.207809 0.153026 4.000000
-10.000000 -10.000000 -10.000000 0.000000
0.253308 0.327710 0.159383 3.000000
-10.000000 -10.000000 -10.000000 0.000000
0.086821 0.182950 0.150654 4.000000
0.086585 0.175360 0.151067 4.000000
0.208438 0.060703 0.151744 1.000000
0.074157 0.198552 0.152209 4.000000
0.217388 0.339692 0.159438 3.000000
-10.000000 -10.000000 -10.000000 2.000000
0.330450 0.203371 0.159409 2.000000
0.086821 0.182950 0.150654 4.000000
0.213072 0.050744 0.151120 1.000000
0.374250 0.189336 0.153644 2.000000
0.333964 0.180022 0.168177 2.000000
0.217310 0.071955 0.148346 1.000000
0.232679 0.339088 0.165915 3.000000
0.085723 0.193973 0.156770 4.000000
0.259538 0.331699 0.156370 3.000000
0.204657 0.316392 0.171538 3.000000
-10.000000 -10.000000 -10.000000 0.000000
0.089246 0.194237 0.153826 4.000000
0.359173 0.187550 0.162036 2.000000
0.222166 0.066129 0.156892 1.000000
0.062212 0.187005 0.149087 4.000000
0.085899 0.209037 0.154348 4.000000
0.199689 0.346090 0.156061 3.000000
-10.000000 -10.000000 -10.000000 1.000000
0.204657 0.316392 0.171538 3.000000
0.062982 0.152921 0.146899 4.000000
0.073588 0.155361 0.145649 4.000000
-10.000000 -10.000000 -10.000000 1.000000
-10.000000 -10.000000 -10.000000 4.000000
0.202943 0.069665 0.156867 1.000000
0.214341 0.323153 0.163043 3.000000
0.074220 0.185030 0.150394 4.000000
-10.000000 -10.000000 -10.000000 0.000000
0.340567 0.192345 0.167467 2.000000
0.235424 0.331646 0.170036 3.000000
0.079534 0.195231 0.149626 4.000000
0.217221 0.057553 0.152925 1.000000
0.087622 0.200933 0.156343 4.000000
-10.000000 -10.000000 -10.000000 1.000000
0.083502 0.196140 0.150914 4.000000
0.225226 0.334954 0.166908 3.000000
0.082270 0.188162 0.154381 4.000000
0.072668 0.209033 0.152057 4.000000
-10.000000 -10.000000 -10.000000 2.000000
0.360178 0.178972 0.153090 2.000000
-10.000000 -10.000000 -10.000000 1.000000
0.345359 0.195077 0.164994 2.000000
-10.000000 -10.000000 -10.000000 3.000000
-10.000000 -10.000000 -10.000000 2.000000
-10.000000 -10.000000 -10.000000 0.000000
-10.000000 -10.000000 -10.000000 0.000000
0.350186 0.180162 0.161079 2.000000
0.218991 0.319314 0.171588 3.000000
0.349534 0.190160 0.158439 2.000000
-10.000000 -10.000000 -10.000000 4.000000
0.236853 0.333221 0.167908 3.000000
-10.000000 -10.000000 -10.000000 2.000000
0.206191 0.327593 0.163217 3.000000
0.209304 0.045173 0.149462 1.000000
0.233499 0.063314 0.152657 1.000000
0.078731 0.189828 0.156346 4.000000
0.229636 0.338938 0.165049 3.000000
0.213196 0.060888 0.154700 1.000000
-10.000000 -10.000000 -10.000000 1.000000
0.214428 0.320805 0.169490 3.000000
-10.000000 -10.000000 -10.000000 1.000000
-10.000000 -10.000000 -10.000000 1.000000
0.076967 0.186850 0.151761 4.000000
0.213072 0.050744 0.151120 1.000000
-10.000000 -10.000000 -10.000000 2.000000
0.225817 0.323223 0.168990 3.000000
0.219731 0.058508 0.152157 1.000000
-10.000000 -10.000000 -10.000000 3.000000
-10.000000 -10.000000 -10.000000 4.000000
-10.000000 -10.000000 -10.000000 0.000000
-10.000000 -10.000000 -10.000000 2.000000
0.224047 0.338483 0.163629 3.000000
0.219031 0.316419 0.169329 3.000000
0.213211 0.315818 0.169286 3.000000
-10.000000 -10.000000 -10.000000 0.000000
-10.000000 -10.000000 -10.000000 1.000000
0.194407 0.064525 0.158854 1.000000
0.362662 0.168736 0.164319 2.000000
0.229211 0.334941 0.157647 3.000000
0.064574 0.159591 0.147330 4.000000
-10.000000 -10.000000 -10.000000 3.000000
-10.000000 -10.000000 -10.000000 3.000000
0.072668 0.209033 0.152057 4.000000
0.339298 0.181967 0.165950 2.000000
0.365460 0.169599 0.160770 2.000000
0.333964 0.180022 0.168177 2.000000
0.090345 0.196695 0.153125 4.000000
0.199382 0.047343 0.152963 1.000000
0.079534 0.195231 0.149626 4.000000
-10.000000 -10.000000 -10.000000 0.000000
-10.000000 -10.000000 -10.000000 0.000000
0.338872 0.196213 0.165167 2.000000
0.074087 0.157840 0.141835 4.000000
-10.000000 -10.000000 -10.000000 0.000000
-10.000000 -10.000000 -10.000000 0.000000
-10.000000 -10.000000 -10.000000 3.000000
0.084437 0.194044 0.151678 4.000000
-10.000000 -10.000000 -10.000000 1.000000
0.355331 0.192768 0.159625 2.000000
0.218589 0.068462 0.153471 1.000000
0.344532 0.195618 0.161988 2.000000
-10.000000 -10.000000 -10.000000 0.000000
-10.000000 -10.000000 -10.000000 0.000000
-10.000000 -10.000000 -10.000000 4.000000
-10.000000 -10.000000 -10.000000 0.000000
0.085238 0.186874 0.156653 4.000000
-10.000000 -10.000000 -10.000000 2.000000
-10.000000 -10.000000 -10.000000 0.000000
-10.000000 -10.000000 -10.000000 3.000000
-10.000000 -10.000000 -10.000000 0.000000
-10.000000 -10.000000 -10.000000 3.000000
-10.000000 -10.000000 -10.000000 0.000000
-10.000000 -10.000000 -10.000000 4.000000
0.213196 0.060888 0.154700 1.000000
0.340567 0.192345 0.167467 2.000000
0.082168 0.190363 0.150150 4.000000
-10.000000 -10.000000 -10.000000 0.000000
-10.000000 -10.000000 -10.000000 3.000000
-10.000000 -10.000000 -10.000000 1.000000
0.248040 0.075700 0.151425 1.000000
0.207346 0.346481 0.153579 3.000000
0.221608 0.320095 0.172323 3.000000
0.359007 0.175001 0.155629 2.000000
-10.000000 -10.000000 -10.000000 4.000000
0.359007 0.175001 0.155629 2.000000
0.072665 0.193523 0.150436 4.000000
-10.000000 -10.000000 -10.000000 0.000000
-10.000000 -10.000000 -10.000000 0.000000
0.330450 0.203371 0.159409 2.000000
0.070209 0.200031 0.153146 4.000000
0.071708 0.181619 0.153291 4.000000
-10.000000 -10.000000 -10.000000 3.000000
0.206669 0.075896 0.151842 1.000000
0.213211 0.315818 0.169286 3.000000
0.225226 0.334954 0.166908 3.000000
-10.000000 -10.000000 -10.000000 0.000000
0.204562 0.048096 0.152656 1.000000
-10.000000 -10.000000 -10.000000 2.000000
-10.000000 -10.000000 -10.000000 2.000000
0.089385 0.191141 0.157712 4.000000
0.076967 0.186850 0.151761 4.000000
0.215520 0.347289 0.157801 3.000000
0.365460 0.169599 0.160770 2.000000
0.076967 0.186850 0.151761 4.000000
0.353540 0.172993 0.164809 2.000000
-10.000000 -10.000000 -10.000000 0.000000
-10.000000 -10.000000 -10.000000 0.000000
-10.000000 -10.000000 -10.000000 0.000000
-10.000000 -10.000000 -10.000000 3.000000
-10.000000 -10.000000 -10.000000 4.000000
-10.000000 -10.000000 -10.000000 0.000000
0.209646 0.058157 0.157509 1.000000
0.080723 0.186590 0.150871 4.000000
-10.000000 -10.000000 -10.000000 0.000000
-10.000000 -10.000000 -10.000000 3.000000
0.232098 0.338532 0.166157 3.000000
-10.000000 -10.000000 -10.000000 0.000000
-10.000000 -10.000000 -10.000000 1.000000
0.340172 0.187800 0.164918 2.000000
0.213196 0.060888 0.154700 1.000000
0.339298 0.181967 0.165950 2.000000
0.079534 0.195231 0.149626 4.000000
-10.000000 -10.000000 -10.000000 4.000000
0.223720 0.063088 0.150862 1.000000
-10.000000 -10.000000 -10.000000 0.000000
0.220755 0.077359 0.149033 1.000000
0.360661 0.193809 0.160185 2.000000
0.250109 0.075033 0.153114 1.000000
0.340567 0.192345 0.167467 2.000000
-10.000000 -10.000000 -10.000000 2.000000
-10.000000 -10.000000 -10.000000 2.000000
-10.000000 -10.000000 -10.000000 0.000000
0.361038 0.167461 0.161471 2.000000
0.344532 0.195618 0.161988 2.000000
0.118289 0.225416 0.146925 4.000000
0.207460 0.062594 0.155355 1.000000
0.222166 0.066129 0.156892 1.000000
-10.000000 -10.000000 -10.000000 2.000000
-10.000000 -10.000000 -10.000000 1.000000
-10.000000 -10.000000 -10.000000 0.000000
0.376784 0.182683 0.154824 2.000000
0.373456 0.183484 0.151577 2.000000
0.213287 0.336585 0.159764 3.000000
0.241600 0.073515 0.153877 1.000000
0.350186 0.180162 0.161079 2.000000
-10.000000 -10.000000 -10.000000 0.000000
0.221608 0.320095 0.172323 3.000000
-10.000000 -10.000000 -10.000000 1.000000
-10.000000 -10.000000 -10.000000 1.000000
0.330450 0.203371 0.159409 2.000000
0.215517 0.061284 0.156734 1.000000
0.229636 0.338938 0.165049 3.000000
-10.000000 -10.000000 -10.000000 1.000000
0.083502 0.196140 0.150914 4.000000
-10.000000 -10.000000 -10.000000 3.000000
-10.000000 -10.000000 -10.000000 1.000000
-10.000000 -10.000000 -10.000000 3.000000
-10.000000 -10.000000 -10.000000 3.000000
0.221969 0.057265 0.152727 1.000000
-10.000000 -10.000000 -10.000000 0.000000
-10.000000 -10.000000 -10.000000 0.000000
0.057214 0.136988 0.143526 4.000000
0.076967 0.186850 0.151761 4.000000
0.090345 0.196695 0.153125 4.000000
0.242556 0.312577 0.164306 3.000000
0.209810 0.341305 0.158566 3.000000
0.360636 0.192810 0.156700 2.000000
0.359936 0.182920 0.160095 2.000000
0.235030 0.056402 0.148699 1.000000
0.080053 0.164525 0.150053 4.000000
0.250305 0.331969 0.133093 0.000000
-10.000000 -10.000000 -10.000000 2.000000
0.361226 0.170538 0.160013 2.000000
0.203399 0.048306 0.151484 1.000000
-10.000000 -10.000000 -10.000000 2.000000
-10.000000 -10.000000 -10.000000 2.000000
0.086821 0.182950 0.150654 4.000000
0.074349 0.201316 0.151801 4.000000
0.221877 0.332940 0.166726 3.000000
0.352789 0.172724 0.162165 2.000000
0.211274 0.053514 0.155129 1.000000
0.225817 0.323223 0.168990 3.000000
0.104195 0.189319 0.147530 4.000000
-10.000000 -10.000000 -10.000000 3.000000
-10.000000 -10.000000 -10.000000 3.000000
-10.000000 -10.000000 -10.000000 1.000000
-10.000000 -10.000000 -10.000000 2.000000
0.223213 0.061435 0.151862 1.000000
-10.000000 -10.000000 -10.000000 1.000000
0.084437 0.194044 0.151678 4.000000
0.223213 0.061435 0.151862 1.000000
-10.000000 -10.000000 -10.000000 1.000000
0.205255 0.060803 0.156539 1.000000
-10.000000 -10.000000 -10.000000 0.000000
0.223720 0.063088 0.150862 1.000000
-10.000000 -10.000000 -10.000000 3.000000
-10.000000 -10.000000 -10.000000 2.000000
-10.000000 -10.000000 -10.000000 3.000000
0.356110 0.184098 0.163702 2.000000
0.208904 0.076719 0.151226 1.000000
0.218991 0.319314 0.171588 3.000000
0.065280 0.175750 0.152039 4.000000
-10.000000 -10.000000 -10.000000 0.000000
-10.000000 -10.000000 -10.000000 1.000000
0.076538 0.204039 0.151241 4.000000
-10.000000 -10.000000 -10.000000 2.000000
-10.000000 -10.000000 -10.000000 2.000000
-10.000000 -10.000000 -10.000000 3.000000
-10.000000 -10.000000 -10.000000 0.000000
0.204562 0.048096 0.152656 1.000000
0.069246 0.177897 0.151180 4.000000
0.068161 0.157626 0.147382 4.000000
-10.000000 -10.000000 -10.000000 0.000000
-10.000000 -10.000000 -10.000000 0.000000
0.206669 0.075896 0.151842 1.000000
0.362163 0.189026 0.157087 2.000000
-10.000000 -10.000000 -10.000000 2.000000
0.071808 0.179726 0.151648 4.000000
-10.000000 -10.000000 -10.000000 4.000000
-10.000000 -10.000000 -10.000000 0.000000
-10.000000 -10.000000 -10.000000 3.000000
0.083659 0.194039 0.155257 4.000000
0.359007 0.175001 0.155629 2.000000
0.226966 0.058131 0.149030 1.000000
0.080723 0.186590 0.150871 4.000000
0.359007 0.175001 0.155629 2.000000
-10.000000 -10.000000 -10.000000 0.000000
-10.000000 -10.000000 -10.000000 4.000000
-10.000000 -10.000000 -10.000000 3.000000
0.245182 0.329464 0.173746 3.000000
-10.000000 -10.000000 -10.000000 0.000000
0.248399 0.334969 0.165820 3.000000
0.063068 0.155664 0.141195 4.000000
0.217972 0.334005 0.163531 3.000000
-10.000000 -10.000000 -10.000000 1.000000
0.217852 0.320739 0.168138 3.000000
0.219472 0.065503 0.159004 1.000000
-10.000000 -10.000000 -10.000000 1.000000
0.203399 0.048306 0.151484 1.000000
0.072708 0.182555 0.155507 4.000000
0.229636 0.338938 0.165049 3.000000
0.081850 0.195111 0.157927 4.000000
0.355650 0.173985 0.164356 2.000000
0.350186 0.180162 0.161079 2.000000
0.076696 0.195315 0.151811 4.000000
0.204657 0.316392 0.171538 3.000000
-10.000000 -10.000000 -10.000000 3.000000
-10.000000 -10.000000 -10.000000 0.000000
0.355244 0.186351 0.163123 2.000000
-10.000000 -10.000000 -10.000000 0.000000
0.085238 0.186874 0.156653 4.000000
-10.000000 -10.000000 -10.000000 0.000000
-10.000000 -10.000000 -10.000000 3.000000
-10.000000 -10.000000 -10.000000 3.000000
0.338547 0.200343 0.164472 2.000000
0.374595 0.185700 0.154432 2.000000
0.084437 0.194044 0.151678 4.000000
-10.000000 -10.000000 -10.000000 2.000000
0.217852 0.320739 0.168138 3.000000
0.219801 0.315656 0.170633 3.000000
0.206669 0.075896 0.151842 1.000000
-10.000000 -10.000000 -10.000000 2.000000
-10.000000 -10.000000 -10.000000 2.000000
-10.000000 -10.000000 -10.000000 4.000000
0.358411 0.188109 0.160271 2.000000
0.083673 0.177241 0.156874 4.000000
0.212461 0.069322 0.156993 1.000000
0.071874 0.165456 0.145646 4.000000
-10.000000 -10.000000 -10.000000 2.000000
-10.000000 -10.000000 -10.000000 3.000000
-10.000000 -10.000000 -10.000000 2.000000
0.204562 0.048096 0.152656 1.000000
-10.000000 -10.000000 -10.000000 3.000000
-10.000000 -10.000000 -10.000000 0.000000
0.077188 0.190195 0.156610 4.000000
-10.000000 -10.000000 -10.000000 1.000000
-10.000000 -10.000000 -10.000000 0.000000
0.081850 0.195111 0.157927 4.000000
-10.000000 -10.000000 -10.000000 1.000000
-10.000000 -10.000000 -10.000000 0.000000
-10.000000 -10.000000 -10.000000 3.000000
0.076967 0.186850 0.151761 4.000000
-10.000000 -10.000000 -10.000000 1.000000
-10.000000 -10.000000 -10.000000 0.000000
0.348341 0.182060 0.161910 2.000000
0.373429 0.188221 0.145886 2.000000
0.221298 0.058355 0.150960 1.000000
-10.000000 -10.000000 -10.000000 4.000000
0.070734 0.185083 0.151984 4.000000
-10.000000 -10.000000 -10.000000 0.000000
0.217972 0.334005 0.163531 3.000000
-10.000000 -10.000000 -10.000000 2.000000
0.203730 0.043995 0.152485 1.000000
-10.000000 -10.000000 -10.000000 2.000000
-10.000000 -10.000000 -10.000000 2.000000
0.087240 0.195863 0.152523 4.000000
0.359007 0.175001 0.155629 2.000000
0.210374 0.341237 0.156527 3.000000
-10.000000 -10.000000 -10.000000 0.000000
0.214428 0.320805 0.169490 3.000000
0.083298 0.196448 0.152480 4.000000
-10.000000 -10.000000 -10.000000 4.000000
0.224783 0.058567 0.146660 1.000000
0.199689 0.346090 0.156061 3.000000
0.225014 0.072384 0.163925 1.000000
-10.000000 -10.000000 -10.000000 2.000000
0.083298 0.196448 0.152480 4.000000
-10.000000 -10.000000 -10.000000 2.000000
0.350046 0.204908 0.160023 2.000000
0.338872 0.196213 0.165167 2.000000
-10.000000 -10.000000 -10.000000 0.000000
0.063240 0.144365 0.143327 4.000000
-10.000000 -10.000000 -10.000000 2.000000
0.238388 0.345528 0.163928 3.000000
0.087622 0.200933 0.156343 4.000000
0.203730 0.043995 0.152485 1.000000
0.074087 0.157840 0.141835 4.000000
0.221608 0.320095 0.172323 3.000000
0.220802 0.067157 0.157552 1.000000
-10.000000 -10.000000 -10.000000 3.000000
0.355133 0.182834 0.160213 2.000000
-10.000000 -10.000000 -10.000000 0.000000
0.204863 0.060490 0.155995 1.000000
-10.000000 -10.000000 -10.000000 0.000000
0.357761 0.185977 0.159551 2.000000
0.234474 0.331446 0.166997 3.000000
-10.000000 -10.000000 -10.000000 2.000000
-10.000000 -10.000000 -10.000000 4.000000
-10.000000 -10.000000 -10.000000 0.000000
0.086295 0.199518 0.153406 4.000000
-10.000000 -10.000000 -10.000000 0.000000
-10.000000 -10.000000 -10.000000 0.000000
0.072665 0.193523 0.150436 4.000000
0.360178 0.178972 0.153090 2.000000
0.208156 0.342200 0.156674 3.000000
0.073734 0.190102 0.149680 4.000000
0.349599 0.177497 0.160178 2.000000
0.080580 0.194815 0.155439 4.000000
-10.000000 -10.000000 -10.000000 4.000000
0.217852 0.320739 0.168138 3.000000
0.333964 0.180022 0.168177 2.000000
-10.000000 -10.000000 -10.000000 2.000000
0.369470 0.193202 0.158855 2.000000
-10.000000 -10.000000 -10.000000 2.000000
-10.000000 -10.000000 -10.000000 0.000000
0.362662 0.168736 0.164319 2.000000
0.208942 0.346905 0.158497 3.000000
0.213287 0.336585 0.159764 3.000000
-10.000000 -10.000000 -10.000000 4.000000
0.072668 0.209033 0.152057 4.000000
0.220294 0.058427 0.152311 1.000000
0.086821 0.182950 0.150654 4.000000
-10.000000 -10.000000 -10.000000 3.000000
0.355244 0.186351 0.163123 2.000000
0.200394 0.060136 0.154905 1.000000
-10.000000 -10.000000 -10.000000 3.000000
-10.000000 -10.000000 -10.000000 0.000000
0.250109 0.075033 0.153114 1.000000
0.353540 0.172993 0.164809 2.000000
-10.000000 -10.000000 -10.000000 0.000000
0.358505 0.187043 0.161923 2.000000
0.083807 0.186003 0.152684 4.000000
0.242620 0.331252 0.165251 3.000000
-10.000000 -10.000000 -10.000000 0.000000
0.070367 0.169521 0.150426 4.000000
-10.000000 -10.000000 -10.000000 0.000000
0.333964 0.180022 0.168177 2.000000
0.068936 0.155624 0.140530 4.000000
0.224783 0.058567 0.146660 1.000000
0.361038 0.167461 0.161471 2.000000
0.220802 0.067157 0.157552 1.000000
0.076854 0.191317 0.157461 4.000000
-10.000000 -10.000000 -10.000000 2.000000
0.246992 0.315860 0.148134 0.000000
-10.000000 -10.000000 -10.000000 0.000000
0.344532 0.195618 0.161988 2.000000
-10.000000 -10.000000 -10.000000 3.000000
0.057214 0.136988 0.143526 4.000000
-10.000000 -10.000000 -10.000000 0.000000
0.218567 0.061194 0.156058 1.000000
0.352434 0.189994 0.158694 2.000000
0.073697 0.183615 0.150973 4.000000
0.072296 0.194487 0.152935 4.000000
0.074943 0.186991 0.153019 4.000000
0.230013 0.334273 0.166763 3.000000
-10.000000 -10.000000 -10.000000 4.000000
-10.000000 -10.000000 -10.000000 2.000000
0.073588 0.155361 0.145649 4.000000
-10.000000 -10.000000 -10.000000 2.000000
0.203399 0.048306 0.151484 1.000000
0.066912 0.199017 0.155613 4.000000
0.076725 0.191058 0.158750 4.000000
0.209169 0.341423 0.159129 3.000000
0.194407 0.064525 0.158854 1.000000
0.206191 0.327593 0.163217 3.000000
0.215998 0.344023 0.157917 3.000000
-10.000000 -10.000000 -10.000000 0.000000
0.085672 0.193398 0.156418 4.000000
0.221509 0.070013 0.148046 1.000000
0.353091 0.191874 0.158684 2.000000
0.229636 0.338938 0.165049 3.000000
-10.000000 -10.000000 -10.000000 2.000000
0.365049 0.182117 0.159890 2.000000
0.199620 0.060263 0.157716 1.000000
0.088223 0.189636 0.150001 4.000000
0.208637 0.042684 0.149675 1.000000
0.058856 0.195866 0.151157 4.000000
0.242620 0.331252 0.165251 3.000000
-10.000000 -10.000000 -10.000000 2.000000
0.070367 0.169521 0.150426 4.000000
-10.000000 -10.000000 -10.000000 2.000000
0.087240 0.195863 0.152523 4.000000
0.075043 0.193344 0.148993 4.000000
0.209150 0.321206 0.164401 3.000000
-10.000000 -10.000000 -10.000000 2.000000
-10.000000 -10.000000 -10.000000 1.000000
0.221877 0.332940 0.166726 3.000000
-10.000000 -10.000000 -10.000000 2.000000
-10.000000 -10.000000 -10.000000 3.000000
0.075043 0.193344 0.148993 4.000000
0.254693 0.324191 0.149845 0.000000
-10.000000 -10.000000 -10.000000 2.000000
0.224999 0.063592 0.154093 1.000000
0.073697 0.183615 0.150973 4.000000
0.206199 0.329507 0.163614 3.000000
-10.000000 -10.000000 -10.000000 1.000000
0.215252 0.048076 0.154365 1.000000
-10.000000 -10.000000 -10.000000 0.000000
0.080723 0.186590 0.150871 4.000000
0.232098 0.338532 0.166157 3.000000
0.211983 0.334876 0.163795 3.000000
-10.000000 -10.000000 -10.000000 4.000000
-10.000000 -10.000000 -10.000000 3.000000
-10.000000 -10.000000 -10.000000 0.000000
0.335728 0.183099 0.167303 2.000000
-10.000000 -10.000000 -10.000000 4.000000
-10.000000 -10.000000 -10.000000 3.000000
0.213211 0.315818 0.169286 3.000000
-10.000000 -10.000000 -10.000000 0.000000
0.223951 0.076071 0.159325 1.000000
0.357753 0.196258 0.162595 2.000000
0.220294 0.058427 0.152311 1.000000
-10.000000 -10.000000 -10.000000 2.000000
0.214196 0.065325 0.156155 1.000000
0.210641 0.347432 0.156114 3.000000
0.200394 0.060136 0.154905 1.000000
0.340567 0.192345 0.167467 2.000000
0.086295 0.199518 0.153406 4.000000
-10.000000 -10.000000 -10.000000 2.000000
-10.000000 -10.000000 -10.000000 0.000000
0.083298 0.196448 0.152480 4.000000
0.201189 0.348909 0.154036 3.000000
0.360178 0.178972 0.153090 2.000000
0.070367 0.169521 0.150426 4.000000
0.243075 0.258676 0.121598 0.000000
-10.000000 -10.000000 -10.000000 4.000000
-10.000000 -10.000000 -10.000000 0.000000
-10.000000 -10.000000 -10.000000 0.000000
-10.000000 -10.000000 -10.000000 2.000000
-10.000000 -10.000000 -10.000000 1.000000
0.071158 0.182432 0.149000 4.000000
0.217388 0.339692 0.159438 3.000000
-10.000000 -10.000000 -10.000000 4.000000
0.072785 0.186877 0.151888 4.000000
0.362662 0.168736 0.164319 2.000000
-10.000000 -10.000000 -10.000000 0.000000
-10.000000 -10.000000 -10.000000 3.000000
0.232679 0.339088 0.165915 3.000000
0.221509 0.070013 0.148046 1.000000
0.352578 0.179493 0.162526 2.000000
0.219472 0.065503 0.159004 1.000000
-10.000000 -10.000000 -10.000000 2.000000
0.193363 0.058303 0.158498 1.000000
-10.000000 -10.000000 -10.000000 2.000000
-10.000000 -10.000000 -10.000000 0.000000
0.213196 0.060888 0.154700 1.000000
0.214879 0.069071 0.150873 1.000000
0.350186 0.180162 0.161079 2.000000
0.070939 0.149597 0.141160 4.000000
0.214984 0.054205 0.154938 1.000000
-10.000000 -10.000000 -10.000000 2.000000
0.194407 0.064525 0.158854 1.000000
0.352789 0.172724 0.162165 2.000000
-10.000000 -10.000000 -10.000000 1.000000
-10.000000 -10.000000 -10.000000 0.000000
-10.000000 -10.000000 -10.000000 0.000000
0.250109 0.075033 0.153114 1.000000
0.225014 0.072384 0.163925 1.000000
0.353540 0.172993 0.164809 2.000000
0.206191 0.327593 0.163217 3.000000
0.217852 0.320739 0.168138 3.000000
-10.000000 -10.000000 -10.000000 4.000000
0.233499 0.063314 0.152657 1.000000
0.370917 0.176607 0.155201 2.000000
0.228134 0.076385 0.149203 1.000000
-10.000000 -10.000000 -10.000000 0.000000
0.070939 0.149597 0.141160 4.000000
-10.000000 -10.000000 -10.000000 0.000000
-10.000000 -10.000000 -10.000000 3.000000
-10.000000 -10.000000 -10.000000 4.000000
0.350046 0.204908 0.160023 2.000000
-10.000000 -10.000000 -10.000000 2.000000
0.224783 0.058567 0.146660 1.000000
0.373456 0.183484 0.151577 2.000000
-10.000000 -10.000000 -10.000000 0.000000
0.229211 0.334941 0.157647 3.000000
-10.000000 -10.000000 -10.000000 0.000000
0.250305 0.331969 0.133093 0.000000
0.082168 0.190363 0.150150 4.000000
0.219472 0.065503 0.159004 1.000000
-10.000000 -10.000000 -10.000000 0.000000
-10.000000 -10.000000 -10.000000 0.000000
-10.000000 -10.000000 -10.000000 0.000000
0.203730 0.043995 0.152485 1.000000
0.072665 0.193523 0.150436 4.000000
0.204621 0.326548 0.167597 3.000000
-10.000000 -10.000000 -10.000000 0.000000
0.221298 0.058355 0.150960 1.000000
0.082168 0.190363 0.150150 4.000000
-10.000000 -10.000000 -10.000000 0.000000
-10.000000 -10.000000 -10.000000 0.000000
-10.000000 -10.000000 -10.000000 1.000000
0.209834 0.329263 0.162926 3.000000
0.362163 0.189026 0.157087 2.000000
-10.000000 -10.000000 -10.000000 2.000000
0.213196 0.060888 0.154700 1.000000
-10.000000 -10.000000 -10.000000 0.000000
0.204562 0.048096 0.152656 1.000000
0.210641 0.347432 0.156114 3.000000
0.076759 0.196656 0.149983 4.000000
0.356628 0.176909 0.163798 2.000000
0.214196 0.065325 0.156155 1.000000
0.229636 0.338938 0.165049 3.000000
-10.000000 -10.000000 -10.000000 0.000000
-10.000000 -10.000000 -10.000000 2.000000
0.230480 0.067954 0.156623 1.000000
0.211445 0.090140 0.144068 1.000000
-10.000000 -10.000000 -10.000000 0.000000
0.081178 0.186698 0.151775 4.000000
0.217440 0.320594 0.167758 3.000000
-10.000000 -10.000000 -10.000000 1.000000
0.224783 0.058567 0.146660 1.000000
-10.000000 -10.000000 -10.000000 2.000000
0.079636 0.208858 0.156629 4.000000
0.209646 0.058157 0.157509 1.000000
0.200622 0.336912 0.161998 3.000000
0.219031 0.316419 0.169329 3.000000
0.076725 0.191058 0.158750 4.000000
0.085922 0.189164 0.154553 4.000000
-10.000000 -10.000000 -10.000000 0.000000
0.072296 0.194487 0.152935 4.000000
0.214988 0.063074 0.157668 1.000000
0.071874 0.165456 0.145646 4.000000
-10.000000 -10.000000 -10.000000 3.000000
-10.000000 -10.000000 -10.000000 4.000000
0.083502 0.196140 0.150914 4.000000
-10.000000 -10.000000 -10.000000 0.000000
0.349170 0.184780 0.164070 2.000000
0.224999 0.063592 0.154093 1.000000
0.200804 0.043563 0.151682 1.000000
0.217720 0.060516 0.153463 1.000000
-10.000000 -10.000000 -10.000000 1.000000
0.350046 0.204908 0.160023 2.000000
0.058856 0.195866 0.151157 4.000000
-10.000000 -10.000000 -10.000000 0.000000
0.206669 0.075896 0.151842 1.000000
-10.000000 -10.000000 -10.000000 0.000000
-10.000000 -10.000000 -10.000000 2.000000
0.197080 0.344088 0.154971 3.000000
0.348935 0.168335 0.169214 2.000000
0.355133 0.182834 0.160213 2.000000
-10.000000 -10.000000 -10.000000 4.000000
0.083019 0.178939 0.156848 4.000000
0.203730 0.043995 0.152485 1.000000
-10.000000 -10.000000 -10.000000 4.000000
0.356509 0.193381 0.160029 2.000000
-10.000000 -10.000000 -10.000000 2.000000
0.220802 0.067157 0.157552 1.000000
0.076854 0.191317 0.157461 4.000000
-10.000000 -10.000000 -10.000000 1.000000
-10.000000 -10.000000 -10.000000 3.000000
-10.000000 -10.000000 -10.000000 1.000000
0.348935 0.168335 0.169214 2.000000
-10.000000 -10.000000 -10.000000 1.000000
0.224047 0.338483 0.163629 3.000000
0.354880 0.189713 0.155437 2.000000
0.241600 0.073515 0.153877 1.000000
-10.000000 -10.000000 -10.000000 2.000000
0.214196 0.065325 0.156155 1.000000
0.359007 0.175001 0.155629 2.000000
-10.000000 -10.000000 -10.000000 4.000000
0.211445 0.090140 0.144068 1.000000
-10.000000 -10.000000 -10.000000 3.000000
0.079534 0.195231 0.149626 4.000000
0.208942 0.346905 0.158497 3.000000
0.360661 0.193809 0.160185 2.000000
0.069246 0.177897 0.151180 4.000000
-10.000000 -10.000000 -10.000000 0.000000
0.214341 0.323153 0.163043 3.000000
0.217972 0.334005 0.163531 3.000000
-10.000000 -10.000000 -10.000000 0.000000
-10.000000 -10.000000 -10.000000 0.000000
-10.000000 -10.000000 -10.000000 0.000000
0.352789 0.172724 0.162165 2.000000
-10.000000 -10.000000 -10.000000 0.000000
-10.000000 -10.000000 -10.000000 0.000000
-10.000000 -10.000000 -10.000000 0.000000
0.203994 0.340233 0.160663 3.000000
0.210091 0.351745 0.155265 3.000000
0.224999 0.063592 0.154093 1.000000
-10.000000 -10.000000 -10.000000 0.000000
0.365049 0.182117 0.159890 2.000000
0.211594 0.316579 0.169248 3.000000
0.065280 0.175750 0.152039 4.000000
0.221509 0.070013 0.148046 1.000000
-10.000000 -10.000000 -10.000000 4.000000
-10.000000 -10.000000 -10.000000 0.000000
-10.000000 -10.000000 -10.000000 4.000000
0.203994 0.340233 0.160663 3.000000
0.072708 0.182555 0.155507 4.000000
-10.000000 -10.000000 -10.000000 2.000000
0.214879 0.069071 0.150873 1.000000
0.359173 0.187550 0.162036 2.000000
-10.000000 -10.000000 -10.000000 0.000000
0.219796 0.331120 0.170164 3.000000
0.340172 0.187800 0.164918 2.000000
-10.000000 -10.000000 -10.000000 3.000000
0.345359 0.195077 0.164994 2.000000
0.065280 0.175750 0.152039 4.000000
-10.000000 -10.000000 -10.000000 0.000000
0.356628 0.176909 0.163798 2.000000
0.215101 0.057735 0.153384 1.000000
0.356110 0.184098 0.163702 2.000000
0.352771 0.171528 0.162287 2.000000
-10.000000 -10.000000 -10.000000 2.000000
0.073697 0.183615 0.150973 4.000000
0.243075 0.258676 0.121598 0.000000
0.246992 0.315860 0.148134 0.000000
0.360661 0.193809 0.160185 2.000000
0.074220 0.185030 0.150394 4.000000
-10.000000 -10.000000 -10.000000 2.000000
-10.000000 -10.000000 -10.000000 0.000000
0.360178 0.178972 0.153090 2.000000
0.072296 0.194487 0.152935 4.000000
0.215520 0.347289 0.157801 3.000000
0.355244 0.186351 0.163123 2.000000
-10.000000 -10.000000 -10.000000 3.000000
-10.000000 -10.000000 -10.000000 0.000000
0.072708 0.182555 0.155507 4.000000
0.362662 0.168736 0.164319 2.000000
0.059856 0.190445 0.149629 4.000000
0.077188 0.190195 0.156610 4.000000
0.219801 0.315656 0.170633 3.000000
-10.000000 -10.000000 -10.000000 3.000000
-10.000000 -10.000000 -10.000000 0.000000
0.355133 0.182834 0.160213 2.000000
-10.000000 -10.000000 -10.000000 2.000000
0.250305 0.331969 0.133093 0.000000
0.073734 0.190102 0.149680 4.000000
0.213196 0.060888 0.154700 1.000000
0.211352 0.331801 0.163111 3.000000
-10.000000 -10.000000 -10.000000 3.000000
0.080030 0.210350 0.154342 4.000000
-10.000000 -10.000000 -10.000000 0.000000
0.206191 0.327593 0.163217 3.000000
0.352789 0.172724 0.162165 2.000000
0.070805 0.192592 0.153838 4.000000
-10.000000 -10.000000 -10.000000 4.000000
0.205768 0.330719 0.163099 3.000000
0.083199 0.195340 0.151582 4.000000
-10.000000 -10.000000 -10.000000 4.000000
-10.000000 -10.000000 -10.000000 4.000000
0.254273 0.333577 0.144177 0.000000
-10.000000 -10.000000 -10.000000 3.000000
0.070644 0.194436 0.150548 4.000000
0.349170 0.184780 0.164070 2.000000
0.215520 0.347289 0.157801 3.000000
0.224999 0.063592 0.154093 1.000000
-10.000000 -10.000000 -10.000000 0.000000
-10.000000 -10.000000 -10.000000 0.000000
-10.000000 -10.000000 -10.000000 2.000000
-10.000000 -10.000000 -10.000000 1.000000
0.349170 0.184780 0.164070 2.000000
-10.000000 -10.000000 -10.000000 4.000000
0.224047 0.338483 0.163629 3.000000
0.242556 0.312577 0.164306 3.000000
0.350046 0.204908 0.160023 2.000000
0.373429 0.188221 0.145886 2.000000
0.072293 0.174495 0.150672 4.000000
0.356893 0.189086 0.157380 2.000000
0.203994 0.340233 0.160663 3.000000
0.089385 0.191141 0.157712 4.000000
0.225226 0.334954 0.166908 3.000000
-10.000000 -10.000000 -10.000000 0.000000
-10.000000 -10.000000 -10.000000 1.000000
-10.000000 -10.000000 -10.000000 2.000000
-10.000000 -10.000000 -10.000000 3.000000
-10.000000 -10.000000 -10.000000 0.000000
0.229211 0.334941 0.157647 3.000000
0.076967 0.186850 0.151761 4.000000
-10.000000 -10.000000 -10.000000 3.000000
0.221509 0.070013 0.148046 1.000000
0.072842 0.183501 0.155852 4.000000
0.227224 0.057632 0.153145 1.000000
0.087170 0.195794 0.149129 4.000000
0.359173 0.187550 0.162036 2.000000
0.221509 0.070013 0.148046 1.000000
-10.000000 -10.000000 -10.000000 0.000000
0.208907 0.073821 0.153576 1.000000
-10.000000 -10.000000 -10.000000 2.000000
0.084726 0.198566 0.155764 4.000000
-10.000000 -10.000000 -10.000000 0.000000
0.222166 0.066129 0.156892 1.000000
0.218991 0.319314 0.171588 3.000000
-10.000000 -10.000000 -10.000000 4.000000
0.074220 0.185030 0.150394 4.000000
0.088015 0.192289 0.152176 4.000000
0.199620 0.060263 0.157716 1.000000
-10.000000 -10.000000 -10.000000 3.000000
0.350082 0.167179 0.161873 2.000000
0.351755 0.187923 0.162159 2.000000
0.219088 0.073564 0.148900 1.000000
0.210828 0.073766 0.154825 1.000000
-10.000000 -10.000000 -10.000000 4.000000
0.087240 0.195863 0.152523 4.000000
-10.000000 -10.000000 -10.000000 2.000000
0.238388 0.345528 0.163928 3.000000
0.215273 0.077261 0.150704 1.000000
0.215967 0.345662 0.159565 3.000000
-10.000000 -10.000000 -10.000000 2.000000
0.087240 0.195863 0.152523 4.000000
0.217440 0.320594 0.167758 3.000000
0.083659 0.194039 0.155257 4.000000
-10.000000 -10.000000 -10.000000 2.000000
-10.000000 -10.000000 -10.000000 1.000000
-10.000000 -10.000000 -10.000000 0.000000
-10.000000 -10.000000 -10.000000 2.000000
0.344532 0.195618 0.161988 2.000000
0.072296 0.194487 0.152935 4.000000
-10.000000 -10.000000 -10.000000 3.000000
0.062982 0.152921 0.146899 4.000000
0.254273 0.333577 0.144177 0.000000
0.357430 0.163142 0.166867 2.000000
0.217221 0.057553 0.152925 1.000000
0.247750 0.323940 0.162109 3.000000
-10.000000 -10.000000 -10.000000 3.000000
0.197080 0.344088 0.154971 3.000000
-10.000000 -10.000000 -10.000000 2.000000
0.088223 0.189636 0.150001 4.000000
-10.000000 -10.000000 -10.000000 0.000000
0.213287 0.336585 0.159764 3.000000
0.085922 0.189164 0.154553 4.000000
-10.000000 -10.000000 -10.000000 3.000000
0.204863 0.060490 0.155995 1.000000
0.079610 0.200674 0.152014 4.000000
0.209199 0.052572 0.157774 1.000000
-10.000000 -10.000000 -10.000000 2.000000
0.199620 0.060263 0.157716 1.000000
-10.000000 -10.000000 -10.000000 3.000000
-10.000000 -10.000000 -10.000000 3.000000
-10.000000 -10.000000 -10.000000 0.000000
-10.000000 -10.000000 -10.000000 3.000000
0.074943 0.186991 0.153019 4.000000
-10.000000 -10.000000 -10.000000 2.000000
0.208530 0.055978 0.156532 1.000000
0.076725 0.191058 0.158750 4.000000
0.261589 0.077326 0.156437 1.000000
-10.000000 -10.000000 -10.000000 2.000000
0.205768 0.330719 0.163099 3.000000
0.071874 0.165456 0.145646 4.000000
-10.000000 -10.000000 -10.000000 1.000000
-10.000000 -10.000000 -10.000000 3.000000
0.064574 0.159591 0.147330 4.000000
0.250109 0.075033 0.153114 1.000000
0.345863 0.189108 0.160361 2.000000
0.222437 0.072341 0.151079 1.000000
0.209304 0.045173 0.149462 1.000000
0.209204 0.075335 0.154341 1.000000
0.086295 0.199518 0.153406 4.000000
0.215425 0.071038 0.150607 1.000000
0.083502 0.196140 0.150914 4.000000
0.225014 0.072384 0.163925 1.000000
0.364912 0.183749 0.160854 2.000000
-10.000000 -10.000000 -10.000000 2.000000
0.217852 0.320739 0.168138 3.000000
0.199620 0.060263 0.157716 1.000000
0.204621 0.326548 0.167597 3.000000
-10.000000 -10.000000 -10.000000 3.000000
0.338547 0.200343 0.164472 2.000000
-10.000000 -10.000000 -10.000000 0.000000
-10.000000 -10.000000 -10.000000 1.000000
-10.000000 -10.000000 -10.000000 0.000000
0.262319 0.332905 0.157124 3.000000
0.208156 0.342200 0.156674 3.000000
0.229211 0.334941 0.157647 3.000000
0.090230 0.194382 0.155379 4.000000
0.217440 0.320594 0.167758 3.000000
0.223951 0.076071 0.159325 1.000000
-10.000000 -10.000000 -10.000000 0.000000
-10.000000 -10.000000 -10.000000 1.000000
0.230480 0.067954 0.156623 1.000000
-10.000000 -10.000000 -10.000000 1.000000
0.205255 0.060803 0.156539 1.000000
0.364912 0.183749 0.160854 2.000000
0.209810 0.341305 0.158566 3.000000
0.220755 0.077359 0.149033 1.000000
0.068936 0.155624 0.140530 4.000000
-10.000000 -10.000000 -10.000000 2.000000
0.193363 0.058303 0.158498 1.000000
-10.000000 -10.000000 -10.000000 0.000000
-10.000000 -10.000000 -10.000000 0.000000
0.080053 0.164525 0.150053 4.000000
-10.000000 -10.000000 -10.000000 0.000000
-10.000000 -10.000000 -10.000000 2.000000
-10.000000 -10.000000 -10.000000 0.000000
-10.000000 -10.000000 -10.000000 2.000000
-10.000000 -10.000000 -10.000000 0.000000
-10.000000 -10.000000 -10.000000 3.000000
-10.000000 -10.000000 -10.000000 0.000000
0.214879 0.069071 0.150873 1.000000
0.354732 0.181124 0.165885 2.000000
0.355133 0.182834 0.160213 2.000000
0.071874 0.165456 0.145646 4.000000
0.361038 0.167461 0.161471 2.000000
0.210828 0.073766 0.154825 1.000000
0.081402 0.171099 0.154847 4.000000
-10.000000 -10.000000 -10.000000 3.000000
-10.000000 -10.000000 -10.000000 4.000000
0.338547 0.200343 0.164472 2.000000
0.227607 0.321136 0.168503 3.000000
-10.000000 -10.000000 -10.000000 2.000000
0.081152 0.185729 0.150705 4.000000
-10.000000 -10.000000 -10.000000 4.000000
0.357761 0.185977 0.159551 2.000000
0.059856 0.190445 0.149629 4.000000
-10.000000 -10.000000 -10.000000 0.000000
0.208637 0.042684 0.149675 1.000000
0.202602 0.318006 0.173617 3.000000
0.090230 0.194382 0.155379 4.000000
-10.000000 -10.000000 -10.000000 0.000000
-10.000000 -10.000000 -10.000000 2.000000
0.208156 0.342200 0.156674 3.000000
0.345359 0.195077 0.164994 2.000000
0.215967 0.345662 0.159565 3.000000
0.208156 0.342200 0.156674 3.000000
0.349534 0.190160 0.158439 2.000000
-10.000000 -10.000000 -10.000000 2.000000
0.208904 0.076719 0.151226 1.000000
0.209204 0.075335 0.154341 1.000000
-10.000000 -10.000000 -10.000000 1.000000
0.333964 0.180022 0.168177 2.000000
-10.000000 -10.000000 -10.000000 0.000000
-10.000000 -10.000000 -10.000000 2.000000
0.350082 0.167179 0.161873 2.000000
-10.000000 -10.000000 -10.000000 0.000000
-10.000000 -10.000000 -10.000000 3.000000
-10.000000 -10.000000 -10.000000 1.000000
0.072293 0.174495 0.150672 4.000000
0.212461 0.069322 0.156993 1.000000
0.076696 0.195315 0.151811 4.000000
0.209169 0.341423 0.159129 3.000000
-10.000000 -10.000000 -10.000000 0.000000
0.349599 0.177497 0.160178 2.000000
-10.000000 -10.000000 -10.000000 2.000000
0.221608 0.320095 0.172323 3.000000
-10.000000 -10.000000 -10.000000 2.000000
0.201189 0.348909 0.154036 3.000000
0.355244 0.186351 0.163123 2.000000
0.072665 0.193523 0.150436 4.000000
0.346907 0.201824 0.163009 2.000000
0.364912 0.183749 0.160854 2.000000
0.218697 0.083044 0.148180 1.000000
0.215273 0.077261 0.150704 1.000000
0.342633 0.188743 0.165953 2.000000
-10.000000 -10.000000 -10.000000 1.000000
0.365049 0.182117 0.159890 2.000000
0.338872 0.196213 0.165167 2.000000
-10.000000 -10.000000 -10.000000 3.000000
-10.000000 -10.000000 -10.000000 2.000000
-10.000000 -10.000000 -10.000000 1.000000
-10.000000 -10.000000 -10.000000 0.000000
0.088223 0.189636 0.150001 4.000000
-10.000000 -10.000000 -10.000000 1.000000
0.222437 0.072341 0.151079 1.000000
-10.000000 -10.000000 -10.000000 2.000000
0.356509 0.193381 0.160029 2.000000
0.088015 0.192289 0.152176 4.000000
-10.000000 -10.000000 -10.000000 0.000000
-10.000000 -10.000000 -10.000000 1.000000
-10.000000 -10.000000 -10.000000 3.000000
0.209834 0.329263 0.162926 3.000000
0.365678 0.187000 0.157843 2.000000
0.235424 0.331646 0.170036 3.000000
-10.000000 -10.000000 -10.000000 2.000000
0.373429 0.188221 0.145886 2.000000
-10.000000 -10.000000 -10.000000 3.000000
0.086821 0.182950 0.150654 4.000000
0.086295 0.199518 0.153406 4.000000
-10.000000 -10.000000 -10.000000 3.000000
0.224999 0.063592 0.154093 1.000000
0.081850 0.195111 0.157927 4.000000
0.227318 0.330933 0.168549 3.000000
-10.000000 -10.000000 -10.000000 1.000000
0.084726 0.198566 0.155764 4.000000
-10.000000 -10.000000 -10.000000 2.000000
-10.000000 -10.000000 -10.000000 3.000000
0.080030 0.210350 0.154342 4.000000
-10.000000 -10.000000 -10.000000 2.000000
0.194407 0.064525 0.158854 1.000000
-10.000000 -10.000000 -10.000000 0.000000
0.085672 0.193398 0.156418 4.000000
0.215967 0.345662 0.159565 3.000000
0.374250 0.189336 0.153644 2.000000
0.223213 0.061435 0.151862 1.000000
-10.000000 -10.000000 -10.000000 0.000000
-10.000000 -10.000000 -10.000000 4.000000
-10.000000 -10.000000 -10.000000 2.000000
0.074087 0.157840 0.141835 4.000000
-10.000000 -10.000000 -10.000000 0.000000
0.075316 0.187108 0.159807 4.000000
-10.000000 -10.000000 -10.000000 1.000000
0.196817 0.064157 0.154157 1.000000
0.081402 0.171099 0.154847 4.000000
0.254273 0.333577 0.144177 0.000000
0.342633 0.188743 0.165953 2.000000
-10.000000 -10.000000 -10.000000 1.000000
0.076538 0.204039 0.151241 4.000000
0.077188 0.190195 0.156610 4.000000
0.236853 0.333221 0.167908 3.000000
-10.000000 -10.000000 -10.000000 0.000000
-10.000000 -10.000000 -10.000000 3.000000
0.355650 0.173985 0.164356 2.000000
-10.000000 -10.000000 -10.000000 3.000000
-10.000000 -10.000000 -10.000000 3.000000
0.205255 0.060803 0.156539 1.000000
-10.000000 -10.000000 -10.000000 0.000000
0.338547 0.200343 0.164472 2.000000
-10.000000 -10.000000 -10.000000 2.000000
0.261589 0.077326 0.156437 1.000000
0.072708 0.182555 0.155507 4.000000
0.351389 0.191841 0.158178 2.000000
0.084726 0.198566 0.155764 4.000000
0.085723 0.193973 0.156770 4.000000
0.200681 0.068781 0.153590 1.000000
0.333964 0.180022 0.168177 2.000000
0.340172 0.187800 0.164918 2.000000
0.085672 0.193398 0.156418 4.000000
0.242556 0.312577 0.164306 3.000000
0.088223 0.189636 0.150001 4.000000
-10.000000 -10.000000 -10.000000 2.000000
-10.000000 -10.000000 -10.000000 1.000000
0.199620 0.060263 0.157716 1.000000
-10.000000 -10.000000 -10.000000 3.000000
0.261589 0.077326 0.156437 1.000000
0.207460 0.062594 0.155355 1.000000
-10.000000 -10.000000 -10.000000 0.000000
0.072842 0.183501 0.155852 4.000000
0.217852 0.320739 0.168138 3.000000
0.215425 0.071038 0.150607 1.000000
0.089515 0.192969 0.156916 4.000000
0.211352 0.331801 0.163111 3.000000
0.352771 0.171528 0.162287 2.000000
0.081225 0.185329 0.154761 4.000000
0.202602 0.318006 0.173617 3.000000
0.204621 0.326548 0.167597 3.000000
0.221509 0.070013 0.148046 1.000000
0.355133 0.182834 0.160213 2.000000
0.242556 0.312577 0.164306 3.000000
0.059856 0.190445 0.149629 4.000000
0.211861 0.067101 0.154593 1.000000
-10.000000 -10.000000 -10.000000 3.000000
0.370917 0.176607 0.155201 2.000000
-10.000000 -10.000000 -10.000000 0.000000
-10.000000 -10.000000 -10.000000 2.000000
-10.000000 -10.000000 -10.000000 0.000000
-10.000000 -10.000000 -10.000000 2.000000
-10.000000 -10.000000 -10.000000 0.000000
0.076725 0.191058 0.158750 4.000000
0.198536 0.063675 0.159031 1.000000
-10.000000 -10.000000 -10.000000 0.000000
-10.000000 -10.000000 -10.000000 3.000000
-10.000000 -10.000000 -10.000000 0.000000
-10.000000 -10.000000 -10.000000 3.000000
0.215998 0.344023 0.157917 3.000000
0.211861 0.067101 0.154593 1.000000
-10.000000 -10.000000 -10.000000 0.000000
0.374250 0.189336 0.153644 2.000000
0.224047 0.338483 0.163629 3.000000
-10.000000 -10.000000 -10.000000 0.000000
0.219801 0.315656 0.170633 3.000000
0.072708 0.182555 0.155507 4.000000
-10.000000 -10.000000 -10.000000 0.000000
0.215967 0.345662 0.159565 3.000000
0.365049 0.182117 0.159890 2.000000
0.074032 0.191305 0.150887 4.000000
0.228134 0.076385 0.149203 1.000000
0.080053 0.164525 0.150053 4.000000
0.090230 0.194382 0.155379 4.000000
0.220886 0.324935 0.167801 3.000000
0.246992 0.315860 0.148134 0.000000
-10.000000 -10.000000 -10.000000 0.000000
-10.000000 -10.000000 -10.000000 0.000000
0.194407 0.064525 0.158854 1.000000
0.074157 0.198552 0.152209 4.000000
0.365049 0.182117 0.159890 2.000000
0.072293 0.174495 0.150672 4.000000
0.080053 0.164525 0.150053 4.000000
-10.000000 -10.000000 -10.000000 2.000000
-10.000000 -10.000000 -10.000000 3.000000
0.071874 0.165456 0.145646 4.000000
-10.000000 -10.000000 -10.000000 3.000000
0.242620 0.331252 0.165251 3.000000
0.075043 0.193344 0.148993 4.000000
0.211445 0.090140 0.144068 1.000000
0.356110 0.184098 0.163702 2.000000
-10.000000 -10.000000 -10.000000 2.000000
-10.000000 -10.000000 -10.000000 3.000000
0.222437 0.072341 0.151079 1.000000
0.071808 0.179726 0.151648 4.000000
-10.000000 -10.000000 -10.000000 4.000000
0.365678 0.187000 0.157843 2.000000
0.203817 0.325365 0.169424 3.000000
0.374250 0.189336 0.153644 2.000000
-10.000000 -10.000000 -10.000000 3.000000
0.369862 0.178296 0.152399 2.000000
0.232679 0.339088 0.165915 3.000000
0.087622 0.200933 0.156343 4.000000
-10.000000 -10.000000 -10.000000 0.000000
-10.000000 -10.000000 -10.000000 0.000000
-10.000000 -10.000000 -10.000000 0.000000
-10.000000 -10.000000 -10.000000 0.000000
0.365460 0.169599 0.160770 2.000000
-10.000000 -10.000000 -10.000000 4.000000
-10.000000 -10.000000 -10.000000 2.000000
0.245182 0.329464 0.173746 3.000000
0.221509 0.070013 0.148046 1.000000
-10.000000 -10.000000 -10.000000 3.000000
-10.000000 -10.000000 -10.000000 0.000000
-10.000000 -10.000000 -10.000000 3.000000
0.351755 0.187923 0.162159 2.000000
0.362163 0.189026 0.157087 2.000000
0.202401 0.066890 0.156326 1.000000
-10.000000 -10.000000 -10.000000 2.000000
0.063068 0.155664 0.141195 4.000000
0.082270 0.188162 0.154381 4.000000
0.213072 0.050744 0.151120 1.000000
0.082270 0.188162 0.154381 4.000000
-10.000000 -10.000000 -10.000000 0.000000
-10.000000 -10.000000 -10.000000 1.000000
0.085922 0.189164 0.154553 4.000000
0.202401 0.066890 0.156326 1.000000
-10.000000 -10.000000 -10.000000 0.000000
0.067540 0.178029 0.153316 4.000000
0.353540 0.172993 0.164809 2.000000
0.210641 0.347432 0.156114 3.000000
0.358505 0.187043 0.161923 2.000000
0.351973 0.179168 0.163857 2.000000
0.208552 0.349408 0.156605 3.000000
-10.000000 -10.000000 -10.000000 0.000000
-10.000000 -10.000000 -10.000000 0.000000
0.209150 0.321206 0.164401 3.000000
-10.000000 -10.000000 -10.000000 3.000000
0.084726 0.198566 0.155764 4.000000
0.220294 0.058427 0.152311 1.000000
0.205255 0.060803 0.156539 1.000000
0.359007 0.175001 0.155629 2.000000
-10.000000 -10.000000 -10.000000 4.000000
0.229211 0.334941 0.157647 3.000000
-10.000000 -10.000000 -10.000000 0.000000
0.204562 0.048096 0.152656 1.000000
-10.000000 -10.000000 -10.000000 1.000000
-10.000000 -10.000000 -10.000000 0.000000
0.074157 0.198552 0.152209 4.000000
0.340172 0.187800 0.164918 2.000000
0.118289 0.225416 0.146925 4.000000
-10.000000 -10.000000 -10.000000 0.000000
-10.000000 -10.000000 -10.000000 2.000000
0.208904 0.076719 0.151226 1.000000
0.219031 0.316419 0.169329 3.000000
0.212461 0.069322 0.156993 1.000000
0.219731 0.058508 0.152157 1.000000
0.062982 0.152921 0.146899 4.000000
0.208942 0.346905 0.158497 3.000000
0.104195 0.189319 0.147530 4.000000
0.355331 0.192768 0.159625 2.000000
-10.000000 -10.000000 -10.000000 0.000000
0.211274 0.053514 0.155129 1.000000
0.355650 0.173985 0.164356 2.000000
0.215252 0.048076 0.154365 1.000000
-10.000000 -10.000000 -10.000000 0.000000
0.211861 0.067101 0.154593 1.000000
-10.000000 -10.000000 -10.000000 2.000000
-10.000000 -10.000000 -10.000000 2.000000
-10.000000 -10.000000 -10.000000 0.000000
-10.000000 -10.000000 -10.000000 0.000000
0.362662 0.168736 0.164319 2.000000
0.362662 0.168736 0.164319 2.000000
0.081178 0.186698 0.151775 4.000000
0.076759 0.196656 0.149983 4.000000
-10.000000 -10.000000 -10.000000 3.000000
0.073679 0.202071 0.147014 4.000000
0.203817 0.325365 0.169424 3.000000
-10.000000 -10.000000 -10.000000 2.000000
-10.000000 -10.000000 -10.000000 3.000000
-10.000000 -10.000000 -10.000000 3.000000
-10.000000 -10.000000 -10.000000 2.000000
0.206191 0.327593 0.163217 3.000000
0.214988 0.063074 0.157668 1.000000
0.057214 0.136988 0.143526 4.000000
0.215273 0.077261 0.150704 1.000000
0.214341 0.323153 0.163043 3.000000
0.076759 0.196656 0.149983 4.000000
0.209834 0.329263 0.162926 3.000000
0.073588 0.155361 0.145649 4.000000
-10.000000 -10.000000 -10.000000 1.000000
0.080030 0.210350 0.154342 4.000000
-10.000000 -10.000000 -10.000000 0.000000
0.064574 0.159591 0.147330 4.000000
0.075043 0.193344 0.148993 4.000000
0.070367 0.169521 0.150426 4.000000
0.104195 0.189319 0.147530 4.000000
-10.000000 -10.000000 -10.000000 0.000000
-10.000000 -10.000000 -10.000000 2.000000
0.071874 0.165456 0.145646 4.000000
0.206191 0.327593 0.163217 3.000000
-10.000000 -10.000000 -10.000000 3.000000
0.360178 0.178972 0.153090 2.000000
-10.000000 -10.000000 -10.000000 3.000000
-10.000000 -10.000000 -10.000000 0.000000
-10.000000 -10.000000 -10.000000 0.000000
0.206191 0.327593 0.163217 3.000000
-10.000000 -10.000000 -10.000000 0.000000
-10.000000 -10.000000 -10.000000 0.000000
-10.000000 -10.000000 -10.000000 3.000000
-10.000000 -10.000000 -10.000000 1.000000
0.068161 0.157626 0.147382 4.000000
-10.000000 -10.000000 -10.000000 3.000000
-10.000000 -10.000000 -10.000000 3.000000
-10.000000 -10.000000 -10.000000 3.000000
0.216429 0.327734 0.168133 3.000000
0.198536 0.063675 0.159031 1.000000
0.209169 0.341423 0.159129 3.000000
0.245182 0.329464 0.173746 3.000000
0.078731 0.189828 0.156346 4.000000
0.062982 0.152921 0.146899 4.000000
0.058856 0.195866 0.151157 4.000000
-10.000000 -10.000000 -10.000000 3.000000
0.211594 0.316579 0.169248 3.000000
-10.000000 -10.000000 -10.000000 1.000000
-10.000000 -10.000000 -10.000000 3.000000
0.078535 0.177696 0.156632 4.000000
-10.000000 -10.000000 -10.000000 3.000000
0.236853 0.333221 0.167908 3.000000
0.201189 0.348909 0.154036 3.000000
-10.000000 -10.000000 -10.000000 0.000000
0.221298 0.058355 0.150960 1.000000
0.363841 0.196466 0.157162 2.000000
-10.000000 -10.000000 -10.000000 3.000000
0.211445 0.090140 0.144068 1.000000
-10.000000 -10.000000 -10.000000 2.000000
0.204550 0.354980 0.149118 3.000000
0.081850 0.195111 0.157927 4.000000
-10.000000 -10.000000 -10.000000 1.000000
-10.000000 -10.000000 -10.000000 2.000000
0.062212 0.187005 0.149087 4.000000
0.067790 0.186927 0.152694 4.000000
-10.000000 -10.000000 -10.000000 0.000000
0.349170 0.184780 0.164070 2.000000
0.235424 0.331646 0.170036 3.000000
-10.000000 -10.000000 -10.000000 3.000000
-10.000000 -10.000000 -10.000000 2.000000
-10.000000 -10.000000 -10.000000 2.000000
0.081178 0.186698 0.151775 4.000000
0.217310 0.071955 0.148346 1.000000
-10.000000 -10.000000 -10.000000 0.000000
0.083807 0.186003 0.152684 4.000000
-10.000000 -10.000000 -10.000000 3.000000
0.210091 0.351745 0.155265 3.000000
0.217720 0.060516 0.153463 1.000000
0.204562 0.048096 0.152656 1.000000
0.369470 0.193202 0.158855 2.000000
-10.000000 -10.000000 -10.000000 3.000000
0.211274 0.053514 0.155129 1.000000
0.090345 0.196695 0.153125 4.000000
0.076854 0.191317 0.157461 4.000000
0.206669 0.075896 0.151842 1.000000
0.220886 0.324935 0.167801 3.000000
0.085922 0.189164 0.154553 4.000000
0.369862 0.178296 0.152399 2.000000
-10.000000 -10.000000 -10.000000 4.000000
0.080053 0.164525 0.150053 4.000000
0.376784 0.182683 0.154824 2.000000
0.073679 0.202071 0.147014 4.000000
0.210828 0.073766 0.154825 1.000000
-10.000000 -10.000000 -10.000000 0.000000
-10.000000 -10.000000 -10.000000 3.000000
0.254273 0.333577 0.144177 0.000000
-10.000000 -10.000000 -10.000000 4.000000
0.374250 0.189336 0.153644 2.000000
0.079548 0.183256 0.153936 4.000000
-10.000000 -10.000000 -10.000000 2.000000
0.118289 0.225416 0.146925 4.000000
0.210091 0.351745 0.155265 3.000000
0.071874 0.165456 0.145646 4.000000
0.229211 0.334941 0.157647 3.000000
0.081402 0.171099 0.154847 4.000000
0.220802 0.067157 0.157552 1.000000
0.058856 0.195866 0.151157 4.000000
0.214428 0.320805 0.169490 3.000000
-10.000000 -10.000000 -10.000000 0.000000
0.219801 0.315656 0.170633 3.000000
-10.000000 -10.000000 -10.000000 0.000000
0.219731 0.058508 0.152157 1.000000
-10.000000 -10.000000 -10.000000 0.000000
-10.000000 -10.000000 -10.000000 0.000000
0.219796 0.331120 0.170164 3.000000
0.087622 0.200933 0.156343 4.000000
0.083298 0.196448 0.152480 4.000000
0.259538 0.331699 0.156370 3.000000
-10.000000 -10.000000 -10.000000 0.000000
0.076311 0.190522 0.155996 4.000000
-10.000000 -10.000000 -10.000000 2.000000
-10.000000 -10.000000 -10.000000 0.000000
-10.000000 -10.000000 -10.000000 0.000000
-10.000000 -10.000000 -10.000000 0.000000
0.208552 0.349408 0.156605 3.000000
0.070734 0.185083 0.151984 4.000000
-10.000000 -10.000000 -10.000000 0.000000
0.216429 0.327734 0.168133 3.000000
0.227607 0.321136 0.168503 3.000000
-10.000000 -10.000000 -10.000000 0.000000
-10.000000 -10.000000 -10.000000 2.000000
-10.000000 -10.000000 -10.000000 0.000000
-10.000000 -10.000000 -10.000000 4.000000
-10.000000 -10.000000 -10.000000 2.000000
-10.000000 -10.000000 -10.000000 4.000000
0.370917 0.176607 0.155201 2.000000
0.081178 0.186698 0.151775 4.000000
-10.000000 -10.000000 -10.000000 2.000000
0.376784 0.182683 0.154824 2.000000
-10.000000 -10.000000 -10.000000 0.000000
0.361090 0.198844 0.154989 2.000000
0.353494 0.190821 0.163741 2.000000
0.355244 0.186351 0.163123 2.000000
0.081152 0.185729 0.150705 4.000000
0.219088 0.073564 0.148900 1.000000
0.203730 0.043995 0.152485 1.000000
0.221608 0.320095 0.172323 3.000000
0.213492 0.338076 0.162621 3.000000
0.209199 0.052572 0.157774 1.000000
-10.000000 -10.000000 -10.000000 3.000000
-10.000000 -10.000000 -10.000000 0.000000
0.072842 0.183501 0.155852 4.000000
0.221877 0.332940 0.166726 3.000000
0.090230 0.194382 0.155379 4.000000
0.350082 0.167179 0.161873 2.000000
0.088015 0.192289 0.152176 4.000000
0.223267 0.061894 0.153850 1.000000
0.086295 0.199518 0.153406 4.000000
-10.000000 -10.000000 -10.000000 2.000000
0.217388 0.339692 0.159438 3.000000
0.211352 0.331801 0.163111 3.000000
0.076759 0.196656 0.149983 4.000000
0.197080 0.344088 0.154971 3.000000
0.345359 0.195077 0.164994 2.000000
-10.000000 -10.000000 -10.000000 0.000000
-10.000000 -10.000000 -10.000000 3.000000
-10.000000 -10.000000 -10.000000 1.000000
-10.000000 -10.000000 -10.000000 3.000000
-10.000000 -10.000000 -10.000000 3.000000
-10.000000 -10.000000 -10.000000 3.000000
-10.000000 -10.000000 -10.000000 0.000000
0.340172 0.187800 0.164918 2.000000
0.196817 0.064157 0.154157 1.000000
0.217205 0.066613 0.151118 1.000000
0.206858 0.047115 0.149434 1.000000
-10.000000 -10.000000 -10.000000 2.000000
0.204863 0.060490 0.155995 1.000000
0.081225 0.185329 0.154761 4.000000
0.087240 0.195863 0.152523 4.000000
-10.000000 -10.000000 -10.000000 0.000000
0.218567 0.061194 0.156058 1.000000
0.254273 0.333577 0.144177 0.000000
-10.000000 -10.000000 -10.000000 2.000000
0.376784 0.182683 0.154824 2.000000
-10.000000 -10.000000 -10.000000 4.000000
0.217440 0.320594 0.167758 3.000000
-10.000000 -10.000000 -10.000000 2.000000
0.346907 0.201824 0.163009 2.000000
0.213072 0.050744 0.151120 1.000000
0.211445 0.090140 0.144068 1.000000
0.083298 0.196448 0.152480 4.000000
0.340172 0.187800 0.164918 2.000000
0.219031 0.316419 0.169329 3.000000
-10.000000 -10.000000 -10.000000 1.000000
0.080030 0.210350 0.154342 4.000000
0.095145 0.218639 0.147987 4.000000
-10.000000 -10.000000 -10.000000 4.000000
-10.000000 -10.000000 -10.000000 0.000000
0.342633 0.188743 0.165953 2.000000
0.365460 0.169599 0.160770 2.000000
0.087240 0.195863 0.152523 4.000000
-10.000000 -10.000000 -10.000000 1.000000
0.205255 0.060803 0.156539 1.000000
-10.000000 -10.000000 -10.000000 4.000000
0.250305 0.331969 0.133093 0.000000
0.253308 0.327710 0.159383 3.000000
-10.000000 -10.000000 -10.000000 0.000000
-10.000000 -10.000000 -10.000000 0.000000
-10.000000 -10.000000 -10.000000 2.000000
-10.000000 -10.000000 -10.000000 4.000000
0.070209 0.200031 0.153146 4.000000
0.074220 0.185030 0.150394 4.000000
0.074032 0.191305 0.150887 4.000000
0.223951 0.076071 0.159325 1.000000
-10.000000 -10.000000 -10.000000 4.000000
-10.000000 -10.000000 -10.000000 1.000000
0.232679 0.339088 0.165915 3.000000
0.370336 0.185845 0.157488 2.000000
0.223267 0.061894 0.153850 1.000000
0.374250 0.189336 0.153644 2.000000
0.200681 0.068781 0.153590 1.000000
-10.000000 -10.000000 -10.000000 3.000000
-10.000000 -10.000000 -10.000000 2.000000
-10.000000 -10.000000 -10.000000 3.000000
0.210091 0.351745 0.155265 3.000000
-10.000000 -10.000000 -10.000000 3.000000
0.197080 0.344088 0.154971 3.000000
0.213492 0.338076 0.162621 3.000000
0.235424 0.331646 0.170036 3.000000
0.206669 0.075896 0.151842 1.000000
0.254273 0.333577 0.144177 0.000000
0.217221 0.057553 0.152925 1.000000
0.205842 0.075663 0.152081 1.000000
0.086585 0.175360 0.151067 4.000000
0.217205 0.066613 0.151118 1.000000
-10.000000 -10.000000 -10.000000 1.000000
-10.000000 -10.000000 -10.000000 3.000000
-10.000000 -10.000000 -10.000000 3.000000
0.083502 0.196140 0.150914 4.000000
0.074157 0.198552 0.152209 4.000000
0.215998 0.344023 0.157917 3.000000
-10.000000 -10.000000 -10.000000 3.000000
0.354880 0.189713 0.155437 2.000000
0.211494 0.324895 0.167934 3.000000
0.208907 0.073821 0.153576 1.000000
0.259538 0.331699 0.156370 3.000000
-10.000000 -10.000000 -10.000000 3.000000
-10.000000 -10.000000 -10.000000 0.000000
0.215517 0.061284 0.156734 1.000000
-10.000000 -10.000000 -10.000000 3.000000
-10.000000 -10.000000 -10.000000 4.000000
0.216429 0.327734 0.168133 3.000000
-10.000000 -10.000000 -10.000000 3.000000
0.360178 0.178972 0.153090 2.000000
0.074087 0.157840 0.141835 4.000000
0.089385 0.191141 0.157712 4.000000
-10.000000 -10.000000 -10.000000 3.000000
-10.000000 -10.000000 -10.000000 0.000000
-10.000000 -10.000000 -10.000000 3.000000
0.248040 0.075700 0.151425 1.000000
0.223213 0.061435 0.151862 1.000000
-10.000000 -10.000000 -10.000000 2.000000
0.090345 0.196695 0.153125 4.000000
0.209204 0.075335 0.154341 1.000000
-10.000000 -10.000000 -10.000000 2.000000
0.076393 0.183471 0.152368 4.000000
-10.000000 -10.000000 -10.000000 0.000000
-10.000000 -10.000000 -10.000000 2.000000
0.226211 0.322304 0.162919 3.000000
0.352771 0.171528 0.162287 2.000000
-10.000000 -10.000000 -10.000000 1.000000
-10.000000 -10.000000 -10.000000 3.000000
-10.000000 -10.000000 -10.000000 1.000000
0.071808 0.179726 0.151648 4.000000
-10.000000 -10.000000 -10.000000 1.000000
-10.000000 -10.000000 -10.000000 3.000000
0.088015 0.192289 0.152176 4.000000
-10.000000 -10.000000 -10.000000 3.000000
0.083569 0.187985 0.155495 4.000000
0.074943 0.186991 0.153019 4.000000
0.215517 0.061284 0.156734 1.000000
0.235253 0.066723 0.159653 1.000000
0.370917 0.176607 0.155201 2.000000
0.083298 0.196448 0.152480 4.000000
0.235030 0.056402 0.148699 1.000000
0.355650 0.173985 0.164356 2.000000
0.349170 0.184780 0.164070 2.000000
-10.000000 -10.000000 -10.000000 4.000000
-10.000000 -10.000000 -10.000000 1.000000
-10.000000 -10.000000 -10.000000 0.000000
0.063240 0.144365 0.143327 4.000000
0.354880 0.189713 0.155437 2.000000
-10.000000 -10.000000 -10.000000 3.000000
0.211494 0.324895 0.167934 3.000000
0.074943 0.186991 0.153019 4.000000
0.079548 0.183256 0.153936 4.000000
-10.000000 -10.000000 -10.000000 3.000000
0.360661 0.193809 0.160185 2.000000
0.241600 0.073515 0.153877 1.000000
0.214196 0.065325 0.156155 1.000000
-10.000000 -10.000000 -10.000000 0.000000
0.233499 0.063314 0.152657 1.000000
-10.000000 -10.000000 -10.000000 0.000000
0.081402 0.171099 0.154847 4.000000
0.355244 0.186351 0.163123 2.000000
-10.000000 -10.000000 -10.000000 0.000000
0.083673 0.177241 0.156874 4.000000
0.079548 0.183256 0.153936 4.000000
-10.000000 -10.000000 -10.000000 0.000000
-10.000000 -10.000000 -10.000000 1.000000
-10.000000 -10.000000 -10.000000 0.000000
0.205842 0.075663 0.152081 1.000000
0.215520 0.347289 0.157801 3.000000
-10.000000 -10.000000 -10.000000 0.000000
-10.000000 -10.000000 -10.000000 4.000000
0.224783 0.058567 0.146660 1.000000
0.070805 0.192592 0.153838 4.000000
-10.000000 -10.000000 -10.000000 3.000000
-10.000000 -10.000000 -10.000000 0.000000
0.199689 0.346090 0.156061 3.000000
0.369862 0.178296 0.152399 2.000000
0.072842 0.183501 0.155852 4.000000
0.234474 0.331446 0.166997 3.000000
0.211983 0.334876 0.163795 3.000000
-10.000000 -10.000000 -10.000000 2.000000
-10.000000 -10.000000 -10.000000 2.000000
-10.000000 -10.000000 -10.000000 0.000000
-10.000000 -10.000000 -10.000000 2.000000
-10.000000 -10.000000 -10.000000 0.000000
0.355244 0.186351 0.163123 2.000000
0.217388 0.339692 0.159438 3.000000
0.209199 0.052572 0.157774 1.000000
-10.000000 -10.000000 -10.000000 1.000000
0.362163 0.189026 0.157087 2.000000
0.076393 0.183471 0.152368 4.000000
0.358505 0.187043 0.161923 2.000000
0.344532 0.195618 0.161988 2.000000
-10.000000 -10.000000 -10.000000 2.000000
0.085238 0.186874 0.156653 4.000000
-10.000000 -10.000000 -10.000000 2.000000
0.365433 0.188993 0.155446 2.000000
-10.000000 -10.000000 -10.000000 0.000000
0.083807 0.186003 0.152684 4.000000
0.065280 0.175750 0.152039 4.000000
-10.000000 -10.000000 -10.000000 3.000000
0.359007 0.175001 0.155629 2.000000
0.356893 0.189086 0.157380 2.000000
-10.000000 -10.000000 -10.000000 3.000000
-10.000000 -10.000000 -10.000000 3.000000
-10.000000 -10.000000 -10.000000 2.000000
0.083199 0.195340 0.151582 4.000000
-10.000000 -10.000000 -10.000000 0.000000
-10.000000 -10.000000 -10.000000 3.000000
-10.000000 -10.000000 -10.000000 0.000000
0.218589 0.068462 0.153471 1.000000
-10.000000 -10.000000 -10.000000 3.000000
0.218991 0.319314 0.171588 3.000000
-10.000000 -10.000000 -10.000000 0.000000
0.090230 0.194382 0.155379 4.000000
0.208552 0.349408 0.156605 3.000000
-10.000000 -10.000000 -10.000000 3.000000
0.350046 0.204908 0.160023 2.000000
0.089246 0.194237 0.153826 4.000000
0.254693 0.324191 0.149845 0.000000
0.357753 0.196258 0.162595 2.000000
-10.000000 -10.000000 -10.000000 2.000000
0.081402 0.171099 0.154847 4.000000
-10.000000 -10.000000 -10.000000 3.000000
0.072296 0.194487 0.152935 4.000000
-10.000000 -10.000000 -10.000000 2.000000
0.082685 0.202943 0.149470 3.000000
-10.000000 -10.000000 -10.000000 2.000000
0.242556 0.312577 0.164306 3.000000
0.350186 0.180162 0.161079 2.000000
0.253308 0.327710 0.159383 3.000000
0.219731 0.058508 0.152157 1.000000
0.340567 0.192345 0.167467 2.000000
-10.000000 -10.000000 -10.000000 0.000000
0.214988 0.063074 0.157668 1.000000
-10.000000 -10.000000 -10.000000 3.000000
0.365433 0.188993 0.155446 2.000000
0.370917 0.176607 0.155201 2.000000
0.213211 0.315818 0.169286 3.000000
-10.000000 -10.000000 -10.000000 3.000000
0.118289 0.225416 0.146925 4.000000
-10.000000 -10.000000 -10.000000 2.000000
0.207460 0.062594 0.155355 1.000000
0.214879 0.069071 0.150873 1.000000
-10.000000 -10.000000 -10.000000 3.000000
-10.000000 -10.000000 -10.000000 0.000000
-10.000000 -10.000000 -10.000000 3.000000
-10.000000 -10.000000 -10.000000 1.000000
0.218589 0.068462 0.153471 1.000000
-10.000000 -10.000000 -10.000000 2.000000
0.087240 0.195863 0.152523 4.000000
0.354732 0.181124 0.165885 2.000000
0.230480 0.067954 0.156623 1.000000
-10.000000 -10.000000 -10.000000 0.000000
-10.000000 -10.000000 -10.000000 2.000000
-10.000000 -10.000000 -10.000000 3.000000
-10.000000 -10.000000 -10.000000 2.000000
-10.000000 -10.000000 -10.000000 0.000000
-10.000000 -10.000000 -10.000000 0.000000
0.084726 0.198566 0.155764 4.000000
0.355650 0.173985 0.164356 2.000000
0.073697 0.183615 0.150973 4.000000
0.118289 0.225416 0.146925 4.000000
-10.000000 -10.000000 -10.000000 4.000000
0.217310 0.071955 0.148346 1.000000
0.345863 0.189108 0.160361 2.000000
0.095145 0.218639 0.147987 4.000000
0.080822 0.196757 0.150881 4.000000
0.062212 0.187005 0.149087 4.000000
0.233499 0.063314 0.152657 1.000000
-10.000000 -10.000000 -10.000000 3.000000
0.200394 0.060136 0.154905 1.000000
-10.000000 -10.000000 -10.000000 2.000000
0.199620 0.060263 0.157716 1.000000
0.227224 0.057632 0.153145 1.000000
0.218589 0.068462 0.153471 1.000000
0.357761 0.185977 0.159551 2.000000
-10.000000 -10.000000 -10.000000 0.000000
0.227224 0.057632 0.153145 1.000000
-10.000000 -10.000000 -10.000000 4.000000
0.352434 0.189994 0.158694 2.000000
0.243075 0.258676 0.121598 0.000000
-10.000000 -10.000000 -10.000000 2.000000
0.226211 0.322304 0.162919 3.000000
-10.000000 -10.000000 -10.000000 3.000000
0.079534 0.195231 0.149626 4.000000
-10.000000 -10.000000 -10.000000 1.000000
-10.000000 -10.000000 -10.000000 0.000000
0.063068 0.155664 0.141195 4.000000
0.254273 0.333577 0.144177 0.000000
-10.000000 -10.000000 -10.000000 3.000000
0.082270 0.188162 0.154381 4.000000
0.219796 0.331120 0.170164 3.000000
0.068161 0.157626 0.147382 4.000000
-10.000000 -10.000000 -10.000000 3.000000
-10.000000 -10.000000 -10.000000 3.000000
0.223951 0.076071 0.159325 1.000000
0.224047 0.338483 0.163629 3.000000
0.088015 0.192289 0.152176 4.000000
0.076696 0.195315 0.151811 4.000000
0.356509 0.193381 0.160029 2.000000
0.355133 0.182834 0.160213 2.000000
0.353540 0.172993 0.164809 2.000000
0.085899 0.209037 0.154348 4.000000
-10.000000 -10.000000 -10.000000 0.000000
-10.000000 -10.000000 -10.000000 4.000000
0.077188 0.190195 0.156610 4.000000
0.356893 0.189086 0.157380 2.000000
-10.000000 -10.000000 -10.000000 3.000000
-10.000000 -10.000000 -10.000000 0.000000
0.344282 0.187880 0.164990 2.000000
0.064574 0.159591 0.147330 4.000000
0.074349 0.201316 0.151801 4.000000
-10.000000 -10.000000 -10.000000 4.000000
0.215517 0.061284 0.156734 1.000000
0.211861 0.067101 0.154593 1.000000
0.353540 0.172993 0.164809 2.000000
-10.000000 -10.000000 -10.000000 3.000000
-10.000000 -10.000000 -10.000000 3.000000
0.236853 0.333221 0.167908 3.000000
0.213211 0.315818 0.169286 3.000000
-10.000000 -10.000000 -10.000000 0.000000
0.199620 0.060263 0.157716 1.000000
0.213287 0.336585 0.159764 3.000000
0.351755 0.187923 0.162159 2.000000
0.083502 0.196140 0.150914 4.000000
0.349534 0.190160 0.158439 2.000000
0.070805 0.192592 0.153838 4.000000
0.220886 0.324935 0.167801 3.000000
-10.000000 -10.000000 -10.000000 0.000000
0.210641 0.347432 0.156114 3.000000
0.069470 0.155425 0.143132 4.000000
0.348935 0.168335 0.169214 2.000000
-10.000000 -10.000000 -10.000000 4.000000
0.073679 0.202071 0.147014 4.000000
-10.000000 -10.000000 -10.000000 3.000000
-10.000000 -10.000000 -10.000000 2.000000
0.209646 0.058157 0.157509 1.000000
0.073697 0.183615 0.150973 4.000000
0.350046 0.204908 0.160023 2.000000
0.340567 0.192345 0.167467 2.000000
-10.000000 -10.000000 -10.000000 4.000000
0.350186 0.180162 0.161079 2.000000
0.063068 0.155664 0.141195 4.000000
0.369862 0.178296 0.152399 2.000000
0.203817 0.325365 0.169424 3.000000
0.073697 0.183615 0.150973 4.000000
-10.000000 -10.000000 -10.000000 4.000000
0.072668 0.209033 0.152057 4.000000
-10.000000 -10.000000 -10.000000 2.000000
0.219731 0.058508 0.152157 1.000000
0.074157 0.198552 0.152209 4.000000
0.349534 0.190160 0.158439 2.000000
0.095145 0.218639 0.147987 4.000000
0.214428 0.320805 0.169490 3.000000
0.253308 0.327710 0.159383 3.000000
0.070734 0.185083 0.151984 4.000000
0.253308 0.327710 0.159383 3.000000
0.233499 0.063314 0.152657 1.000000
-10.000000 -10.000000 -10.000000 2.000000
0.213287 0.336585 0.159764 3.000000
0.080822 0.196757 0.150881 4.000000
-10.000000 -10.000000 -10.000000 4.000000
0.229211 0.334941 0.157647 3.000000
0.206858 0.047115 0.149434 1.000000
0.197080 0.344088 0.154971 3.000000
-10.000000 -10.000000 -10.000000 3.000000
0.083569 0.187985 0.155495 4.000000
-10.000000 -10.000000 -10.000000 0.000000
0.221298 0.058355 0.150960 1.000000
0.068936 0.155624 0.140530 4.000000
0.217221 0.057553 0.152925 1.000000
-10.000000 -10.000000 -10.000000 2.000000
0.203817 0.325365 0.169424 3.000000
0.072665 0.193523 0.150436 4.000000
-10.000000 -10.000000 -10.000000 0.000000
0.243075 0.258676 0.121598 0.000000
0.208637 0.042684 0.149675 1.000000
0.357430 0.163142 0.166867 2.000000
0.230013 0.334273 0.166763 3.000000
-10.000000 -10.000000 -10.000000 4.000000
0.071708 0.181619 0.153291 4.000000
0.209150 0.321206 0.164401 3.000000
0.215101 0.057735 0.153384 1.000000
0.230013 0.334273 0.166763 3.000000
0.087240 0.195863 0.152523 4.000000
0.072668 0.209033 0.152057 4.000000
0.089246 0.194237 0.153826 4.000000
0.215517 0.061284 0.156734 1.000000
-10.000000 -10.000000 -10.000000 3.000000
-10.000000 -10.000000 -10.000000 1.000000
-10.000000 -10.000000 -10.000000 2.000000
-10.000000 -10.000000 -10.000000 0.000000
0.074087 0.157840 0.141835 4.000000
0.080053 0.164525 0.150053 4.000000
0.209834 0.329263 0.162926 3.000000
0.066912 0.199017 0.155613 4.000000
-10.000000 -10.000000 -10.000000 0.000000
0.089385 0.191141 0.157712 4.000000
0.217852 0.320739 0.168138 3.000000
-10.000000 -10.000000 -10.000000 0.000000
-10.000000 -10.000000 -10.000000 3.000000
0.225014 0.072384 0.163925 1.000000
-10.000000 -10.000000 -10.000000 3.000000
-10.000000 -10.000000 -10.000000 0.000000
-10.000000 -10.000000 -10.000000 0.000000
0.215967 0.345662 0.159565 3.000000
-10.000000 -10.000000 -10.000000 3.000000
0.232098 0.338532 0.166157 3.000000
-10.000000 -10.000000 -10.000000 0.000000
0.215517 0.061284 0.156734 1.000000
0.072842 0.183501 0.155852 4.000000
-10.000000 -10.000000 -10.000000 1.000000
-10.000000 -10.000000 -10.000000 3.000000
-10.000000 -10.000000 -10.000000 4.000000
0.073601 0.207809 0.153026 4.000000
0.213211 0.315818 0.169286 3.000000
-10.000000 -10.000000 -10.000000 0.000000
0.077188 0.190195 0.156610 4.000000
0.360178 0.178972 0.153090 2.000000
0.118289 0.225416 0.146925 4.000000
-10.000000 -10.000000 -10.000000 0.000000
-10.000000 -10.000000 -10.000000 4.000000
0.208637 0.042684 0.149675 1.000000
-10.000000 -10.000000 -10.000000 2.000000
0.073601 0.207809 0.153026 4.000000
0.373456 0.183484 0.151577 2.000000
0.214988 0.063074 0.157668 1.000000
-10.000000 -10.000000 -10.000000 1.000000
0.069246 0.177897 0.151180 4.000000
-10.000000 -10.000000 -10.000000 0.000000
-10.000000 -10.000000 -10.000000 0.000000
0.076311 0.190522 0.155996 4.000000
-10.000000 -10.000000 -10.000000 2.000000
0.083659 0.194039 0.155257 4.000000
0.081152 0.185729 0.150705 4.000000
-10.000000 -10.000000 -10.000000 3.000000
-10.000000 -10.000000 -10.000000 0.000000
0.217720 0.060516 0.153463 1.000000
-10.000000 -10.000000 -10.000000 1.000000
-10.000000 -10.000000 -10.000000 0.000000
-10.000000 -10.000000 -10.000000 3.000000
0.076759 0.196656 0.149983 4.000000
0.209646 0.058157 0.157509 1.000000
-10.000000 -10.000000 -10.000000 2.000000
0.082168 0.190363 0.150150 4.000000
0.071874 0.165456 0.145646 4.000000
0.071527 0.190771 0.152041 4.000000
0.057214 0.136988 0.143526 4.000000
0.070734 0.185083 0.151984 4.000000
0.206669 0.075896 0.151842 1.000000
-10.000000 -10.000000 -10.000000 0.000000
-10.000000 -10.000000 -10.000000 4.000000
-10.000000 -10.000000 -10.000000 2.000000
0.219796 0.331120 0.170164 3.000000
0.081850 0.195111 0.157927 4.000000
0.079610 0.200674 0.152014 4.000000
0.095145 0.218639 0.147987 4.000000
0.210641 0.347432 0.156114 3.000000
-10.000000 -10.000000 -10.000000 0.000000
0.076393 0.183471 0.152368 4.000000
0.201189 0.348909 0.154036 3.000000
-10.000000 -10.000000 -10.000000 0.000000
-10.000000 -10.000000 -10.000000 0.000000
-10.000000 -10.000000 -10.000000 1.000000
-10.000000 -10.000000 -10.000000 3.000000
0.075043 0.193344 0.148993 4.000000
-10.000000 -10.000000 -10.000000 0.000000
0.057214 0.136988 0.143526 4.000000
-10.000000 -10.000000 -10.000000 2.000000
0.350082 0.167179 0.161873 2.000000
0.075316 0.187108 0.159807 4.000000
-10.000000 -10.000000 -10.000000 1.000000
-10.000000 -10.000000 -10.000000 2.000000
0.351973 0.179168 0.163857 2.000000
0.072293 0.174495 0.150672 4.000000
0.374595 0.185700 0.154432 2.000000
0.221298 0.058355 0.150960 1.000000
-10.000000 -10.000000 -10.000000 0.000000
0.333964 0.180022 0.168177 2.000000
0.360178 0.178972 0.153090 2.000000
0.216429 0.327734 0.168133 3.000000
-10.000000 -10.000000 -10.000000 0.000000
0.339298 0.181967 0.165950 2.000000
0.095145 0.218639 0.147987 4.000000
-10.000000 -10.000000 -10.000000 2.000000
0.352771 0.171528 0.162287 2.000000
-10.000000 -10.000000 -10.000000 1.000000
-10.000000 -10.000000 -10.000000 2.000000
0.200804 0.043563 0.151682 1.000000
0.363841 0.196466 0.157162 2.000000
0.086295 0.199518 0.153406 4.000000
0.076854 0.191317 0.157461 4.000000
-10.000000 -10.000000 -10.000000 0.000000
-10.000000 -10.000000 -10.000000 3.000000
-10.000000 -10.000000 -10.000000 2.000000
-10.000000 -10.000000 -10.000000 0.000000
0.223951 0.076071 0.159325 1.000000
-10.000000 -10.000000 -10.000000 4.000000
0.227318 0.330933 0.168549 3.000000
0.079636 0.208858 0.156629 4.000000
0.351973 0.179168 0.163857 2.000000
-10.000000 -10.000000 -10.000000 2.000000
-10.000000 -10.000000 -10.000000 3.000000
0.223213 0.061435 0.151862 1.000000
0.086585 0.175360 0.151067 4.000000
-10.000000 -10.000000 -10.000000 2.000000
0.118289 0.225416 0.146925 4.000000
0.210641 0.347432 0.156114 3.000000
0.230013 0.334273 0.166763 3.000000
-10.000000 -10.000000 -10.000000 2.000000
-10.000000 -10.000000 -10.000000 0.000000
0.223720 0.063088 0.150862 1.000000
-10.000000 -10.000000 -10.000000 2.000000
-10.000000 -10.000000 -10.000000 2.000000
-10.000000 -10.000000 -10.000000 2.000000
-10.000000 -10.000000 -10.000000 2.000000
-10.000000 -10.000000 -10.000000 2.000000
-10.000000 -10.000000 -10.000000 4.000000
0.361090 0.198844 0.154989 2.000000
0.074087 0.157840 0.141835 4.000000
0.221509 0.070013 0.148046 1.000000
0.221969 0.057265 0.152727 1.000000
0.226966 0.058131 0.149030 1.000000
0.339298 0.181967 0.165950 2.000000
0.082168 0.190363 0.150150 4.000000
0.358505 0.187043 0.161923 2.000000
-10.000000 -10.000000 -10.000000 4.000000
-10.000000 -10.000000 -10.000000 0.000000
-10.000000 -10.000000 -10.000000 0.000000
0.221877 0.332940 0.166726 3.000000
-10.000000 -10.000000 -10.000000 3.000000
0.213492 0.338076 0.162621 3.000000
-10.000000 -10.000000 -10.000000 1.000000
0.218697 0.083044 0.148180 1.000000
0.085723 0.193973 0.156770 4.000000
0.198536 0.063675 0.159031 1.000000
0.083019 0.178939 0.156848 4.000000
-10.000000 -10.000000 -10.000000 2.000000
-10.000000 -10.000000 -10.000000 2.000000
-10.000000 -10.000000 -10.000000 0.000000
0.335728 0.183099 0.167303 2.000000
0.202401 0.066890 0.156326 1.000000
0.206669 0.075896 0.151842 1.000000
0.199689 0.346090 0.156061 3.000000
0.353494 0.190821 0.163741 2.000000
0.214341 0.323153 0.163043 3.000000
-10.000000 -10.000000 -10.000000 2.000000
0.104195 0.189319 0.147530 4.000000
0.211983 0.334876 0.163795 3.000000
0.361038 0.167461 0.161471 2.000000
0.083807 0.186003 0.152684 4.000000
0.225201 0.068416 0.158938 1.000000
0.073588 0.155361 0.145649 4.000000
0.215101 0.057735 0.153384 1.000000
-10.000000 -10.000000 -10.000000 4.000000
0.351389 0.191841 0.158178 2.000000
-10.000000 -10.000000 -10.000000 2.000000
0.217388 0.339692 0.159438 3.000000
-10.000000 -10.000000 -10.000000 3.000000
0.071808 0.179726 0.151648 4.000000
0.210374 0.341237 0.156527 3.000000
0.370917 0.176607 0.155201 2.000000
0.083569 0.187985 0.155495 4.000000
0.204863 0.060490 0.155995 1.000000
-10.000000 -10.000000 -10.000000 0.000000
-10.000000 -10.000000 -10.000000 1.000000
0.210374 0.341237 0.156527 3.000000
0.218567 0.061194 0.156058 1.000000
0.087170 0.195794 0.149129 4.000000
0.072293 0.174495 0.150672 4.000000
0.220755 0.077359 0.149033 1.000000
0.066912 0.199017 0.155613 4.000000
-10.000000 -10.000000 -10.000000 2.000000
-10.000000 -10.000000 -10.000000 2.000000
-10.000000 -10.000000 -10.000000 0.000000
0.078535 0.177696 0.156632 4.000000
0.081850 0.195111 0.157927 4.000000
-10.000000 -10.000000 -10.000000 4.000000
0.219796 0.331120 0.170164 3.000000
0.073588 0.155361 0.145649 4.000000
0.070644 0.194436 0.150548 4.000000
-10.000000 -10.000000 -10.000000 3.000000
0.076854 0.191317 0.157461 4.000000
0.213196 0.060888 0.154700 1.000000
0.104195 0.189319 0.147530 4.000000
-10.000000 -10.000000 -10.000000 2.000000
0.072665 0.193523 0.150436 4.000000
-10.000000 -10.000000 -10.000000 4.000000
