0.472195 0.360779 0.124889 2.000000
0.526910 0.481342 0.117533 1.000000
0.425343 0.358308 0.133976 2.000000
0.541892 0.482962 0.128948 1.000000
0.600655 0.467131 0.124643 1.000000
0.555968 0.479597 0.123487 1.000000
0.547765 0.472570 0.123364 1.000000
0.446140 0.359730 0.134404 2.000000
0.580276 0.480551 0.130336 1.000000
0.458972 0.370280 0.133429 2.000000
0.517867 0.486354 0.128515 1.000000
0.446011 0.367662 0.133221 2.000000
-10.000000 -10.000000 -10.000000 2.000000
0.526910 0.481342 0.117533 1.000000
0.501168 0.338534 0.126753 2.000000
0.574906 0.497312 0.132922 1.000000
0.506209 0.463302 0.130243 1.000000
0.513454 0.434397 0.131679 2.000000
0.462919 0.358952 0.128182 2.000000
0.460496 0.344602 0.134325 2.000000
-10.000000 -10.000000 -10.000000 2.000000
-10.000000 -10.000000 -10.000000 1.000000
0.465719 0.353240 0.125887 2.000000
0.511344 0.363179 0.136560 2.000000
0.514615 0.464927 0.125541 1.000000
0.571859 0.477640 0.131751 1.000000
0.592516 0.463123 0.136757 1.000000
0.576661 0.481914 0.130689 1.000000
0.439108 0.379771 0.122161 2.000000
0.465114 0.337002 0.129811 2.000000
-10.000000 -10.000000 -10.000000 2.000000
0.535696 0.510052 0.119038 1.000000
0.564028 0.472745 0.126247 1.000000
0.459163 0.362439 0.134884 2.000000
0.468315 0.342936 0.133321 2.000000
0.458262 0.350497 0.138018 2.000000
0.550724 0.474861 0.132602 1.000000
0.451230 0.358365 0.129407 2.000000
-10.000000 -10.000000 -10.000000 2.000000
0.465041 0.347859 0.126273 2.000000
0.437189 0.375253 0.137495 2.000000
0.463145 0.354091 0.133488 2.000000
0.497827 0.480588 0.116471 1.000000
-10.000000 -10.000000 -10.000000 2.000000
0.450429 0.377434 0.141290 2.000000
0.597389 0.461018 0.123796 1.000000
0.438130 0.355830 0.126851 2.000000
0.562902 0.482892 0.125529 1.000000
0.457094 0.350826 0.128897 2.000000
0.498741 0.475823 0.120591 1.000000
0.508088 0.473475 0.126953 1.000000
0.434355 0.385528 0.139284 2.000000
0.454614 0.354602 0.136029 2.000000
0.461126 0.360321 0.136601 2.000000
0.476590 0.376706 0.135016 2.000000
0.576817 0.479906 0.130927 1.000000
0.459469 0.352121 0.130040 2.000000
0.553305 0.489116 0.125688 1.000000
0.513521 0.477275 0.122676 1.000000
0.577465 0.484408 0.124590 1.000000
0.580091 0.488107 0.113049 1.000000
0.580091 0.488107 0.113049 1.000000
0.503546 0.340209 0.136302 2.000000
0.448157 0.349082 0.119098 2.000000
0.451966 0.361833 0.127061 2.000000
0.448820 0.382167 0.128652 2.000000
0.493683 0.379719 0.129520 2.000000
0.450746 0.345332 0.125077 2.000000
0.557793 0.476799 0.132418 1.000000
0.594621 0.479717 0.126371 1.000000
0.424675 0.375235 0.139133 2.000000
0.456610 0.362781 0.130540 2.000000
0.573244 0.484125 0.126658 1.000000
0.590996 0.467992 0.132644 1.000000
-10.000000 -10.000000 -10.000000 2.000000
0.438763 0.380591 0.130759 2.000000
0.416265 0.354789 0.135303 2.000000
0.572273 0.469042 0.122566 1.000000
0.547351 0.473493 0.127640 1.000000
0.456199 0.350785 0.136929 2.000000
0.457683 0.335925 0.127559 2.000000
0.572532 0.490087 0.126272 1.000000
-10.000000 -10.000000 -10.000000 1.000000
0.468115 0.359713 0.132940 2.000000
0.448465 0.373782 0.114953 2.000000
0.452891 0.354315 0.129274 2.000000
0.555189 0.479349 0.127563 1.000000
0.434601 0.356514 0.126775 2.000000
0.442064 0.380495 0.122952 2.000000
0.565099 0.489110 0.124270 1.000000
0.446140 0.359730 0.134404 2.000000
0.450034 0.356303 0.128063 2.000000
0.557276 0.499402 0.115358 1.000000
0.581608 0.483000 0.119486 1.000000
0.449099 0.343330 0.134129 2.000000
0.448311 0.369431 0.129612 2.000000
0.564445 0.493031 0.123249 1.000000
-10.000000 -10.000000 -10.000000 2.000000
0.574923 0.484135 0.128418 1.000000
0.453572 0.342243 0.123936 2.000000
0.492145 0.385521 0.124767 2.000000
0.593792 0.479870 0.127865 1.000000
0.451237 0.368510 0.117105 2.000000
0.526678 0.498891 0.116147 1.000000
0.508071 0.360447 0.136176 2.000000
0.521211 0.480999 0.126198 1.000000
0.591032 0.467527 0.136557 1.000000
0.576823 0.477579 0.128040 1.000000
0.460306 0.358733 0.137329 2.000000
0.455932 0.353188 0.128296 2.000000
0.455736 0.325325 0.130604 2.000000
0.441789 0.341471 0.132029 2.000000
0.461134 0.366523 0.127161 2.000000
-10.000000 -10.000000 -10.000000 2.000000
0.469249 0.354928 0.136781 2.000000
0.525581 0.481522 0.114691 1.000000
0.538518 0.491229 0.121196 1.000000
0.458296 0.352155 0.126132 2.000000
0.561944 0.487646 0.129128 1.000000
0.549402 0.487346 0.131681 1.000000
0.506209 0.463302 0.130243 1.000000
0.543994 0.471160 0.128222 1.000000
0.438607 0.384026 0.134107 2.000000
0.553551 0.487375 0.121838 1.000000
0.561443 0.488072 0.124434 1.000000
0.440354 0.378087 0.123345 2.000000
0.558966 0.477805 0.129002 1.000000
0.552667 0.474399 0.125546 1.000000
0.453572 0.342243 0.123936 2.000000
0.580529 0.479437 0.129701 1.000000
0.536105 0.482957 0.133645 1.000000
0.577465 0.484408 0.124590 1.000000
0.533815 0.496445 0.122187 1.000000
0.534895 0.472521 0.130400 1.000000
0.456733 0.364451 0.126643 2.000000
0.450738 0.353596 0.135262 2.000000
-10.000000 -10.000000 -10.000000 2.000000
0.439133 0.327519 0.133991 2.000000
0.535139 0.490546 0.117877 1.000000
0.458579 0.351541 0.138428 2.000000
0.556255 0.490217 0.121956 1.000000
0.469841 0.358136 0.133783 2.000000
0.467635 0.349830 0.117543 2.000000
0.484935 0.379730 0.130486 2.000000
0.413483 0.366674 0.132519 2.000000
0.460432 0.328054 0.129781 2.000000
-10.000000 -10.000000 -10.000000 2.000000
0.566882 0.480149 0.121516 1.000000
0.457613 0.350553 0.129828 2.000000
0.571927 0.476817 0.121075 1.000000
0.528439 0.471867 0.126424 2.000000
0.487974 0.376359 0.133012 2.000000
0.588426 0.472277 0.125839 1.000000
0.455251 0.379660 0.127455 2.000000
0.591771 0.473064 0.135981 1.000000
0.457613 0.350553 0.129828 2.000000
0.558990 0.459665 0.132556 1.000000
0.469142 0.392538 0.127034 2.000000
0.460494 0.342696 0.121365 2.000000
0.447010 0.338272 0.136367 2.000000
0.460306 0.358733 0.137329 2.000000
0.396509 0.368889 0.132838 2.000000
-10.000000 -10.000000 -10.000000 2.000000
0.408309 0.376809 0.128843 2.000000
0.555506 0.486444 0.132578 1.000000
0.580320 0.471109 0.131147 1.000000
0.564105 0.499564 0.128752 1.000000
0.458419 0.366094 0.127910 2.000000
0.573465 0.480665 0.119569 1.000000
0.439133 0.327519 0.133991 2.000000
0.513454 0.434397 0.131679 2.000000
0.557409 0.502865 0.116369 1.000000
0.460706 0.359400 0.131896 2.000000
0.448335 0.326626 0.129448 2.000000
0.536162 0.498501 0.116801 1.000000
0.499044 0.467746 0.128314 1.000000
0.424587 0.365213 0.132487 2.000000
0.566393 0.491329 0.127807 1.000000
0.461964 0.349529 0.137040 2.000000
0.441924 0.391419 0.136648 2.000000
0.507744 0.340702 0.137958 2.000000
0.578743 0.497884 0.124267 1.000000
0.518039 0.488665 0.123346 1.000000
-10.000000 -10.000000 -10.000000 1.000000
0.451404 0.366973 0.128426 2.000000
0.554985 0.484035 0.124880 1.000000
0.450701 0.353592 0.130862 2.000000
0.571553 0.473457 0.128494 1.000000
0.449682 0.353962 0.129015 2.000000
0.448295 0.369648 0.124458 2.000000
0.457638 0.367655 0.122784 2.000000
0.551968 0.476575 0.123511 1.000000
0.450800 0.363255 0.134191 2.000000
0.572948 0.467042 0.121730 1.000000
0.605688 0.450703 0.131230 1.000000
0.433659 0.388590 0.136655 2.000000
0.440440 0.369641 0.133888 2.000000
0.508980 0.365588 0.130744 2.000000
0.559515 0.481146 0.125565 1.000000
0.413769 0.346559 0.130095 2.000000
0.575451 0.469603 0.132917 1.000000
0.568462 0.471137 0.123846 1.000000
0.467888 0.355239 0.132400 2.000000
0.519767 0.466609 0.128055 1.000000
0.546184 0.485489 0.118579 1.000000
0.456373 0.348880 0.126454 2.000000
0.493181 0.358728 0.126617 2.000000
0.457476 0.366534 0.133323 2.000000
0.449203 0.382936 0.115649 2.000000
0.501168 0.338534 0.126753 2.000000
0.435496 0.344313 0.131052 2.000000
0.555717 0.482445 0.131151 1.000000
0.522749 0.493807 0.119931 1.000000
0.496150 0.466793 0.129435 1.000000
0.440440 0.369641 0.133888 2.000000
0.560681 0.491269 0.129756 1.000000
0.435961 0.373335 0.123747 2.000000
-10.000000 -10.000000 -10.000000 2.000000
0.459780 0.350975 0.139284 2.000000
0.511344 0.363179 0.136560 2.000000
0.497827 0.480588 0.116471 1.000000
0.452326 0.355848 0.138128 2.000000
0.552266 0.478483 0.114976 1.000000
0.496693 0.421183 0.136047 2.000000
0.586539 0.466466 0.130090 1.000000
0.542729 0.482277 0.128117 1.000000
0.419311 0.361513 0.136460 2.000000
0.570236 0.470966 0.136178 1.000000
0.513299 0.465189 0.132121 1.000000
0.463381 0.343134 0.132738 2.000000
0.451218 0.352286 0.138147 2.000000
-10.000000 -10.000000 -10.000000 0.000000
0.450800 0.363255 0.134191 2.000000
0.465645 0.340156 0.123802 2.000000
0.571066 0.477894 0.125471 1.000000
0.513448 0.469458 0.124585 1.000000
-10.000000 -10.000000 -10.000000 2.000000
0.577310 0.486932 0.116732 1.000000
0.559770 0.459303 0.129061 1.000000
0.577892 0.476613 0.130415 1.000000
0.569970 0.474396 0.128650 1.000000
0.605152 0.473475 0.139675 1.000000
0.466856 0.369526 0.122527 2.000000
-10.000000 -10.000000 -10.000000 0.000000
0.575276 0.487159 0.130536 1.000000
0.445835 0.350843 0.125950 2.000000
-10.000000 -10.000000 -10.000000 2.000000
0.554778 0.478483 0.124311 1.000000
0.448465 0.373782 0.114953 2.000000
0.442223 0.379150 0.132957 2.000000
0.535696 0.510052 0.119038 1.000000
0.435961 0.373335 0.123747 2.000000
0.568138 0.481519 0.121853 1.000000
0.453364 0.367454 0.132025 2.000000
0.579018 0.472407 0.127619 1.000000
0.569264 0.479728 0.131654 1.000000
0.448738 0.368755 0.134547 2.000000
0.514542 0.456376 0.133165 1.000000
0.547569 0.477963 0.122741 1.000000
0.517035 0.469333 0.131966 1.000000
0.496874 0.377009 0.133029 2.000000
0.462189 0.364478 0.134365 2.000000
0.582912 0.482562 0.116364 1.000000
0.459594 0.350070 0.139833 2.000000
0.567690 0.471786 0.130864 1.000000
0.532075 0.480774 0.129965 1.000000
0.456056 0.310371 0.132818 0.000000
-10.000000 -10.000000 -10.000000 2.000000
0.438130 0.355830 0.126851 2.000000
0.435187 0.353140 0.129616 2.000000
0.559227 0.505016 0.118158 1.000000
0.535139 0.490546 0.117877 1.000000
0.543306 0.471616 0.129050 1.000000
0.595495 0.472347 0.126158 1.000000
0.515844 0.483657 0.125434 1.000000
0.562902 0.482892 0.125529 1.000000
0.521244 0.467170 0.127333 1.000000
0.568462 0.471137 0.123846 1.000000
0.583380 0.486401 0.127377 1.000000
0.553033 0.477632 0.131149 1.000000
0.444859 0.358194 0.119447 2.000000
0.556822 0.494570 0.126683 1.000000
0.512599 0.466443 0.134130 1.000000
0.459569 0.360153 0.127784 2.000000
0.583990 0.492586 0.129831 1.000000
0.430868 0.383404 0.133606 2.000000
-10.000000 -10.000000 -10.000000 2.000000
0.566728 0.488715 0.123863 1.000000
0.580691 0.471847 0.131666 1.000000
0.460999 0.343866 0.131720 2.000000
0.453881 0.354835 0.136290 2.000000
0.554778 0.478483 0.124311 1.000000
0.577398 0.486361 0.117122 1.000000
0.583181 0.492904 0.126065 1.000000
-10.000000 -10.000000 -10.000000 0.000000
0.555717 0.482445 0.131151 1.000000
0.454480 0.349945 0.138415 2.000000
0.565327 0.485323 0.126000 1.000000
0.562670 0.463552 0.127595 1.000000
0.561443 0.488072 0.124434 1.000000
0.557825 0.474367 0.128645 1.000000
0.482763 0.363955 0.121044 2.000000
0.568914 0.475877 0.126476 1.000000
0.580710 0.454611 0.128483 1.000000
0.567853 0.475118 0.131332 1.000000
0.402265 0.377123 0.127334 2.000000
0.447847 0.366415 0.127652 2.000000
0.499910 0.473382 0.128904 1.000000
0.581427 0.484131 0.129132 1.000000
0.566932 0.473153 0.134457 1.000000
0.569423 0.492978 0.124438 1.000000
0.456720 0.340105 0.126368 2.000000
-10.000000 -10.000000 -10.000000 1.000000
0.450952 0.356461 0.131980 2.000000
-10.000000 -10.000000 -10.000000 2.000000
0.546949 0.469573 0.133471 1.000000
0.449893 0.341064 0.125480 2.000000
0.450749 0.363790 0.129888 2.000000
0.561457 0.475604 0.130659 1.000000
0.521598 0.472902 0.118047 1.000000
0.467164 0.348262 0.126693 2.000000
0.546687 0.497096 0.120885 1.000000
0.438422 0.340504 0.132993 2.000000
0.457613 0.350553 0.129828 2.000000
0.521598 0.472902 0.118047 1.000000
0.569880 0.487525 0.122476 1.000000
0.446355 0.365105 0.119768 2.000000
0.445235 0.371965 0.128281 2.000000
0.567794 0.496137 0.124235 1.000000
0.461134 0.366523 0.127161 2.000000
0.566728 0.488715 0.123863 1.000000
0.459469 0.352121 0.130040 2.000000
0.534830 0.482448 0.133990 1.000000
0.465645 0.340156 0.123802 2.000000
0.442969 0.351387 0.129824 2.000000
0.586633 0.489976 0.132116 1.000000
0.536261 0.503754 0.119693 1.000000
0.508071 0.360447 0.136176 2.000000
0.540156 0.496864 0.118448 1.000000
0.513717 0.472860 0.124572 1.000000
0.510795 0.474799 0.128428 1.000000
0.560008 0.465320 0.125069 1.000000
0.557587 0.483089 0.127264 1.000000
0.442686 0.356786 0.128325 2.000000
0.468870 0.360342 0.133265 2.000000
0.576830 0.478380 0.131632 1.000000
0.398285 0.356883 0.128907 2.000000
0.533849 0.485586 0.123170 1.000000
0.396509 0.368889 0.132838 2.000000
0.472987 0.351598 0.134752 2.000000
0.526919 0.464460 0.128204 1.000000
0.573373 0.475345 0.125836 1.000000
0.453256 0.363769 0.139039 2.000000
0.456177 0.348269 0.126521 2.000000
0.570670 0.477867 0.129452 1.000000
0.577398 0.486361 0.117122 1.000000
0.473589 0.358808 0.122437 2.000000
0.451190 0.356027 0.130996 2.000000
0.560934 0.491369 0.129187 1.000000
0.519578 0.470728 0.130788 1.000000
0.544208 0.482564 0.120730 1.000000
0.568573 0.480441 0.123293 1.000000
0.586281 0.465087 0.126826 1.000000
0.530790 0.482335 0.122844 1.000000
0.545939 0.493071 0.119940 1.000000
0.521900 0.473424 0.128274 1.000000
0.446355 0.365105 0.119768 2.000000
0.577243 0.489752 0.129874 1.000000
0.554710 0.487624 0.127625 1.000000
0.581989 0.486530 0.120687 1.000000
0.553510 0.471060 0.126899 1.000000
0.460336 0.336863 0.124437 2.000000
0.546266 0.476482 0.133809 1.000000
0.446350 0.370323 0.138405 2.000000
0.454666 0.361784 0.126567 2.000000
0.566876 0.473716 0.129657 1.000000
0.443105 0.376335 0.127508 2.000000
0.447134 0.335309 0.127784 2.000000
0.456177 0.348269 0.126521 2.000000
0.421885 0.394527 0.136433 2.000000
0.459114 0.338164 0.124834 2.000000
0.593735 0.474747 0.130200 1.000000
0.554989 0.484558 0.124540 1.000000
0.557985 0.459559 0.131268 1.000000
0.453532 0.362169 0.121490 2.000000
0.399749 0.351339 0.133777 2.000000
0.598951 0.478814 0.117146 1.000000
0.435749 0.343830 0.131392 2.000000
0.590996 0.467992 0.132644 1.000000
0.440235 0.375326 0.125998 2.000000
-10.000000 -10.000000 -10.000000 2.000000
0.431404 0.342914 0.129303 2.000000
0.442794 0.370154 0.126692 2.000000
0.554734 0.486294 0.126966 1.000000
0.567962 0.499080 0.132971 1.000000
0.472742 0.363617 0.128408 2.000000
0.424366 0.356957 0.133603 2.000000
0.556822 0.494570 0.126683 1.000000
0.551880 0.478712 0.133479 1.000000
0.563664 0.463512 0.130787 1.000000
0.555348 0.479854 0.121040 1.000000
0.446439 0.367930 0.123562 2.000000
0.574373 0.471147 0.126340 1.000000
0.510487 0.347882 0.137012 2.000000
0.530930 0.471749 0.131628 1.000000
0.460052 0.331417 0.129186 2.000000
0.499910 0.473382 0.128904 1.000000
0.556300 0.476543 0.133188 1.000000
0.450941 0.353939 0.135788 2.000000
0.402265 0.377123 0.127334 2.000000
0.450662 0.370664 0.130666 2.000000
0.435961 0.373335 0.123747 2.000000
0.433428 0.371369 0.119917 2.000000
0.563664 0.463512 0.130787 1.000000
0.456355 0.343306 0.138618 2.000000
0.451237 0.368510 0.117105 2.000000
0.425032 0.361828 0.134789 2.000000
0.460113 0.357799 0.136154 2.000000
0.570052 0.475422 0.121175 1.000000
0.458972 0.370280 0.133429 2.000000
0.565567 0.491295 0.128798 1.000000
0.567052 0.463750 0.127854 1.000000
0.556349 0.510514 0.121148 1.000000
0.413769 0.346559 0.130095 2.000000
0.445160 0.353013 0.130865 2.000000
0.416646 0.353282 0.131545 2.000000
0.465015 0.350427 0.130097 2.000000
-10.000000 -10.000000 -10.000000 1.000000
0.446729 0.354759 0.128985 2.000000
0.445700 0.364244 0.131771 2.000000
0.579991 0.482298 0.129764 1.000000
0.602657 0.447088 0.126737 1.000000
0.415577 0.371925 0.144581 2.000000
0.410185 0.337274 0.133859 2.000000
0.547569 0.477963 0.122741 1.000000
0.526616 0.470658 0.130746 1.000000
0.576908 0.474200 0.122795 1.000000
0.503685 0.479390 0.128538 1.000000
0.421967 0.363228 0.137093 2.000000
0.459653 0.352636 0.140636 2.000000
0.449812 0.356591 0.136241 2.000000
0.520985 0.485465 0.131365 1.000000
0.460681 0.364584 0.138316 2.000000
0.472456 0.387319 0.135837 2.000000
0.412655 0.380601 0.131228 2.000000
0.553844 0.487159 0.131285 1.000000
0.544038 0.474350 0.132190 1.000000
0.570506 0.465241 0.129398 1.000000
0.438335 0.387169 0.131108 2.000000
0.456987 0.353997 0.137950 2.000000
0.421879 0.363594 0.137077 2.000000
0.536150 0.483668 0.121744 1.000000
0.516930 0.497460 0.124185 1.000000
0.542750 0.506025 0.119663 1.000000
0.555887 0.495845 0.128759 1.000000
-10.000000 -10.000000 -10.000000 2.000000
0.437342 0.393354 0.121476 2.000000
0.455514 0.347263 0.137606 2.000000
0.553824 0.464599 0.125565 1.000000
0.425042 0.368545 0.133798 2.000000
0.453030 0.389593 0.132777 2.000000
0.574491 0.472412 0.128964 1.000000
-10.000000 -10.000000 -10.000000 2.000000
0.433798 0.352039 0.133944 2.000000
0.407245 0.363158 0.129377 2.000000
0.555726 0.470791 0.127615 1.000000
0.547029 0.475561 0.123316 1.000000
0.451237 0.368510 0.117105 2.000000
0.577164 0.480507 0.129264 1.000000
0.540156 0.496864 0.118448 1.000000
0.566638 0.501628 0.128963 1.000000
0.453298 0.356036 0.123505 2.000000
0.559464 0.477099 0.127267 1.000000
0.567578 0.492520 0.123299 1.000000
0.567962 0.499080 0.132971 1.000000
0.555665 0.485380 0.122834 1.000000
0.540769 0.482863 0.124859 1.000000
0.456177 0.348269 0.126521 2.000000
0.570517 0.491808 0.126229 1.000000
0.452657 0.350553 0.122283 2.000000
0.560094 0.497329 0.125361 1.000000
0.454588 0.384261 0.129101 2.000000
0.570686 0.469988 0.120353 1.000000
0.538604 0.472546 0.128814 1.000000
0.424366 0.356957 0.133603 2.000000
0.484395 0.361157 0.121961 2.000000
0.514542 0.456376 0.133165 1.000000
0.474586 0.356581 0.140968 2.000000
0.553195 0.491144 0.117995 1.000000
0.441298 0.381272 0.138729 2.000000
0.558333 0.483413 0.127406 1.000000
0.461076 0.345036 0.127970 2.000000
0.502806 0.472145 0.130246 1.000000
0.605826 0.484773 0.138899 1.000000
0.509633 0.482682 0.126824 1.000000
0.564636 0.473753 0.123049 1.000000
0.415577 0.371925 0.144581 2.000000
0.577892 0.476613 0.130415 1.000000
0.496874 0.377009 0.133029 2.000000
0.593319 0.447951 0.122929 1.000000
0.578220 0.468033 0.124689 1.000000
0.435780 0.366699 0.111809 2.000000
0.438335 0.387169 0.131108 2.000000
0.456373 0.348880 0.126454 2.000000
0.500534 0.346401 0.134491 2.000000
0.452500 0.359711 0.125296 2.000000
0.440936 0.342437 0.129325 2.000000
0.450658 0.335703 0.135569 2.000000
0.559088 0.463665 0.126502 1.000000
0.616594 0.452971 0.131474 1.000000
0.569475 0.470760 0.129306 1.000000
0.425032 0.361828 0.134789 2.000000
0.446596 0.356322 0.130088 2.000000
0.422473 0.357870 0.135567 2.000000
0.435187 0.353140 0.129616 2.000000
0.449271 0.355309 0.116654 2.000000
0.544698 0.473945 0.124267 1.000000
0.457801 0.340423 0.122620 2.000000
0.564227 0.496778 0.125910 1.000000
0.533984 0.477026 0.131631 1.000000
-10.000000 -10.000000 -10.000000 2.000000
0.581608 0.483000 0.119486 1.000000
0.563732 0.457979 0.129952 1.000000
0.441789 0.341471 0.132029 2.000000
0.459892 0.347583 0.143141 2.000000
0.578607 0.489569 0.117816 1.000000
0.561434 0.489205 0.121948 1.000000
0.599877 0.451959 0.129758 1.000000
-10.000000 -10.000000 -10.000000 2.000000
0.547679 0.473061 0.124217 1.000000
0.448424 0.363348 0.120427 2.000000
0.560934 0.491369 0.129187 1.000000
-10.000000 -10.000000 -10.000000 1.000000
0.452338 0.381907 0.114898 2.000000
0.514176 0.483529 0.118740 1.000000
0.494296 0.366198 0.128836 2.000000
0.444394 0.367156 0.120731 2.000000
0.566609 0.486045 0.129797 1.000000
-10.000000 -10.000000 -10.000000 1.000000
-10.000000 -10.000000 -10.000000 1.000000
0.451852 0.375876 0.126907 2.000000
0.484935 0.379730 0.130486 2.000000
0.596171 0.485387 0.125277 1.000000
0.570506 0.465241 0.129398 1.000000
0.562918 0.483421 0.127222 1.000000
0.563410 0.490578 0.127241 1.000000
0.557791 0.468565 0.129449 1.000000
0.545939 0.493071 0.119940 1.000000
0.453954 0.360046 0.129621 2.000000
0.434667 0.391768 0.139866 2.000000
0.435496 0.344313 0.131052 2.000000
0.429340 0.385835 0.138774 2.000000
0.563261 0.487453 0.130052 1.000000
0.565712 0.466599 0.129909 1.000000
0.506209 0.463302 0.130243 1.000000
0.574367 0.470059 0.118320 1.000000
0.588339 0.491988 0.124691 1.000000
0.548625 0.492394 0.126855 1.000000
0.537351 0.494327 0.120990 1.000000
-10.000000 -10.000000 -10.000000 2.000000
0.463316 0.347479 0.131105 2.000000
0.559112 0.477603 0.129256 1.000000
-10.000000 -10.000000 -10.000000 0.000000
0.420588 0.356306 0.130662 2.000000
0.577291 0.469562 0.132938 1.000000
0.435753 0.351576 0.133351 2.000000
0.424587 0.365213 0.132487 2.000000
0.444743 0.392876 0.118887 1.000000
0.573524 0.494033 0.131172 1.000000
0.588339 0.491988 0.124691 1.000000
0.452338 0.381907 0.114898 2.000000
0.585205 0.480259 0.131982 1.000000
0.436067 0.374660 0.122908 2.000000
0.408012 0.381462 0.130486 2.000000
0.555887 0.495845 0.128759 1.000000
0.465743 0.360978 0.127574 2.000000
0.427869 0.350492 0.133871 2.000000
0.459373 0.332206 0.128797 2.000000
0.564786 0.488479 0.130763 1.000000
-10.000000 -10.000000 -10.000000 1.000000
0.553958 0.471223 0.132833 1.000000
0.420418 0.365741 0.138767 2.000000
-10.000000 -10.000000 -10.000000 2.000000
0.455011 0.355864 0.130314 2.000000
0.536162 0.498501 0.116801 1.000000
0.431808 0.390659 0.135485 2.000000
0.425531 0.349995 0.135386 2.000000
0.568211 0.467435 0.124067 1.000000
0.534004 0.478989 0.120377 1.000000
0.589496 0.464442 0.129301 1.000000
0.558472 0.498505 0.120334 1.000000
0.441353 0.370437 0.126961 2.000000
0.458204 0.358854 0.133987 2.000000
0.456123 0.353639 0.120665 2.000000
0.446190 0.371541 0.124889 2.000000
0.563137 0.494904 0.124873 1.000000
0.449455 0.353123 0.136145 2.000000
0.468115 0.359713 0.132940 2.000000
0.465381 0.334696 0.121632 2.000000
0.577977 0.474961 0.131150 1.000000
0.449062 0.339971 0.133686 2.000000
0.557655 0.478299 0.128988 1.000000
0.549676 0.470122 0.121187 1.000000
0.448879 0.338536 0.129067 2.000000
0.586013 0.493713 0.130753 1.000000
0.503685 0.479390 0.128538 1.000000
0.397778 0.353110 0.132733 2.000000
0.452423 0.336367 0.128107 2.000000
-10.000000 -10.000000 -10.000000 1.000000
0.514934 0.469359 0.131179 1.000000
0.463042 0.350123 0.127187 2.000000
-10.000000 -10.000000 -10.000000 0.000000
0.567794 0.496137 0.124235 1.000000
0.555440 0.474778 0.123279 1.000000
-10.000000 -10.000000 -10.000000 2.000000
0.594292 0.456072 0.141374 1.000000
0.446596 0.356322 0.130088 2.000000
0.459763 0.350502 0.127374 2.000000
0.459392 0.360386 0.133818 2.000000
0.476840 0.373232 0.124223 2.000000
0.467172 0.346303 0.134529 2.000000
0.459569 0.360153 0.127784 2.000000
0.450749 0.363790 0.129888 2.000000
0.567962 0.499080 0.132971 1.000000
0.553195 0.491144 0.117995 1.000000
0.424366 0.353438 0.134252 2.000000
0.558326 0.477076 0.125849 1.000000
0.453954 0.360046 0.129621 2.000000
0.583843 0.494949 0.126347 1.000000
0.442567 0.346552 0.127396 2.000000
0.437577 0.360875 0.134862 2.000000
0.514542 0.456376 0.133165 1.000000
0.430511 0.394267 0.134226 2.000000
0.559088 0.463665 0.126502 1.000000
0.459549 0.359679 0.128180 2.000000
0.581645 0.464003 0.121174 1.000000
0.556642 0.491063 0.130069 1.000000
0.567578 0.492520 0.123299 1.000000
0.444272 0.365879 0.126963 2.000000
0.397778 0.353110 0.132733 2.000000
0.574906 0.497312 0.132922 1.000000
0.568321 0.476311 0.127771 1.000000
0.545551 0.487463 0.120922 1.000000
0.472742 0.363617 0.128408 2.000000
0.460432 0.328054 0.129781 2.000000
0.452423 0.336367 0.128107 2.000000
0.496696 0.461465 0.132006 2.000000
-10.000000 -10.000000 -10.000000 2.000000
0.450044 0.369392 0.127063 2.000000
0.410169 0.339497 0.131962 2.000000
0.575650 0.470628 0.118472 1.000000
0.450207 0.365708 0.129336 2.000000
0.451389 0.342701 0.128323 2.000000
0.429340 0.385835 0.138774 2.000000
-10.000000 -10.000000 -10.000000 2.000000
0.446635 0.363239 0.134087 2.000000
0.463584 0.356347 0.135877 2.000000
0.559782 0.487408 0.130150 1.000000
0.461367 0.354163 0.127591 2.000000
0.449707 0.400532 0.129590 2.000000
0.553288 0.481769 0.124172 1.000000
0.509352 0.472985 0.115911 1.000000
0.432911 0.371663 0.122478 2.000000
0.453538 0.342216 0.125496 2.000000
0.559317 0.489657 0.130203 1.000000
0.448134 0.364483 0.125241 2.000000
0.449812 0.356591 0.136241 2.000000
0.458884 0.376403 0.118363 2.000000
0.465731 0.361978 0.130534 2.000000
0.465243 0.347733 0.142634 2.000000
0.465719 0.353240 0.125887 2.000000
0.537496 0.498765 0.116647 1.000000
0.423135 0.363224 0.135926 2.000000
0.454241 0.346279 0.138715 2.000000
0.560934 0.491369 0.129187 1.000000
0.455407 0.358141 0.131688 2.000000
0.578220 0.468033 0.124689 1.000000
0.471222 0.343273 0.124521 2.000000
0.444394 0.367156 0.120731 2.000000
0.416696 0.381193 0.133174 2.000000
0.555226 0.482316 0.127946 1.000000
0.561443 0.488072 0.124434 1.000000
0.451362 0.381801 0.122699 2.000000
0.455458 0.361776 0.125888 2.000000
0.567215 0.496616 0.127709 1.000000
0.454153 0.356191 0.123758 2.000000
0.567690 0.471786 0.130864 1.000000
0.559117 0.482323 0.123943 1.000000
0.441541 0.362593 0.134389 2.000000
0.557135 0.483652 0.131379 1.000000
0.594751 0.465802 0.135159 1.000000
0.453861 0.356508 0.128921 2.000000
0.533253 0.503001 0.122823 1.000000
0.583181 0.492904 0.126065 1.000000
0.459569 0.360153 0.127784 2.000000
0.399392 0.363524 0.131916 2.000000
0.451389 0.342701 0.128323 2.000000
0.462141 0.348993 0.132286 2.000000
0.558406 0.483391 0.132205 1.000000
0.548346 0.492623 0.122264 1.000000
0.549026 0.482140 0.131799 1.000000
0.566876 0.473716 0.129657 1.000000
0.532075 0.480774 0.129965 1.000000
0.580710 0.454611 0.128483 1.000000
0.462444 0.347741 0.130874 2.000000
0.434153 0.343197 0.131811 2.000000
0.495647 0.382396 0.132473 2.000000
0.584005 0.449280 0.125181 1.000000
0.592999 0.484622 0.129105 1.000000
0.521598 0.472902 0.118047 1.000000
0.459653 0.352636 0.140636 2.000000
0.536780 0.493300 0.121593 1.000000
0.552201 0.483719 0.124484 1.000000
0.572160 0.497748 0.118994 1.000000
0.551329 0.472048 0.130706 1.000000
0.573817 0.466146 0.127295 1.000000
0.415333 0.359110 0.136698 2.000000
0.453352 0.337812 0.135497 2.000000
0.449271 0.355309 0.116654 2.000000
-10.000000 -10.000000 -10.000000 1.000000
0.549685 0.494592 0.119591 1.000000
0.434149 0.405192 0.122681 2.000000
0.468115 0.359713 0.132940 2.000000
0.485440 0.379395 0.131067 2.000000
0.443492 0.357970 0.125689 2.000000
0.566580 0.497913 0.123814 1.000000
0.442770 0.368980 0.139210 2.000000
0.457328 0.355413 0.138299 2.000000
-10.000000 -10.000000 -10.000000 1.000000
0.573817 0.466146 0.127295 1.000000
0.553603 0.492736 0.122773 1.000000
0.554710 0.487624 0.127625 1.000000
0.455682 0.337757 0.123947 2.000000
-10.000000 -10.000000 -10.000000 2.000000
0.568223 0.483677 0.129275 1.000000
0.564287 0.483426 0.128407 1.000000
0.454590 0.339360 0.134119 2.000000
0.417968 0.365442 0.132170 2.000000
0.419390 0.372014 0.137553 2.000000
0.428627 0.375586 0.141026 2.000000
0.536105 0.482957 0.133645 1.000000
0.437577 0.360875 0.134862 2.000000
-10.000000 -10.000000 -10.000000 2.000000
0.544614 0.490996 0.120457 1.000000
-10.000000 -10.000000 -10.000000 2.000000
0.481138 0.374824 0.130096 2.000000
0.544248 0.478935 0.133508 1.000000
0.549676 0.470122 0.121187 1.000000
0.582217 0.472652 0.124173 1.000000
0.459763 0.350502 0.127374 2.000000
0.455622 0.337203 0.125858 2.000000
0.557605 0.468323 0.127730 1.000000
0.511937 0.482184 0.120653 1.000000
0.445413 0.350388 0.137271 2.000000
0.572948 0.467042 0.121730 1.000000
0.452212 0.324822 0.133462 2.000000
-10.000000 -10.000000 -10.000000 2.000000
0.448738 0.368755 0.134547 2.000000
0.452500 0.359711 0.125296 2.000000
0.452056 0.333159 0.126287 2.000000
0.449373 0.365857 0.140333 2.000000
0.541892 0.482962 0.128948 1.000000
0.515844 0.483657 0.125434 1.000000
-10.000000 -10.000000 -10.000000 2.000000
0.549685 0.494592 0.119591 1.000000
0.595236 0.480214 0.129071 1.000000
0.451930 0.329252 0.124205 2.000000
0.580529 0.479437 0.129701 1.000000
0.460496 0.344602 0.134325 2.000000
0.435885 0.375871 0.136363 2.000000
0.566932 0.473153 0.134457 1.000000
0.544251 0.502231 0.121604 1.000000
0.587990 0.463447 0.135941 1.000000
0.460945 0.344056 0.136457 2.000000
0.466408 0.348634 0.133577 2.000000
0.435878 0.342300 0.132842 2.000000
0.425211 0.369574 0.133182 2.000000
0.558173 0.476489 0.128148 1.000000
0.572716 0.489213 0.130160 1.000000
0.547679 0.473061 0.124217 1.000000
0.452067 0.353451 0.135201 2.000000
0.462141 0.348993 0.132286 2.000000
0.561457 0.475604 0.130659 1.000000
0.454153 0.356191 0.123758 2.000000
0.557292 0.491799 0.129528 1.000000
0.570597 0.488512 0.130784 1.000000
0.574826 0.499483 0.120572 1.000000
0.602657 0.447088 0.126737 1.000000
0.577624 0.480707 0.132655 1.000000
0.511396 0.481520 0.121173 1.000000
0.462162 0.360586 0.129520 2.000000
0.533169 0.498521 0.119341 1.000000
0.565537 0.495717 0.123963 1.000000
0.471219 0.361300 0.134011 2.000000
0.461817 0.348419 0.134660 2.000000
0.542039 0.479109 0.130650 1.000000
0.504670 0.474462 0.131309 1.000000
0.465558 0.355152 0.133131 2.000000
0.451503 0.360182 0.134775 2.000000
0.445235 0.371965 0.128281 2.000000
0.461854 0.344072 0.136495 2.000000
0.436994 0.374205 0.139431 2.000000
0.565567 0.491295 0.128798 1.000000
0.445989 0.360280 0.122661 2.000000
0.564227 0.496778 0.125910 1.000000
0.439627 0.344250 0.125622 2.000000
0.553855 0.492643 0.121633 1.000000
0.583393 0.470029 0.132568 1.000000
0.541297 0.466955 0.124177 1.000000
0.593670 0.488117 0.134093 1.000000
0.524700 0.476191 0.121196 1.000000
0.518952 0.459960 0.130938 1.000000
0.402584 0.362640 0.135633 2.000000
0.456258 0.344438 0.114792 2.000000
0.587082 0.475901 0.128691 1.000000
0.459554 0.368759 0.135876 2.000000
0.493683 0.379719 0.129520 2.000000
0.449455 0.353123 0.136145 2.000000
0.406544 0.352837 0.131415 2.000000
0.581645 0.464003 0.121174 1.000000
0.578129 0.463139 0.128807 1.000000
0.481662 0.362707 0.125322 2.000000
0.427869 0.350492 0.133871 2.000000
0.470462 0.352529 0.135466 2.000000
0.451103 0.352918 0.137613 2.000000
0.555440 0.474778 0.123279 1.000000
0.552591 0.496958 0.129704 1.000000
0.578844 0.500223 0.128822 1.000000
0.491475 0.368463 0.129647 2.000000
0.578607 0.489569 0.117816 1.000000
0.528567 0.494014 0.115009 1.000000
0.544698 0.473945 0.124267 1.000000
0.469142 0.392538 0.127034 2.000000
0.564284 0.477434 0.130671 1.000000
-10.000000 -10.000000 -10.000000 0.000000
0.456733 0.364451 0.126643 2.000000
0.450556 0.359535 0.137225 2.000000
0.574373 0.471147 0.126340 1.000000
0.494406 0.358747 0.129957 2.000000
-10.000000 -10.000000 -10.000000 1.000000
0.473589 0.358808 0.122437 2.000000
0.555487 0.483269 0.130583 1.000000
0.412173 0.358530 0.134360 2.000000
0.438130 0.355830 0.126851 2.000000
0.520187 0.491760 0.122867 1.000000
0.587224 0.482737 0.128741 1.000000
0.532212 0.474200 0.130114 1.000000
0.468526 0.339933 0.125037 2.000000
0.569353 0.502640 0.117615 1.000000
0.440040 0.390470 0.133584 2.000000
0.507942 0.364421 0.136123 2.000000
0.575451 0.469603 0.132917 1.000000
0.557655 0.478299 0.128988 1.000000
0.463431 0.348901 0.135303 2.000000
0.561229 0.469114 0.125367 1.000000
0.553195 0.491144 0.117995 1.000000
0.545692 0.493887 0.121838 1.000000
0.424366 0.353438 0.134252 2.000000
0.454863 0.351812 0.126646 2.000000
0.565327 0.485323 0.126000 1.000000
0.444554 0.351996 0.133201 2.000000
0.492481 0.371995 0.132342 2.000000
0.457409 0.368253 0.129076 2.000000
0.599151 0.492917 0.133343 1.000000
0.420851 0.371997 0.137614 2.000000
0.569353 0.502640 0.117615 1.000000
0.568573 0.480441 0.123293 1.000000
0.449682 0.353962 0.129015 2.000000
0.579060 0.482383 0.131472 1.000000
0.455011 0.355864 0.130314 2.000000
0.562173 0.468548 0.126339 1.000000
-10.000000 -10.000000 -10.000000 1.000000
0.544350 0.477361 0.114062 1.000000
0.544208 0.482564 0.120730 1.000000
0.586347 0.454954 0.128991 1.000000
0.443490 0.366657 0.123743 2.000000
0.575184 0.481028 0.135229 1.000000
-10.000000 -10.000000 -10.000000 2.000000
0.547765 0.472570 0.123364 1.000000
0.450034 0.356303 0.128063 2.000000
0.584361 0.467962 0.121684 1.000000
0.402265 0.377123 0.127334 2.000000
0.543674 0.489757 0.126306 1.000000
0.534895 0.472521 0.130400 1.000000
0.459892 0.347583 0.143141 2.000000
0.552591 0.496958 0.129704 1.000000
0.553185 0.488104 0.127052 1.000000
0.554141 0.474877 0.124816 1.000000
0.594002 0.471586 0.130343 1.000000
0.465114 0.337002 0.129811 2.000000
0.417775 0.369875 0.138762 2.000000
0.559916 0.464000 0.129801 1.000000
0.448738 0.368755 0.134547 2.000000
0.566228 0.484228 0.127311 1.000000
0.587376 0.478382 0.129398 1.000000
0.542506 0.477039 0.126008 1.000000
0.463138 0.347384 0.137780 2.000000
0.553913 0.490671 0.130945 1.000000
0.511937 0.482184 0.120653 1.000000
0.496150 0.466793 0.129435 1.000000
0.542506 0.477039 0.126008 1.000000
0.593792 0.479870 0.127865 1.000000
0.476590 0.376706 0.135016 2.000000
0.445277 0.342751 0.132284 2.000000
-10.000000 -10.000000 -10.000000 2.000000
0.466342 0.340968 0.135581 2.000000
0.415333 0.359110 0.136698 2.000000
0.561704 0.467264 0.132068 1.000000
0.553543 0.475082 0.124302 1.000000
0.412655 0.380601 0.131228 2.000000
0.448688 0.351681 0.129984 2.000000
0.450909 0.371137 0.128105 2.000000
0.450228 0.358965 0.133496 2.000000
0.461605 0.347237 0.136636 2.000000
0.570722 0.493011 0.114668 1.000000
0.454531 0.383977 0.126353 2.000000
0.552962 0.476056 0.123286 1.000000
0.420418 0.365741 0.138767 2.000000
0.397778 0.353110 0.132733 2.000000
0.461076 0.345036 0.127970 2.000000
0.513436 0.471444 0.126679 1.000000
0.454528 0.362584 0.131076 2.000000
0.485413 0.357739 0.122371 2.000000
0.444957 0.339159 0.130995 2.000000
0.588393 0.483620 0.121574 1.000000
0.537150 0.466586 0.125409 1.000000
0.560117 0.481622 0.116503 1.000000
0.600655 0.467131 0.124643 1.000000
0.582504 0.458951 0.136480 1.000000
0.496432 0.378675 0.131313 2.000000
0.463316 0.347479 0.131105 2.000000
0.452411 0.377290 0.112299 2.000000
0.541043 0.480577 0.134255 1.000000
0.547411 0.500845 0.125290 1.000000
0.454525 0.360008 0.134144 2.000000
0.561697 0.484179 0.126038 1.000000
0.593792 0.479870 0.127865 1.000000
0.559112 0.477603 0.129256 1.000000
-10.000000 -10.000000 -10.000000 1.000000
0.546266 0.476482 0.133809 1.000000
0.583393 0.470029 0.132568 1.000000
0.455251 0.379660 0.127455 2.000000
0.448465 0.373782 0.114953 2.000000
0.434910 0.382564 0.134071 2.000000
0.507942 0.364421 0.136123 2.000000
0.448717 0.377852 0.137943 2.000000
0.513448 0.469458 0.124585 1.000000
0.591452 0.484985 0.130745 1.000000
0.458419 0.366094 0.127910 2.000000
0.573699 0.476708 0.129767 1.000000
0.472987 0.351598 0.134752 2.000000
0.445966 0.364986 0.131947 2.000000
0.452119 0.334989 0.130952 2.000000
0.579091 0.465185 0.120312 1.000000
0.545395 0.474313 0.131089 1.000000
0.580412 0.477986 0.124483 1.000000
0.439376 0.363975 0.123435 2.000000
-10.000000 -10.000000 -10.000000 2.000000
0.575184 0.481028 0.135229 1.000000
0.466165 0.341728 0.125561 2.000000
0.518184 0.475096 0.123894 1.000000
0.567913 0.494435 0.125132 1.000000
0.456416 0.351075 0.138327 2.000000
0.455251 0.379660 0.127455 2.000000
0.470462 0.352529 0.135466 2.000000
0.447176 0.349495 0.134357 2.000000
0.425258 0.409241 0.126115 2.000000
0.460040 0.364464 0.136018 2.000000
0.466408 0.348634 0.133577 2.000000
0.461764 0.361274 0.128732 2.000000
0.465719 0.353240 0.125887 2.000000
0.547351 0.473493 0.127640 1.000000
0.447192 0.333951 0.129449 2.000000
0.450800 0.363255 0.134191 2.000000
0.401948 0.360169 0.131563 2.000000
0.517355 0.480338 0.127848 1.000000
0.550906 0.484415 0.125360 1.000000
0.573524 0.494033 0.131172 1.000000
0.489836 0.352425 0.136162 2.000000
0.456138 0.360259 0.126509 2.000000
0.492145 0.385521 0.124767 2.000000
0.489541 0.385333 0.134007 2.000000
0.546184 0.485489 0.118579 1.000000
0.470807 0.379537 0.128107 2.000000
0.463138 0.347384 0.137780 2.000000
0.547721 0.476452 0.124320 1.000000
0.460998 0.342741 0.131630 2.000000
0.593670 0.488117 0.134093 1.000000
0.571720 0.487447 0.125993 1.000000
0.551880 0.478712 0.133479 1.000000
0.523778 0.477545 0.128503 1.000000
0.448573 0.358055 0.137337 2.000000
0.468821 0.356234 0.133742 2.000000
0.452423 0.336367 0.128107 2.000000
0.490084 0.384194 0.127602 2.000000
0.455452 0.334979 0.132669 2.000000
0.513919 0.467783 0.123744 1.000000
0.442064 0.380495 0.122952 2.000000
0.580511 0.482603 0.133004 1.000000
0.582504 0.458951 0.136480 1.000000
0.446439 0.367930 0.123562 2.000000
0.581427 0.484131 0.129132 1.000000
0.538576 0.478609 0.119415 1.000000
0.419045 0.353280 0.133731 2.000000
0.532075 0.480774 0.129965 1.000000
0.562918 0.483421 0.127222 1.000000
0.551221 0.493635 0.122393 1.000000
0.425531 0.349995 0.135386 2.000000
0.571660 0.469447 0.130428 1.000000
0.442025 0.373768 0.124223 2.000000
0.547721 0.476452 0.124320 1.000000
0.443333 0.325509 0.131979 2.000000
0.502520 0.363350 0.137142 2.000000
0.564151 0.480471 0.127686 1.000000
0.558323 0.484135 0.123848 1.000000
0.564028 0.472745 0.126247 1.000000
0.563225 0.488988 0.127893 1.000000
0.564028 0.472745 0.126247 1.000000
0.521186 0.492638 0.124583 1.000000
0.446911 0.362715 0.132354 2.000000
0.573373 0.475345 0.125836 1.000000
0.569959 0.474720 0.126553 1.000000
0.569959 0.474720 0.126553 1.000000
-10.000000 -10.000000 -10.000000 2.000000
0.405042 0.363537 0.135747 2.000000
0.493220 0.360127 0.131588 2.000000
0.530930 0.471749 0.131628 1.000000
0.592999 0.484622 0.129105 1.000000
0.514512 0.466746 0.130082 1.000000
0.546950 0.498590 0.118660 1.000000
0.470758 0.350406 0.122121 2.000000
0.558472 0.498505 0.120334 1.000000
0.460965 0.352670 0.139560 2.000000
0.447322 0.365115 0.133786 2.000000
0.556124 0.486822 0.132442 1.000000
0.428110 0.348436 0.131848 2.000000
0.531318 0.473568 0.137232 1.000000
0.556078 0.479055 0.119223 1.000000
0.538576 0.478609 0.119415 1.000000
0.446773 0.361646 0.134470 2.000000
0.429340 0.385835 0.138774 2.000000
0.445270 0.363916 0.129580 2.000000
0.504670 0.474462 0.131309 1.000000
0.449189 0.370351 0.132482 2.000000
0.425258 0.409241 0.126115 2.000000
0.558714 0.493315 0.123977 1.000000
0.561584 0.481577 0.124804 1.000000
0.445947 0.341517 0.117589 2.000000
0.537351 0.494327 0.120990 1.000000
0.465041 0.347859 0.126273 2.000000
0.459554 0.368759 0.135876 2.000000
0.548371 0.488378 0.117953 1.000000
0.444743 0.392876 0.118887 1.000000
0.485413 0.357739 0.122371 2.000000
0.581632 0.481068 0.129135 1.000000
0.459392 0.360386 0.133818 2.000000
0.542039 0.479109 0.130650 1.000000
0.416696 0.381193 0.133174 2.000000
0.445235 0.371965 0.128281 2.000000
0.468463 0.350090 0.127819 2.000000
0.453352 0.337812 0.135497 2.000000
0.546217 0.479136 0.125739 1.000000
0.446773 0.361646 0.134470 2.000000
0.554728 0.472503 0.132518 1.000000
0.594525 0.471413 0.139544 1.000000
0.446648 0.386223 0.132951 2.000000
0.457030 0.370869 0.126080 2.000000
0.438010 0.375326 0.138604 2.000000
0.462235 0.351550 0.136667 2.000000
0.585047 0.458210 0.133439 1.000000
-10.000000 -10.000000 -10.000000 1.000000
0.584804 0.471060 0.119218 1.000000
0.464969 0.375102 0.123082 2.000000
0.422901 0.411436 0.125261 2.000000
0.558812 0.476636 0.125041 1.000000
0.454515 0.352635 0.125197 2.000000
0.567706 0.489411 0.131810 1.000000
0.567453 0.493611 0.117620 1.000000
0.446355 0.365105 0.119768 2.000000
0.453931 0.331751 0.129390 2.000000
0.560474 0.498614 0.124761 1.000000
0.514934 0.469359 0.131179 1.000000
0.442544 0.380308 0.131973 2.000000
0.471066 0.376184 0.134196 2.000000
0.520103 0.471479 0.127285 1.000000
0.500487 0.464824 0.129063 1.000000
0.439991 0.380856 0.121692 2.000000
0.565545 0.484800 0.122176 1.000000
-10.000000 -10.000000 -10.000000 1.000000
0.488063 0.373439 0.135826 2.000000
0.460681 0.364584 0.138316 2.000000
0.506209 0.463302 0.130243 1.000000
0.581824 0.491004 0.118625 1.000000
0.571927 0.476817 0.121075 1.000000
0.577310 0.486932 0.116732 1.000000
0.536176 0.500734 0.119486 1.000000
0.511222 0.472083 0.130778 1.000000
0.564470 0.487683 0.128584 1.000000
0.434713 0.390916 0.138673 2.000000
0.549459 0.481738 0.121544 1.000000
0.448008 0.390416 0.117946 2.000000
0.465381 0.334696 0.121632 2.000000
0.568898 0.491800 0.127746 1.000000
0.594621 0.479717 0.126371 1.000000
0.453539 0.353040 0.124635 2.000000
0.454093 0.359863 0.129305 2.000000
0.509948 0.342364 0.128107 2.000000
0.433659 0.388590 0.136655 2.000000
0.407245 0.363158 0.129377 2.000000
0.450445 0.343127 0.126807 2.000000
0.554141 0.474877 0.124816 1.000000
0.567706 0.489411 0.131810 1.000000
0.434184 0.343339 0.130159 2.000000
0.482763 0.363955 0.121044 2.000000
0.455770 0.335479 0.130033 2.000000
0.462235 0.351550 0.136667 2.000000
-10.000000 -10.000000 -10.000000 2.000000
0.440419 0.346267 0.130677 2.000000
0.625112 0.440894 0.134542 1.000000
0.405042 0.363537 0.135747 2.000000
0.421885 0.394527 0.136433 2.000000
0.581275 0.498418 0.114002 1.000000
0.625112 0.440894 0.134542 1.000000
0.566882 0.480149 0.121516 1.000000
0.532760 0.475330 0.127357 2.000000
0.469591 0.361887 0.134241 2.000000
0.435878 0.342300 0.132842 2.000000
0.552962 0.476056 0.123286 1.000000
0.569264 0.479728 0.131654 1.000000
0.553667 0.474588 0.123891 1.000000
0.466856 0.369526 0.122527 2.000000
0.498061 0.472577 0.130428 1.000000
0.526335 0.478786 0.132189 1.000000
0.446659 0.391890 0.130049 2.000000
0.445989 0.360280 0.122661 2.000000
0.454809 0.349802 0.127698 2.000000
0.546949 0.469573 0.133471 1.000000
0.447048 0.364325 0.135348 2.000000
0.443365 0.384666 0.128579 2.000000
0.556642 0.491063 0.130069 1.000000
0.465799 0.363725 0.122365 2.000000
0.577465 0.484408 0.124590 1.000000
0.446196 0.364764 0.135169 2.000000
0.449271 0.355309 0.116654 2.000000
0.511396 0.481520 0.121173 1.000000
0.561655 0.480886 0.124719 1.000000
0.548625 0.492394 0.126855 1.000000
0.480753 0.368299 0.132973 2.000000
0.445302 0.351208 0.123214 2.000000
0.574335 0.486061 0.127920 1.000000
0.467258 0.359799 0.134796 2.000000
0.447289 0.382972 0.128848 2.000000
0.460125 0.350127 0.126301 2.000000
0.505720 0.364671 0.135182 2.000000
0.462444 0.347741 0.130874 2.000000
0.580663 0.480421 0.127558 1.000000
0.448688 0.351681 0.129984 2.000000
0.444394 0.367156 0.120731 2.000000
0.428494 0.346911 0.133830 2.000000
0.511392 0.474712 0.131626 1.000000
0.597734 0.483716 0.122800 1.000000
0.443105 0.376335 0.127508 2.000000
-10.000000 -10.000000 -10.000000 2.000000
0.570314 0.490181 0.129391 1.000000
0.570314 0.490181 0.129391 1.000000
0.459817 0.347557 0.138589 2.000000
0.465839 0.345696 0.140781 2.000000
0.605329 0.474229 0.143004 1.000000
0.533211 0.497994 0.119698 1.000000
0.560262 0.484153 0.131459 1.000000
0.564284 0.477434 0.130671 1.000000
0.559022 0.478845 0.127468 1.000000
0.407217 0.355322 0.130760 2.000000
0.570314 0.490181 0.129391 1.000000
0.567913 0.494435 0.125132 1.000000
0.545939 0.493071 0.119940 1.000000
0.502520 0.363350 0.137142 2.000000
0.541297 0.466955 0.124177 1.000000
0.504560 0.479368 0.113947 1.000000
0.549451 0.478422 0.123927 1.000000
0.434380 0.351436 0.131836 2.000000
0.454640 0.358987 0.135465 2.000000
0.443740 0.381682 0.138104 2.000000
0.571910 0.490278 0.126661 1.000000
0.567913 0.494435 0.125132 1.000000
0.469215 0.363557 0.124497 2.000000
0.424763 0.350695 0.134218 2.000000
0.439627 0.344250 0.125622 2.000000
-10.000000 -10.000000 -10.000000 2.000000
0.458618 0.350729 0.136657 2.000000
0.496150 0.466793 0.129435 1.000000
0.428494 0.346911 0.133830 2.000000
0.559317 0.489657 0.130203 1.000000
0.441541 0.362593 0.134389 2.000000
0.588426 0.472277 0.125839 1.000000
0.482763 0.363955 0.121044 2.000000
0.453861 0.356508 0.128921 2.000000
0.541297 0.466955 0.124177 1.000000
0.578161 0.476918 0.128446 1.000000
0.457977 0.352160 0.128753 2.000000
0.503685 0.479390 0.128538 1.000000
0.566543 0.488869 0.122019 1.000000
0.514524 0.474647 0.134006 1.000000
0.505227 0.369398 0.133706 2.000000
0.552991 0.479224 0.126930 1.000000
0.517035 0.469333 0.131966 1.000000
0.451930 0.329252 0.124205 2.000000
0.575229 0.475434 0.130392 1.000000
0.461367 0.354163 0.127591 2.000000
0.425211 0.369574 0.133182 2.000000
0.450429 0.377434 0.141290 2.000000
0.593319 0.447951 0.122929 1.000000
0.451362 0.381801 0.122699 2.000000
0.570222 0.481969 0.132060 1.000000
0.464825 0.354027 0.126880 2.000000
0.590468 0.477624 0.131290 1.000000
0.458353 0.349043 0.135441 2.000000
0.578644 0.471722 0.129332 1.000000
0.561584 0.481577 0.124804 1.000000
0.457130 0.359045 0.124370 2.000000
0.465799 0.363725 0.122365 2.000000
0.553195 0.491144 0.117995 1.000000
0.563261 0.487453 0.130052 1.000000
0.448568 0.361841 0.124256 2.000000
0.580320 0.471109 0.131147 1.000000
0.437576 0.390818 0.140379 2.000000
0.452423 0.336367 0.128107 2.000000
0.461605 0.347237 0.136636 2.000000
0.579991 0.482298 0.129764 1.000000
0.566451 0.502075 0.128131 1.000000
0.558812 0.476636 0.125041 1.000000
0.441298 0.381272 0.138729 2.000000
0.553016 0.479850 0.120355 1.000000
0.469768 0.350077 0.126918 2.000000
0.563859 0.445822 0.143943 1.000000
0.571512 0.479441 0.118353 1.000000
0.487478 0.377374 0.130358 2.000000
0.553016 0.479850 0.120355 1.000000
0.447048 0.364325 0.135348 2.000000
0.448062 0.351554 0.135982 2.000000
0.533169 0.498521 0.119341 1.000000
0.485558 0.362769 0.121550 2.000000
0.456416 0.351075 0.138327 2.000000
0.443756 0.378253 0.129039 2.000000
0.441037 0.353502 0.133070 2.000000
0.426605 0.376746 0.132883 2.000000
0.552306 0.483951 0.128502 1.000000
0.551190 0.470365 0.114577 1.000000
0.439923 0.389707 0.126635 2.000000
0.444564 0.371443 0.115920 2.000000
0.594525 0.471413 0.139544 1.000000
0.561434 0.489205 0.121948 1.000000
0.462257 0.360195 0.125287 2.000000
0.446911 0.362715 0.132354 2.000000
0.446648 0.386223 0.132951 2.000000
0.457638 0.367655 0.122784 2.000000
0.556335 0.488569 0.125107 1.000000
0.459817 0.347557 0.138589 2.000000
0.484967 0.375708 0.134493 2.000000
0.592458 0.478958 0.129673 1.000000
0.580689 0.478033 0.129910 1.000000
0.465243 0.347733 0.142634 2.000000
0.556909 0.477971 0.130098 1.000000
0.579960 0.481661 0.134352 1.000000
0.605152 0.473475 0.139675 1.000000
0.539283 0.497460 0.120861 1.000000
0.456055 0.364817 0.123702 2.000000
0.553016 0.479850 0.120355 1.000000
0.454666 0.361784 0.126567 2.000000
0.544460 0.479588 0.128429 1.000000
0.451852 0.375876 0.126907 2.000000
0.586234 0.477831 0.130078 1.000000
0.580091 0.488107 0.113049 1.000000
0.544460 0.479588 0.128429 1.000000
0.414476 0.348571 0.130291 2.000000
0.455251 0.379660 0.127455 2.000000
0.461815 0.342924 0.123783 2.000000
0.510795 0.474799 0.128428 1.000000
-10.000000 -10.000000 -10.000000 1.000000
0.475232 0.395502 0.130976 2.000000
0.570517 0.491808 0.126229 1.000000
0.465731 0.361978 0.130534 2.000000
0.450072 0.376918 0.130811 2.000000
0.566543 0.488869 0.122019 1.000000
0.447991 0.357340 0.133115 2.000000
0.459533 0.337933 0.121834 2.000000
0.557987 0.463586 0.129629 1.000000
0.568321 0.476311 0.127771 1.000000
0.513299 0.465189 0.132121 1.000000
0.513885 0.486525 0.122553 1.000000
0.569522 0.491113 0.122548 1.000000
0.455825 0.373015 0.130135 2.000000
0.557757 0.464309 0.127732 1.000000
0.456987 0.353997 0.137950 2.000000
0.586234 0.477831 0.130078 1.000000
0.552962 0.476056 0.123286 1.000000
0.500528 0.434123 0.123888 2.000000
0.452770 0.352098 0.134051 2.000000
0.559916 0.464000 0.129801 1.000000
0.575797 0.479792 0.119326 1.000000
0.496693 0.421183 0.136047 2.000000
0.605577 0.473653 0.143492 1.000000
0.503685 0.479390 0.128538 1.000000
0.464594 0.342732 0.121656 2.000000
0.513919 0.467783 0.123744 1.000000
0.509948 0.342364 0.128107 2.000000
0.423273 0.391576 0.135824 2.000000
0.510795 0.474799 0.128428 1.000000
0.577291 0.469562 0.132938 1.000000
0.505103 0.374303 0.129737 2.000000
0.561697 0.484179 0.126038 1.000000
0.399715 0.362331 0.135317 2.000000
0.399392 0.363524 0.131916 2.000000
0.424792 0.349919 0.133237 2.000000
0.458353 0.349043 0.135441 2.000000
0.450909 0.371137 0.128105 2.000000
0.456610 0.362781 0.130540 2.000000
0.591771 0.473064 0.135981 1.000000
0.467062 0.341669 0.124114 2.000000
0.554728 0.472503 0.132518 1.000000
0.466408 0.348634 0.133577 2.000000
0.464028 0.346901 0.138159 2.000000
0.443554 0.389863 0.126936 2.000000
0.463042 0.350123 0.127187 2.000000
-10.000000 -10.000000 -10.000000 1.000000
0.528567 0.494014 0.115009 1.000000
0.528680 0.475860 0.129388 1.000000
0.570506 0.465241 0.129398 1.000000
0.479636 0.373771 0.125426 2.000000
0.567978 0.479006 0.131244 1.000000
0.534877 0.474024 0.128144 1.000000
0.452119 0.334989 0.130952 2.000000
-10.000000 -10.000000 -10.000000 2.000000
0.419255 0.361003 0.137383 2.000000
0.447774 0.350420 0.136205 2.000000
0.557791 0.468565 0.129449 1.000000
0.552998 0.487751 0.124953 1.000000
0.496034 0.467452 0.130953 1.000000
0.526616 0.470658 0.130746 1.000000
0.596927 0.457701 0.125989 1.000000
0.462162 0.360586 0.129520 2.000000
0.447553 0.348583 0.123001 2.000000
0.505227 0.369398 0.133706 2.000000
0.451362 0.381801 0.122699 2.000000
0.438020 0.348771 0.129726 2.000000
0.459056 0.356791 0.135880 2.000000
0.565488 0.492435 0.121613 1.000000
0.583843 0.494949 0.126347 1.000000
0.577991 0.484739 0.123171 1.000000
0.410071 0.358523 0.130459 2.000000
0.461208 0.357982 0.137130 2.000000
0.556822 0.494570 0.126683 1.000000
0.575650 0.470628 0.118472 1.000000
0.470758 0.350406 0.122121 2.000000
0.535732 0.487652 0.130021 1.000000
0.461367 0.354163 0.127591 2.000000
-10.000000 -10.000000 -10.000000 1.000000
0.465964 0.347675 0.138016 2.000000
0.453256 0.363769 0.139039 2.000000
0.602279 0.473133 0.136587 1.000000
0.467888 0.355239 0.132400 2.000000
0.451966 0.361833 0.127061 2.000000
0.567052 0.463750 0.127854 1.000000
0.449668 0.339593 0.127319 2.000000
0.523778 0.477545 0.128503 1.000000
0.453565 0.354420 0.125399 2.000000
-10.000000 -10.000000 -10.000000 0.000000
0.466179 0.349796 0.134914 2.000000
0.418727 0.372700 0.136064 2.000000
0.529978 0.471588 0.130149 1.000000
-10.000000 -10.000000 -10.000000 0.000000
0.464348 0.354491 0.134630 2.000000
0.454588 0.350724 0.134455 2.000000
-10.000000 -10.000000 -10.000000 1.000000
0.544248 0.478935 0.133508 1.000000
0.558149 0.485066 0.125057 1.000000
0.441696 0.354294 0.117143 2.000000
0.563297 0.488816 0.121780 1.000000
0.454515 0.352635 0.125197 2.000000
0.453861 0.356508 0.128921 2.000000
0.587201 0.492681 0.130632 1.000000
0.450044 0.369392 0.127063 2.000000
0.550906 0.484415 0.125360 1.000000
0.568538 0.487471 0.124836 1.000000
0.457476 0.366534 0.133323 2.000000
0.453538 0.342216 0.125496 2.000000
0.462257 0.360195 0.125287 2.000000
0.449062 0.339971 0.133686 2.000000
0.464825 0.354027 0.126880 2.000000
0.399680 0.377233 0.130336 2.000000
0.551221 0.493635 0.122393 1.000000
0.551585 0.480617 0.124171 1.000000
0.550632 0.491489 0.127460 1.000000
0.429323 0.340161 0.129344 2.000000
0.560410 0.477629 0.131974 1.000000
0.570190 0.481243 0.129479 1.000000
-10.000000 -10.000000 -10.000000 0.000000
0.446109 0.360936 0.135288 2.000000
0.575184 0.481028 0.135229 1.000000
0.517569 0.470612 0.131212 1.000000
0.446754 0.343419 0.137408 2.000000
0.566580 0.497913 0.123814 1.000000
0.587065 0.472570 0.130986 1.000000
0.450909 0.371137 0.128105 2.000000
0.559112 0.477603 0.129256 1.000000
0.470486 0.350716 0.124237 2.000000
0.458884 0.376403 0.118363 2.000000
0.438020 0.348771 0.129726 2.000000
-10.000000 -10.000000 -10.000000 1.000000
0.413483 0.366674 0.132519 2.000000
0.551901 0.489072 0.122814 1.000000
0.573652 0.480377 0.120359 1.000000
0.414983 0.379341 0.131197 2.000000
0.551878 0.483274 0.124526 1.000000
0.566451 0.502075 0.128131 1.000000
0.444394 0.367156 0.120731 2.000000
0.491179 0.370800 0.133785 2.000000
0.437901 0.379507 0.126566 2.000000
0.569475 0.470760 0.129306 1.000000
0.565741 0.492158 0.128220 1.000000
0.455452 0.334979 0.132669 2.000000
0.433597 0.349788 0.134854 2.000000
0.472742 0.363617 0.128408 2.000000
0.558406 0.483391 0.132205 1.000000
0.437026 0.346141 0.124181 2.000000
0.491475 0.368463 0.129647 2.000000
0.498110 0.344319 0.126336 2.000000
0.460294 0.355976 0.125937 2.000000
0.547002 0.480326 0.127584 1.000000
0.575229 0.475434 0.130392 1.000000
0.491778 0.367809 0.132443 2.000000
0.474160 0.350935 0.125302 2.000000
0.533267 0.509043 0.115941 1.000000
0.518039 0.488665 0.123346 1.000000
0.506691 0.476328 0.128588 1.000000
0.491475 0.368463 0.129647 2.000000
0.566841 0.500110 0.123768 1.000000
0.434601 0.356514 0.126775 2.000000
0.471219 0.361300 0.134011 2.000000
0.551014 0.500049 0.121403 1.000000
0.550243 0.477520 0.116873 1.000000
0.492141 0.380728 0.133659 2.000000
0.436916 0.374158 0.141909 2.000000
0.457945 0.356358 0.129679 2.000000
0.567387 0.508246 0.118405 1.000000
0.487416 0.377128 0.130481 2.000000
0.419788 0.368713 0.134333 2.000000
0.564284 0.477434 0.130671 1.000000
0.540242 0.491120 0.122419 1.000000
0.584005 0.477746 0.132298 1.000000
0.457973 0.352948 0.132349 2.000000
-10.000000 -10.000000 -10.000000 1.000000
0.453535 0.354857 0.124919 2.000000
0.461208 0.357982 0.137130 2.000000
0.454997 0.363594 0.128045 2.000000
0.554279 0.488121 0.122193 1.000000
0.458944 0.358806 0.137803 2.000000
0.448065 0.328074 0.126131 2.000000
0.550633 0.493843 0.122691 1.000000
0.565712 0.466599 0.129909 1.000000
0.551934 0.489758 0.125114 1.000000
0.565057 0.495266 0.132054 1.000000
0.546699 0.481859 0.130730 1.000000
0.465339 0.353275 0.118740 2.000000
0.521087 0.487025 0.120821 1.000000
0.580779 0.480382 0.129868 1.000000
0.433743 0.378055 0.139350 2.000000
0.553033 0.477632 0.131149 1.000000
0.512029 0.473791 0.127546 1.000000
-10.000000 -10.000000 -10.000000 2.000000
0.600655 0.467131 0.124643 1.000000
0.537068 0.471008 0.128999 1.000000
0.576661 0.481914 0.130689 1.000000
0.468315 0.342936 0.133321 2.000000
0.556350 0.482257 0.128222 1.000000
-10.000000 -10.000000 -10.000000 0.000000
0.436994 0.374205 0.139431 2.000000
-10.000000 -10.000000 -10.000000 2.000000
0.457973 0.352948 0.132349 2.000000
0.554989 0.484558 0.124540 1.000000
0.483379 0.371481 0.134044 2.000000
0.461208 0.357982 0.137130 2.000000
0.444859 0.358194 0.119447 2.000000
0.450445 0.343127 0.126807 2.000000
0.408012 0.381462 0.130486 2.000000
0.514176 0.483529 0.118740 1.000000
0.559112 0.477603 0.129256 1.000000
0.455192 0.342579 0.134408 2.000000
0.464733 0.355758 0.134406 2.000000
0.567738 0.477413 0.127209 1.000000
0.461462 0.366722 0.122514 2.000000
0.561941 0.479113 0.124440 1.000000
0.506836 0.476398 0.122166 1.000000
0.550243 0.477520 0.116873 1.000000
0.459054 0.359379 0.125915 2.000000
0.441274 0.355261 0.134725 2.000000
0.577291 0.469562 0.132938 1.000000
0.463103 0.356036 0.139757 2.000000
0.425042 0.368545 0.133798 2.000000
0.475801 0.356208 0.136570 2.000000
0.454669 0.358846 0.130072 2.000000
0.578129 0.463139 0.128807 1.000000
0.553844 0.487159 0.131285 1.000000
0.546950 0.498590 0.118660 1.000000
0.421879 0.363594 0.137077 2.000000
0.555226 0.482316 0.127946 1.000000
0.425343 0.358308 0.133976 2.000000
0.566096 0.488929 0.123977 1.000000
0.538576 0.478609 0.119415 1.000000
0.436028 0.376839 0.121045 2.000000
0.458972 0.370280 0.133429 2.000000
0.445326 0.361900 0.131471 2.000000
0.561229 0.469114 0.125367 1.000000
0.455251 0.379660 0.127455 2.000000
0.515372 0.480520 0.121452 1.000000
0.546164 0.480740 0.121559 1.000000
0.412173 0.358530 0.134360 2.000000
0.459659 0.342824 0.137190 2.000000
0.456553 0.333506 0.126776 2.000000
0.511252 0.470957 0.132061 1.000000
0.465558 0.355152 0.133131 2.000000
0.520368 0.464697 0.124401 1.000000
0.529351 0.474318 0.114901 1.000000
0.437901 0.379507 0.126566 2.000000
0.564786 0.488479 0.130763 1.000000
0.568898 0.491800 0.127746 1.000000
0.461076 0.345036 0.127970 2.000000
0.405042 0.363537 0.135747 2.000000
0.563386 0.481609 0.126802 1.000000
0.577305 0.491540 0.133202 1.000000
0.586234 0.477831 0.130078 1.000000
0.543947 0.486748 0.123780 1.000000
0.574335 0.486061 0.127920 1.000000
0.553751 0.482982 0.130107 1.000000
0.532760 0.475330 0.127357 2.000000
0.446847 0.358243 0.132892 2.000000
0.443333 0.325509 0.131979 2.000000
-10.000000 -10.000000 -10.000000 2.000000
0.518184 0.475096 0.123894 1.000000
0.544113 0.479786 0.128797 1.000000
0.467706 0.333179 0.123068 2.000000
0.558406 0.483391 0.132205 1.000000
0.458149 0.343503 0.133040 2.000000
0.446773 0.361646 0.134470 2.000000
0.446945 0.338589 0.126400 2.000000
0.407245 0.363158 0.129377 2.000000
0.449564 0.346040 0.132629 2.000000
0.450044 0.369392 0.127063 2.000000
0.556078 0.479055 0.119223 1.000000
0.434667 0.391768 0.139866 2.000000
0.535124 0.480142 0.117129 1.000000
0.565333 0.499033 0.125541 1.000000
0.555726 0.470791 0.127615 1.000000
0.568321 0.476311 0.127771 1.000000
0.431493 0.341076 0.130370 2.000000
0.580689 0.478033 0.129910 1.000000
0.602279 0.473133 0.136587 1.000000
0.454200 0.355231 0.128627 2.000000
-10.000000 -10.000000 -10.000000 1.000000
0.510136 0.390550 0.129221 2.000000
0.579032 0.486379 0.116642 1.000000
0.495720 0.384701 0.131895 2.000000
0.573011 0.469061 0.130302 1.000000
0.598027 0.483817 0.137737 1.000000
0.571176 0.471562 0.133584 1.000000
0.549402 0.487346 0.131681 1.000000
0.546888 0.494219 0.117926 1.000000
0.605688 0.450703 0.131230 1.000000
0.453888 0.351147 0.136191 2.000000
0.555742 0.479909 0.127128 1.000000
0.553195 0.491144 0.117995 1.000000
0.458579 0.351541 0.138428 2.000000
0.560358 0.487217 0.123200 1.000000
0.557605 0.468323 0.127730 1.000000
0.435763 0.347179 0.131936 2.000000
0.512599 0.466443 0.134130 1.000000
0.564449 0.495286 0.124428 1.000000
0.452411 0.377290 0.112299 2.000000
-10.000000 -10.000000 -10.000000 1.000000
0.558966 0.477805 0.129002 1.000000
0.421879 0.363594 0.137077 2.000000
0.555742 0.479909 0.127128 1.000000
-10.000000 -10.000000 -10.000000 2.000000
0.436843 0.390099 0.140147 2.000000
0.504456 0.466673 0.130457 1.000000
0.521457 0.475175 0.128371 1.000000
0.553603 0.492736 0.122773 1.000000
0.513919 0.467783 0.123744 1.000000
0.469421 0.359124 0.131545 2.000000
-10.000000 -10.000000 -10.000000 0.000000
0.571066 0.477894 0.125471 1.000000
0.556466 0.483186 0.134653 1.000000
0.435780 0.366699 0.111809 2.000000
0.441765 0.392185 0.123380 2.000000
0.531605 0.471292 0.138004 1.000000
0.444564 0.371443 0.115920 2.000000
0.467172 0.346303 0.134529 2.000000
0.520492 0.463388 0.124154 1.000000
0.510551 0.482056 0.121595 1.000000
0.402622 0.367450 0.133204 2.000000
0.447863 0.338602 0.136710 2.000000
0.555742 0.479909 0.127128 1.000000
0.503707 0.374361 0.133631 2.000000
0.546687 0.497096 0.120885 1.000000
0.447289 0.382972 0.128848 2.000000
0.442794 0.370154 0.126692 2.000000
0.577991 0.484739 0.123171 1.000000
0.547135 0.500061 0.119138 1.000000
0.485440 0.379395 0.131067 2.000000
0.513919 0.467783 0.123744 1.000000
0.571512 0.479441 0.118353 1.000000
0.576823 0.477579 0.128040 1.000000
0.445277 0.342751 0.132284 2.000000
0.471141 0.342594 0.124092 2.000000
0.441924 0.391419 0.136648 2.000000
0.420418 0.365741 0.138767 2.000000
0.551014 0.500049 0.121403 1.000000
0.528439 0.471867 0.126424 2.000000
0.554989 0.484558 0.124540 1.000000
0.456632 0.351989 0.136756 2.000000
0.571305 0.481666 0.125138 1.000000
0.519578 0.470728 0.130788 1.000000
0.532873 0.469943 0.123060 2.000000
0.583237 0.467894 0.118474 1.000000
0.431493 0.341076 0.130370 2.000000
0.441353 0.370437 0.126961 2.000000
0.465041 0.347859 0.126273 2.000000
0.436028 0.376839 0.121045 2.000000
0.520739 0.442368 0.129056 2.000000
0.560187 0.478379 0.129634 1.000000
0.507473 0.447723 0.133495 1.000000
0.457973 0.352948 0.132349 2.000000
0.549685 0.494592 0.119591 1.000000
0.439527 0.404959 0.123525 2.000000
0.597276 0.447202 0.123352 1.000000
0.452546 0.343627 0.126003 2.000000
0.446140 0.359730 0.134404 2.000000
0.444859 0.358194 0.119447 2.000000
0.445277 0.342751 0.132284 2.000000
0.445372 0.345055 0.135360 2.000000
0.449203 0.382936 0.115649 2.000000
0.446754 0.343419 0.137408 2.000000
0.555861 0.483582 0.127516 1.000000
0.587582 0.484357 0.119884 1.000000
0.454588 0.384261 0.129101 2.000000
0.525832 0.504370 0.116851 1.000000
0.424763 0.350695 0.134218 2.000000
0.559317 0.489657 0.130203 1.000000
0.525832 0.504370 0.116851 1.000000
0.510407 0.479754 0.130991 1.000000
0.545161 0.485163 0.131186 1.000000
0.424587 0.365213 0.132487 2.000000
0.525001 0.492277 0.123221 1.000000
0.595423 0.457612 0.121471 1.000000
0.445948 0.337726 0.131247 2.000000
0.447452 0.363662 0.123189 2.000000
0.546267 0.500139 0.119845 1.000000
0.584005 0.449280 0.125181 1.000000
0.444909 0.370894 0.127502 2.000000
0.446140 0.359730 0.134404 2.000000
0.559464 0.477099 0.127267 1.000000
0.446754 0.343419 0.137408 2.000000
0.463431 0.348901 0.135303 2.000000
0.464594 0.342732 0.121656 2.000000
0.445277 0.342751 0.132284 2.000000
0.570911 0.485490 0.132078 1.000000
0.449682 0.353962 0.129015 2.000000
0.457492 0.343336 0.135823 2.000000
0.577310 0.486932 0.116732 1.000000
0.463145 0.354091 0.133488 2.000000
0.574491 0.472412 0.128964 1.000000
-10.000000 -10.000000 -10.000000 1.000000
0.456844 0.348941 0.127371 2.000000
0.459554 0.368759 0.135876 2.000000
0.621412 0.452490 0.130274 1.000000
0.525513 0.480695 0.120980 1.000000
0.553517 0.480120 0.129430 1.000000
0.562793 0.482882 0.128681 1.000000
0.454093 0.359863 0.129305 2.000000
0.531318 0.473568 0.137232 1.000000
0.583237 0.467894 0.118474 1.000000
0.578237 0.502545 0.120634 1.000000
0.571859 0.477640 0.131751 1.000000
0.496696 0.461465 0.132006 2.000000
0.564089 0.476390 0.130232 1.000000
0.500528 0.434123 0.123888 2.000000
0.457495 0.361569 0.139901 2.000000
0.435849 0.356648 0.128032 2.000000
0.464337 0.340090 0.123363 2.000000
0.534227 0.517368 0.121972 1.000000
0.447553 0.348583 0.123001 2.000000
0.485413 0.357739 0.122371 2.000000
0.481138 0.374824 0.130096 2.000000
0.566638 0.501628 0.128963 1.000000
0.515372 0.480520 0.121452 1.000000
0.448320 0.352511 0.121482 2.000000
0.420719 0.368791 0.133173 2.000000
0.454153 0.356191 0.123758 2.000000
0.452154 0.342490 0.123963 2.000000
0.459854 0.353276 0.130829 2.000000
0.568914 0.475877 0.126476 1.000000
0.519093 0.471900 0.122988 1.000000
0.465548 0.347352 0.140234 2.000000
0.451208 0.350246 0.120203 2.000000
0.452546 0.343627 0.126003 2.000000
0.521186 0.492638 0.124583 1.000000
0.455458 0.361776 0.125888 2.000000
0.469591 0.361887 0.134241 2.000000
0.542039 0.479109 0.130650 1.000000
0.456965 0.355652 0.121793 2.000000
0.457099 0.352404 0.134235 2.000000
0.554734 0.486294 0.126966 1.000000
0.425531 0.349995 0.135386 2.000000
0.586163 0.475334 0.124559 1.000000
0.445835 0.350843 0.125950 2.000000
0.558812 0.476636 0.125041 1.000000
0.440440 0.369641 0.133888 2.000000
0.540284 0.477014 0.115862 1.000000
0.522488 0.483309 0.130761 1.000000
0.469015 0.365178 0.127476 2.000000
0.560308 0.490757 0.113611 1.000000
0.552099 0.507619 0.113802 1.000000
0.506460 0.427992 0.134248 2.000000
0.578844 0.500223 0.128822 1.000000
0.453030 0.389593 0.132777 2.000000
0.445603 0.346849 0.131877 2.000000
0.559515 0.481146 0.125565 1.000000
0.511392 0.474712 0.131626 1.000000
0.454640 0.358987 0.135465 2.000000
0.523544 0.482257 0.116626 1.000000
0.592692 0.472217 0.135370 1.000000
0.514934 0.469359 0.131179 1.000000
0.594525 0.471413 0.139544 1.000000
0.564358 0.470762 0.126354 1.000000
0.566728 0.488715 0.123863 1.000000
0.409894 0.365103 0.132818 2.000000
0.459469 0.352121 0.130040 2.000000
0.445160 0.353013 0.130865 2.000000
0.563259 0.480828 0.128412 1.000000
0.421879 0.363594 0.137077 2.000000
0.425487 0.377476 0.133890 2.000000
0.452546 0.343627 0.126003 2.000000
0.548371 0.488378 0.117953 1.000000
0.592692 0.472217 0.135370 1.000000
0.450952 0.356461 0.131980 2.000000
0.440657 0.373068 0.126551 2.000000
0.450860 0.313282 0.133590 2.000000
0.440419 0.346267 0.130677 2.000000
0.425800 0.373743 0.136923 2.000000
0.563137 0.494904 0.124873 1.000000
0.535124 0.480142 0.117129 1.000000
0.559404 0.492342 0.122692 1.000000
0.428492 0.343034 0.131243 2.000000
0.549019 0.474240 0.130418 1.000000
0.552001 0.489024 0.124076 1.000000
0.439376 0.363975 0.123435 2.000000
0.464356 0.366386 0.126220 2.000000
0.608522 0.448660 0.126476 1.000000
0.553844 0.487159 0.131285 1.000000
0.590887 0.477555 0.126984 1.000000
0.451503 0.360182 0.134775 2.000000
0.437477 0.341143 0.122547 2.000000
0.555861 0.483582 0.127516 1.000000
0.595770 0.480494 0.124535 1.000000
0.588957 0.464233 0.134420 1.000000
0.455825 0.373015 0.130135 2.000000
0.510551 0.482056 0.121595 1.000000
0.563664 0.463512 0.130787 1.000000
0.501979 0.460703 0.130057 1.000000
0.450816 0.346893 0.125686 2.000000
0.496874 0.377009 0.133029 2.000000
0.511252 0.470957 0.132061 1.000000
0.449840 0.352194 0.125084 2.000000
0.547135 0.500061 0.119138 1.000000
0.491565 0.383804 0.134102 2.000000
0.537351 0.494327 0.120990 1.000000
0.460574 0.366416 0.138041 2.000000
0.462189 0.364478 0.134365 2.000000
0.459469 0.352121 0.130040 2.000000
0.456553 0.333506 0.126776 2.000000
0.593319 0.447951 0.122929 1.000000
0.460052 0.331417 0.129186 2.000000
0.552998 0.487751 0.124953 1.000000
0.452739 0.360646 0.123716 2.000000
0.418397 0.368317 0.137817 2.000000
0.461764 0.361274 0.128732 2.000000
0.461076 0.345036 0.127970 2.000000
0.475809 0.366643 0.120610 2.000000
0.474160 0.350935 0.125302 2.000000
0.571660 0.469447 0.130428 1.000000
0.599528 0.488099 0.137574 1.000000
0.460306 0.358733 0.137329 2.000000
0.497827 0.480588 0.116471 1.000000
0.457420 0.348385 0.121694 2.000000
0.549451 0.478422 0.123927 1.000000
-10.000000 -10.000000 -10.000000 1.000000
0.458944 0.358806 0.137803 2.000000
0.580320 0.471109 0.131147 1.000000
0.451617 0.377692 0.127689 2.000000
-10.000000 -10.000000 -10.000000 0.000000
0.521087 0.487025 0.120821 1.000000
0.530356 0.476302 0.128922 1.000000
0.445995 0.382539 0.126979 2.000000
0.417968 0.365442 0.132170 2.000000
0.547411 0.500845 0.125290 1.000000
0.438221 0.348356 0.132531 2.000000
0.513919 0.467783 0.123744 1.000000
0.554453 0.488578 0.125451 1.000000
0.431812 0.350145 0.133732 2.000000
0.552295 0.480177 0.124962 1.000000
0.520187 0.491760 0.122867 1.000000
0.557619 0.484823 0.125207 1.000000
0.454525 0.360008 0.134144 2.000000
0.553751 0.482982 0.130107 1.000000
0.445302 0.351208 0.123214 2.000000
0.558149 0.485066 0.125057 1.000000
0.580091 0.488107 0.113049 1.000000
0.427869 0.350492 0.133871 2.000000
0.467853 0.361207 0.117713 2.000000
0.452326 0.355848 0.138128 2.000000
-10.000000 -10.000000 -10.000000 0.000000
0.517867 0.486354 0.128515 1.000000
0.605329 0.474229 0.143004 1.000000
0.508088 0.473475 0.126953 1.000000
0.422301 0.361701 0.133445 2.000000
0.549019 0.474240 0.130418 1.000000
0.453952 0.339301 0.124810 2.000000
0.566609 0.486045 0.129797 1.000000
0.460965 0.352670 0.139560 2.000000
0.462162 0.360586 0.129520 2.000000
0.551112 0.480299 0.133655 1.000000
0.516675 0.477414 0.130660 1.000000
0.446190 0.371541 0.124889 2.000000
0.421579 0.352470 0.131536 2.000000
0.459672 0.382560 0.120373 2.000000
-10.000000 -10.000000 -10.000000 1.000000
0.545939 0.493071 0.119940 1.000000
0.493683 0.379719 0.129520 2.000000
0.552667 0.474399 0.125546 1.000000
0.487416 0.377128 0.130481 2.000000
0.447420 0.363347 0.125251 2.000000
0.475185 0.338029 0.125252 2.000000
0.454898 0.353810 0.128679 2.000000
0.548507 0.477261 0.130115 1.000000
0.551190 0.470365 0.114577 1.000000
0.445602 0.359844 0.124583 2.000000
0.429472 0.395644 0.136565 2.000000
0.553033 0.477632 0.131149 1.000000
0.459163 0.362439 0.134884 2.000000
-10.000000 -10.000000 -10.000000 2.000000
0.510795 0.474799 0.128428 1.000000
0.565663 0.481054 0.132023 1.000000
0.547569 0.477963 0.122741 1.000000
0.444554 0.351996 0.133201 2.000000
0.565454 0.472459 0.128960 1.000000
0.475232 0.395502 0.130976 2.000000
0.565681 0.497730 0.117397 1.000000
0.577164 0.480507 0.129264 1.000000
0.439991 0.380856 0.121692 2.000000
0.432079 0.347650 0.127693 2.000000
0.571689 0.495857 0.118960 1.000000
0.421879 0.363594 0.137077 2.000000
0.544251 0.502231 0.121604 1.000000
0.463103 0.356036 0.139757 2.000000
0.454153 0.356191 0.123758 2.000000
0.415450 0.389848 0.134332 2.000000
0.443756 0.378253 0.129039 2.000000
0.587703 0.470498 0.130563 1.000000
0.568462 0.471137 0.123846 1.000000
0.413893 0.374404 0.137833 2.000000
0.458278 0.347739 0.130756 2.000000
0.436994 0.374205 0.139431 2.000000
0.518039 0.488665 0.123346 1.000000
0.454590 0.339360 0.134119 2.000000
0.574260 0.480310 0.129954 1.000000
0.443309 0.374978 0.121511 2.000000
0.604647 0.446247 0.133611 1.000000
0.529795 0.468424 0.122902 1.000000
0.556349 0.510514 0.121148 1.000000
0.457638 0.367655 0.122784 2.000000
0.465541 0.382541 0.119687 2.000000
0.608522 0.448660 0.126476 1.000000
0.460496 0.344602 0.134325 2.000000
0.442025 0.373768 0.124223 2.000000
0.575594 0.484430 0.126944 1.000000
0.413893 0.374404 0.137833 2.000000
0.564227 0.496778 0.125910 1.000000
0.596927 0.457701 0.125989 1.000000
0.478568 0.358969 0.121135 2.000000
0.465243 0.347733 0.142634 2.000000
0.595416 0.464206 0.127390 1.000000
0.530790 0.482335 0.122844 1.000000
0.429323 0.340161 0.129344 2.000000
0.558149 0.485066 0.125057 1.000000
0.457420 0.348385 0.121694 2.000000
0.444575 0.331117 0.133496 2.000000
0.450316 0.347671 0.121249 2.000000
0.560308 0.490757 0.113611 1.000000
0.542652 0.477552 0.119091 1.000000
0.471222 0.343273 0.124521 2.000000
0.453881 0.354835 0.136290 2.000000
0.526190 0.494120 0.118627 1.000000
0.576661 0.481914 0.130689 1.000000
0.459892 0.347583 0.143141 2.000000
0.568473 0.499752 0.113819 1.000000
0.564786 0.488479 0.130763 1.000000
0.465839 0.345696 0.140781 2.000000
-10.000000 -10.000000 -10.000000 2.000000
0.572979 0.466163 0.129925 1.000000
0.568613 0.506892 0.115727 1.000000
0.510136 0.390550 0.129221 2.000000
0.472985 0.350354 0.137093 2.000000
0.521244 0.467170 0.127333 1.000000
0.456138 0.360259 0.126509 2.000000
0.422612 0.349257 0.130922 2.000000
0.453535 0.354857 0.124919 2.000000
0.447289 0.382972 0.128848 2.000000
0.442794 0.370154 0.126692 2.000000
0.439991 0.380856 0.121692 2.000000
0.592999 0.484622 0.129105 1.000000
0.456632 0.351989 0.136756 2.000000
0.446659 0.391890 0.130049 2.000000
0.450738 0.353596 0.135262 2.000000
0.450023 0.345143 0.129623 2.000000
0.564105 0.499564 0.128752 1.000000
-10.000000 -10.000000 -10.000000 1.000000
0.567832 0.475553 0.129275 1.000000
0.554643 0.488619 0.121104 1.000000
0.468463 0.350090 0.127819 2.000000
0.544350 0.477361 0.114062 1.000000
0.582259 0.475517 0.126880 1.000000
0.454093 0.359863 0.129305 2.000000
0.560014 0.460407 0.129233 1.000000
0.507942 0.364421 0.136123 2.000000
0.444652 0.358037 0.132982 2.000000
0.511396 0.481520 0.121173 1.000000
0.546348 0.471837 0.124039 1.000000
0.432079 0.347650 0.127693 2.000000
0.555297 0.485470 0.132774 1.000000
0.507928 0.479312 0.120376 1.000000
0.560037 0.453457 0.139969 1.000000
0.425032 0.361828 0.134789 2.000000
0.566543 0.488869 0.122019 1.000000
0.558472 0.498505 0.120334 1.000000
0.502602 0.345234 0.127892 2.000000
-10.000000 -10.000000 -10.000000 1.000000
0.529351 0.474318 0.114901 1.000000
0.544761 0.493664 0.119676 1.000000
0.536261 0.503754 0.119693 1.000000
0.454898 0.353810 0.128679 2.000000
0.444957 0.339159 0.130995 2.000000
0.467888 0.355239 0.132400 2.000000
0.504670 0.474462 0.131309 1.000000
0.530930 0.471749 0.131628 1.000000
0.460432 0.328054 0.129781 2.000000
0.526910 0.481342 0.117533 1.000000
0.520985 0.485465 0.131365 1.000000
0.553824 0.464599 0.125565 1.000000
0.484935 0.379730 0.130486 2.000000
0.461722 0.345207 0.136305 2.000000
0.564336 0.492128 0.125670 1.000000
0.539283 0.497460 0.120861 1.000000
0.449564 0.346040 0.132629 2.000000
0.557256 0.476381 0.126774 1.000000
0.523778 0.477545 0.128503 1.000000
0.495647 0.382396 0.132473 2.000000
0.577243 0.489752 0.129874 1.000000
0.457945 0.356358 0.129679 2.000000
0.450119 0.368339 0.140907 2.000000
-10.000000 -10.000000 -10.000000 2.000000
0.583998 0.489456 0.124694 1.000000
0.502602 0.345234 0.127892 2.000000
-10.000000 -10.000000 -10.000000 1.000000
0.446109 0.360936 0.135288 2.000000
0.551726 0.481487 0.126966 1.000000
0.546267 0.500139 0.119845 1.000000
0.555506 0.486444 0.132578 1.000000
0.519093 0.471900 0.122988 1.000000
0.454061 0.365708 0.131128 2.000000
0.566947 0.492576 0.125226 1.000000
0.536176 0.500734 0.119486 1.000000
0.461330 0.351090 0.130804 2.000000
0.454486 0.343014 0.126123 2.000000
0.563445 0.463223 0.128286 1.000000
0.578641 0.477234 0.121332 1.000000
0.549676 0.470122 0.121187 1.000000
0.576908 0.474200 0.122795 1.000000
0.454528 0.362584 0.131076 2.000000
0.519578 0.470728 0.130788 1.000000
0.415577 0.371925 0.144581 2.000000
0.473657 0.357729 0.136375 2.000000
0.461330 0.351090 0.130804 2.000000
0.546950 0.498590 0.118660 1.000000
0.554985 0.484035 0.124880 1.000000
0.557605 0.468323 0.127730 1.000000
0.518039 0.488665 0.123346 1.000000
0.444845 0.354637 0.134405 2.000000
0.577054 0.488595 0.117032 1.000000
0.542506 0.477039 0.126008 1.000000
0.542039 0.479109 0.130650 1.000000
0.465583 0.363889 0.125012 2.000000
0.551221 0.493635 0.122393 1.000000
0.460125 0.350127 0.126301 2.000000
0.546888 0.494219 0.117926 1.000000
0.565567 0.491295 0.128798 1.000000
0.585205 0.480259 0.131982 1.000000
0.451230 0.358365 0.129407 2.000000
0.522488 0.483309 0.130761 1.000000
0.568473 0.499752 0.113819 1.000000
0.567913 0.494435 0.125132 1.000000
0.597389 0.461018 0.123796 1.000000
0.453974 0.362993 0.126080 2.000000
0.460125 0.350127 0.126301 2.000000
0.447991 0.357340 0.133115 2.000000
0.502806 0.472145 0.130246 1.000000
0.457973 0.352948 0.132349 2.000000
0.505720 0.364671 0.135182 2.000000
0.460294 0.355976 0.125937 2.000000
0.448320 0.352511 0.121482 2.000000
0.424087 0.350740 0.129354 2.000000
0.493181 0.358728 0.126617 2.000000
0.600655 0.467131 0.124643 1.000000
0.417063 0.395490 0.133294 2.000000
0.431404 0.342914 0.129303 2.000000
-10.000000 -10.000000 -10.000000 2.000000
0.568462 0.471137 0.123846 1.000000
0.476477 0.417379 0.113993 2.000000
0.479426 0.360200 0.130152 2.000000
0.457638 0.367655 0.122784 2.000000
0.489541 0.385333 0.134007 2.000000
0.557857 0.495424 0.128488 1.000000
0.552667 0.474399 0.125546 1.000000
0.481662 0.362707 0.125322 2.000000
-10.000000 -10.000000 -10.000000 2.000000
0.566947 0.492576 0.125226 1.000000
0.596171 0.485387 0.125277 1.000000
0.421579 0.352470 0.131536 2.000000
0.552099 0.507619 0.113802 1.000000
0.440337 0.348067 0.129251 2.000000
0.450701 0.353592 0.130862 2.000000
-10.000000 -10.000000 -10.000000 2.000000
0.514524 0.474647 0.134006 1.000000
0.519278 0.477337 0.124092 1.000000
0.563261 0.487453 0.130052 1.000000
0.424366 0.353438 0.134252 2.000000
0.525581 0.481522 0.114691 1.000000
0.456979 0.362204 0.140110 2.000000
0.587052 0.471029 0.130063 1.000000
