0.312008 0.697343 0.447343 1.000000
0.244094 0.207677 0.432087 1.000000
0.468996 0.499016 0.433071 1.000000
0.412402 0.845472 0.390748 1.000000
0.119094 0.629921 0.425689 1.000000
0.156988 0.294783 0.402067 1.000000
0.286909 0.747539 0.416339 1.000000
0.267224 0.294291 0.442913 1.000000
0.429134 0.836122 0.397638 0.000000
0.504429 0.262795 0.451280 0.000000
0.048720 0.695374 0.735236 2.000000
0.045768 0.614173 0.067913 2.000000
0.406496 0.548228 0.451280 1.000000
0.300689 0.801673 0.396654 1.000000
0.414862 0.847933 0.069390 2.000000
0.065453 0.650591 0.784449 2.000000
0.453740 0.213091 0.452756 1.000000
0.196358 0.076772 0.389764 1.000000
0.198819 0.613189 0.464567 0.000000
0.220965 0.000984 0.388287 0.000000
0.637303 0.211614 0.005413 2.000000
0.491634 0.098425 0.401083 1.000000
0.247047 0.247047 0.432579 1.000000
0.348917 0.606791 0.471949 1.000000
0.195866 0.230315 0.404528 1.000000
0.277559 0.799705 0.092028 2.000000
0.337106 0.144193 0.432087 1.000000
0.412894 0.422244 0.469488 1.000000
0.301181 0.060531 0.400591 1.000000
0.187008 0.179626 0.401083 1.000000
0.444390 0.392224 0.454724 1.000000
0.166831 0.441437 0.425197 1.000000
0.629921 0.135335 0.079232 2.000000
0.177657 0.229823 0.402067 1.000000
0.190453 0.179626 0.399606 1.000000
0.079724 0.726870 0.395669 1.000000
0.203248 0.131890 0.400098 1.000000
0.513780 0.171260 0.427657 1.000000
0.417815 0.430118 0.459154 1.000000
0.134843 0.401575 0.407480 1.000000
0.193898 0.643701 0.450787 0.000000
0.123524 0.407972 0.399114 1.000000
0.262795 0.301673 0.442421 1.000000
0.249508 0.088091 0.409941 1.000000
0.657972 0.164370 0.391240 0.000000
0.498031 0.617618 0.400098 1.000000
0.564469 0.187992 0.429134 0.000000
0.443898 0.631398 0.425197 1.000000
0.148622 0.257382 0.384843 1.000000
0.113189 0.329232 0.389272 1.000000
0.361220 0.187992 0.459646 1.000000
0.526575 0.487205 0.433071 1.000000
0.381890 0.360728 0.489665 0.000000
0.255413 0.738681 0.412402 1.000000
0.341535 0.538386 0.487205 1.000000
0.328248 0.773130 0.412402 1.000000
0.212598 0.749508 0.409449 1.000000
0.349409 0.584646 0.469980 1.000000
0.050689 0.661909 0.743110 2.000000
0.434547 0.111713 0.410433 1.000000
0.271161 0.795768 0.073327 2.000000
0.381890 0.754429 0.428150 0.000000
0.424213 0.224902 0.461614 1.000000
0.350394 0.494587 0.481299 1.000000
0.282480 0.765256 0.406004 1.000000
0.225886 0.118602 0.408465 1.000000
0.295276 0.810039 0.396161 1.000000
0.403543 0.483268 0.470472 1.000000
0.398622 0.690453 0.433563 1.000000
0.462598 0.391732 0.453248 1.000000
0.095472 0.431102 0.391732 1.000000
0.290354 0.339567 0.466535 1.000000
0.466535 0.535925 0.428642 1.000000
0.119587 0.472933 0.406988 1.000000
0.444390 0.824803 0.968504 2.000000
0.289370 0.414862 0.476378 1.000000
0.367126 0.370079 0.498031 0.000000
0.453248 0.418799 0.449803 1.000000
0.161417 0.752461 0.059547 2.000000
0.584154 0.160925 0.412894 1.000000
0.547244 0.130413 0.405512 1.000000
0.250492 0.795276 0.068898 2.000000
0.229331 0.010827 0.406496 0.000000
0.398130 0.694390 0.428642 1.000000
0.349902 0.706201 0.443898 1.000000
0.289862 0.172736 0.437008 1.000000
0.048228 0.671260 0.402559 1.000000
0.385335 0.047244 0.070866 2.000000
0.132382 0.266732 0.376969 1.000000
0.137303 0.724409 0.150591 2.000000
0.375492 0.207185 0.467520 1.000000
0.231299 0.190453 0.422736 1.000000
0.374508 0.236713 0.470965 1.000000
0.365157 0.815453 0.387303 1.000000
0.597933 0.304626 0.403543 1.000000
0.200787 0.649606 0.453248 1.000000
0.360236 0.093504 0.415846 1.000000
0.277067 0.095472 0.424213 0.000000
0.522638 0.350394 0.430118 1.000000
0.494094 0.604823 0.403051 1.000000
0.485728 0.588091 0.416831 1.000000
0.336122 0.638287 0.473425 0.000000
0.612697 0.255906 0.394193 1.000000
0.199311 0.576772 0.457185 1.000000
0.068898 0.599902 0.059547 2.000000
0.597441 0.308071 0.405512 1.000000
0.426673 0.479331 0.459154 1.000000
0.115650 0.590059 0.414370 1.000000
0.332185 0.652067 0.463583 0.000000
0.516240 0.370571 0.429134 1.000000
0.398622 0.465551 0.466043 1.000000
0.557087 0.411417 0.403543 1.000000
0.179626 0.693406 0.422736 1.000000
0.446358 0.430610 0.451772 1.000000
0.361220 0.248524 0.480315 0.000000
0.347441 0.084646 0.411909 1.000000
0.222933 0.778051 0.394685 1.000000
0.148622 0.257382 0.384843 1.000000
0.071358 0.634350 0.770177 2.000000
0.420276 0.770177 0.408465 1.000000
0.541339 0.342520 0.421752 1.000000
0.212106 0.217028 0.408957 1.000000
0.200787 0.240157 0.414370 1.000000
0.586614 0.208169 0.421260 0.000000
0.348425 0.595472 0.471457 1.000000
0.281004 0.211122 0.440945 1.000000
0.170768 0.365650 0.414370 1.000000
0.240157 0.006398 0.389764 0.000000
0.624016 0.243602 0.177657 2.000000
0.164862 0.516240 0.433071 1.000000
0.238681 0.383366 0.450295 1.000000
0.206693 0.120079 0.394193 1.000000
0.569882 0.325295 0.414370 1.000000
0.249016 0.658957 0.452756 1.000000
0.325295 0.621063 0.480807 0.000000
0.279035 0.709154 0.429626 1.000000
0.381890 0.754429 0.428150 0.000000
0.263287 0.078248 0.425197 0.000000
0.195374 0.340059 0.417815 1.000000
0.528051 0.172244 0.423228 1.000000
0.437992 0.062992 0.381398 1.000000
0.281496 0.396654 0.465551 1.000000
0.377461 0.252953 0.481791 0.000000
0.106299 0.703248 0.418307 1.000000
0.320866 0.062500 0.406496 1.000000
0.457185 0.567421 0.423720 1.000000
0.302657 0.595472 0.480807 0.000000
0.247539 0.743602 0.410433 1.000000
0.204724 0.236713 0.412402 1.000000
0.658465 0.147638 0.073327 2.000000
0.543307 0.487697 0.436024 1.000000
0.044291 0.743602 0.394193 1.000000
0.083661 0.509843 0.393209 1.000000
0.349409 0.584646 0.469980 1.000000
0.071358 0.754429 0.067913 2.000000
0.273130 0.309055 0.451772 1.000000
0.346949 0.321850 0.492618 1.000000
0.459154 0.801673 0.992618 2.000000
0.305610 0.729823 0.426673 1.000000
0.228346 0.421260 0.442421 1.000000
0.416831 0.578248 0.444390 1.000000
0.071358 0.714075 0.401083 1.000000
0.210630 0.536417 0.448819 1.000000
0.264272 0.350886 0.449311 1.000000
0.360236 0.455217 0.491142 0.000000
0.154528 0.568406 0.428642 1.000000
0.248524 0.415846 0.453740 1.000000
0.476870 0.780512 0.066437 2.000000
0.444390 0.824803 0.968504 2.000000
0.420276 0.114665 0.414862 1.000000
0.336122 0.450295 0.498031 0.000000
0.390256 0.798228 0.407480 1.000000
0.177657 0.711614 0.414370 1.000000
0.582677 0.110236 0.393209 1.000000
0.437992 0.062992 0.381398 1.000000
0.648130 0.178150 0.008858 2.000000
0.381890 0.754429 0.428150 0.000000
0.489665 0.722933 0.389272 1.000000
0.337598 0.386811 0.498524 1.000000
0.345472 0.060531 0.403051 1.000000
0.494587 0.087106 0.071358 2.000000
0.456693 0.202264 0.450295 1.000000
0.025098 0.708169 0.082185 2.000000
0.368602 0.483268 0.478346 1.000000
0.176673 0.159449 0.389272 1.000000
0.355315 0.812992 0.139272 2.000000
0.246063 0.082677 0.416831 0.000000
0.464567 0.283465 0.467520 1.000000
0.341535 0.538386 0.487205 1.000000
0.392224 0.114173 0.412402 1.000000
0.185039 0.753445 0.057579 2.000000
0.294291 0.175689 0.446358 1.000000
0.326280 0.065945 0.403051 1.000000
0.338091 0.127953 0.432579 1.000000
0.039862 0.619094 0.391240 1.000000
0.346949 0.346949 0.485236 1.000000
0.174705 0.459646 0.428150 1.000000
0.226870 0.745571 0.409449 1.000000
0.326772 0.518209 0.489173 0.000000
0.420768 0.831201 0.392224 1.000000
0.596949 0.355315 0.390256 1.000000
0.192421 0.552165 0.444882 1.000000
0.319882 0.030020 0.389272 1.000000
0.480807 0.751476 0.957185 2.000000
0.317913 0.050197 0.395177 1.000000
0.263780 0.506398 0.470472 1.000000
0.489173 0.732776 0.392717 1.000000
0.406988 0.370079 0.474409 1.000000
0.258858 0.393701 0.457185 1.000000
0.183071 0.659449 0.443898 0.000000
0.372047 0.143701 0.435531 1.000000
0.312992 0.639764 0.468996 1.000000
0.411417 0.561024 0.446358 1.000000
0.109744 0.746555 0.392717 1.000000
0.101378 0.420768 0.394193 1.000000
0.495571 0.366634 0.432579 1.000000
0.400591 0.350886 0.478839 1.000000
0.389764 0.830217 0.066437 2.000000
0.186024 0.223917 0.405512 1.000000
0.358760 0.205217 0.459154 1.000000
0.426181 0.067421 0.072835 2.000000
0.244094 0.198819 0.419291 1.000000
0.036417 0.671260 0.096457 2.000000
0.166831 0.441437 0.425197 1.000000
0.094980 0.704724 0.410925 1.000000
0.567421 0.208169 0.425197 0.000000
0.068898 0.645669 0.758366 2.000000
0.234252 0.520177 0.467028 1.000000
0.308563 0.615157 0.473917 1.000000
0.147638 0.359252 0.403543 1.000000
0.549213 0.437008 0.410925 1.000000
0.391240 0.440945 0.472441 1.000000
0.419783 0.766732 0.941929 2.000000
0.326280 0.265256 0.466043 1.000000
0.108760 0.723425 0.402559 1.000000
0.296260 0.793307 0.053150 2.000000
0.414370 0.089567 0.407972 1.000000
0.483760 0.251476 0.463091 0.000000
0.290846 0.668799 0.452756 1.000000
0.184547 0.281988 0.410433 1.000000
0.294783 0.411909 0.480807 1.000000
0.146161 0.247047 0.286909 2.000000
0.165354 0.696850 0.418307 1.000000
0.567913 0.248524 0.418799 1.000000
0.417323 0.809055 0.406496 0.000000
0.230315 0.174705 0.411417 1.000000
0.465551 0.425197 0.441437 1.000000
0.238189 0.730807 0.413386 1.000000
0.314961 0.477362 0.489665 1.000000
0.157480 0.491142 0.427657 1.000000
0.496555 0.187500 0.435039 1.000000
0.200787 0.116634 0.402067 1.000000
0.070374 0.517224 0.388287 1.000000
0.346457 0.354823 0.489173 1.000000
0.293799 0.301673 0.460138 1.000000
0.514272 0.253445 0.440945 0.000000
0.447835 0.293307 0.472933 1.000000
0.095965 0.619587 0.409449 1.000000
0.459154 0.764272 0.954724 2.000000
0.486713 0.591535 0.415354 1.000000
0.574803 0.453740 0.405020 1.000000
0.058563 0.673228 0.408957 1.000000
0.604823 0.157972 0.410433 0.000000
0.265256 0.130413 0.427657 1.000000
0.358760 0.352854 0.497047 0.000000
0.242126 0.220965 0.428642 1.000000
0.569882 0.380413 0.408957 1.000000
0.407972 0.485236 0.463091 1.000000
0.159941 0.688976 0.424213 1.000000
0.136319 0.473425 0.408465 1.000000
0.530512 0.492618 0.434547 1.000000
0.406988 0.370079 0.474409 1.000000
0.175197 0.590551 0.447835 1.000000
0.268209 0.323327 0.455217 1.000000
0.329724 0.234252 0.470472 1.000000
0.415846 0.828740 0.394685 1.000000
0.338091 0.428642 0.500984 0.000000
0.290846 0.668799 0.452756 1.000000
0.335138 0.237697 0.474902 1.000000
0.525591 0.178150 0.427165 1.000000
0.316929 0.279035 0.469980 1.000000
0.248524 0.391732 0.450295 1.000000
0.182087 0.157480 0.397638 1.000000
0.294783 0.283465 0.455709 1.000000
0.532972 0.138780 0.412894 1.000000
0.065945 0.710630 0.400591 0.000000
0.557087 0.226378 0.435039 0.000000
0.378445 0.344980 0.490650 0.000000
0.287402 0.524114 0.492126 1.000000
0.406004 0.391240 0.475886 1.000000
0.257874 0.372539 0.457185 1.000000
0.285925 0.484252 0.480807 1.000000
0.435039 0.172736 0.435039 1.000000
0.399114 0.536909 0.462598 1.000000
0.079724 0.528051 0.057579 2.000000
0.109744 0.678150 0.420276 0.000000
0.179134 0.639764 0.446850 0.000000
0.520669 0.632382 0.393701 1.000000
0.348425 0.157972 0.442913 1.000000
0.294783 0.283465 0.455709 1.000000
0.172244 0.777067 0.390256 1.000000
0.567421 0.208169 0.425197 0.000000
0.334646 0.780512 0.914862 2.000000
0.269193 0.234744 0.443406 1.000000
0.277559 0.220472 0.445374 1.000000
0.409449 0.782972 0.413878 0.000000
0.189961 0.541831 0.448327 1.000000
0.431594 0.631890 0.437500 1.000000
0.424213 0.321358 0.473917 1.000000
0.232776 0.313976 0.431102 1.000000
0.012795 0.701772 0.800197 2.000000
0.342520 0.818898 0.390748 1.000000
0.331201 0.152067 0.436024 1.000000
0.597933 0.126476 0.395669 1.000000
0.503445 0.487697 0.430610 1.000000
0.285433 0.698327 0.436024 1.000000
0.481791 0.627461 0.403543 1.000000
0.529528 0.124016 0.429626 1.000000
0.304134 0.743602 0.418799 1.000000
0.533957 0.152559 0.419783 1.000000
0.329724 0.662894 0.453248 1.000000
0.527559 0.279035 0.430118 1.000000
0.310039 0.679134 0.447835 1.000000
0.466535 0.155512 0.428150 1.000000
0.438976 0.741634 0.411417 1.000000
0.297736 0.387303 0.470965 1.000000
0.272638 0.424705 0.469488 1.000000
0.454232 0.398130 0.445866 1.000000
0.199311 0.576772 0.457185 1.000000
0.270669 0.320866 0.456693 1.000000
0.374508 0.591043 0.457677 1.000000
0.290846 0.668799 0.452756 1.000000
0.180118 0.746063 0.399114 1.000000
0.624016 0.243602 0.177657 2.000000
0.069882 0.745571 0.067421 2.000000
0.244094 0.629921 0.468504 1.000000
0.438976 0.741634 0.411417 1.000000
0.179626 0.463091 0.432579 1.000000
0.284449 0.265256 0.455709 1.000000
0.557087 0.370079 0.411417 1.000000
0.162402 0.465059 0.421260 1.000000
0.161417 0.366142 0.411909 1.000000
0.474409 0.703740 0.407480 1.000000
0.415846 0.526575 0.457677 1.000000
0.536417 0.207185 0.445866 0.000000
0.133858 0.258858 0.279035 2.000000
0.272638 0.314469 0.453740 1.000000
0.161417 0.704232 0.425689 1.000000
0.437500 0.758366 0.413386 1.000000
0.515748 0.405020 0.421752 1.000000
0.223425 0.562500 0.465551 1.000000
0.196850 0.387303 0.430118 1.000000
0.521161 0.613189 0.067913 2.000000
0.514272 0.563976 0.406004 1.000000
0.101378 0.420768 0.394193 1.000000
0.526575 0.331201 0.425197 1.000000
0.255413 0.585630 0.484252 0.000000
0.571850 0.430610 0.401575 1.000000
0.541339 0.359252 0.422244 1.000000
0.645177 0.215551 0.006398 2.000000
0.363189 0.294783 0.492126 1.000000
0.222933 0.011319 0.396654 0.000000
0.271161 0.795768 0.073327 2.000000
0.337598 0.769685 0.409449 1.000000
0.337106 0.144193 0.432087 1.000000
0.271654 0.757874 0.409449 1.000000
0.429626 0.580709 0.441929 1.000000
0.252461 0.140748 0.417815 1.000000
0.336614 0.691929 0.447343 1.000000
0.364173 0.764272 0.420276 1.000000
0.406496 0.548228 0.451280 1.000000
0.187500 0.140748 0.097441 2.000000
0.226378 0.213091 0.417323 1.000000
0.423228 0.830709 0.945374 2.000000
0.408957 0.649114 0.442913 1.000000
0.528051 0.366634 0.422736 1.000000
0.462598 0.722441 0.405512 1.000000
0.424213 0.428150 0.462106 1.000000
0.156004 0.737205 0.405020 1.000000
0.362697 0.132382 0.421752 1.000000
0.378445 0.729823 0.436516 0.000000
0.500984 0.470472 0.426673 1.000000
0.309547 0.592520 0.494094 0.000000
0.437500 0.770669 0.410433 1.000000
0.247047 0.247047 0.432579 1.000000
0.280512 0.203740 0.443406 1.000000
0.102362 0.603346 0.407972 1.000000
0.365650 0.266732 0.491142 0.000000
0.250492 0.327264 0.450787 1.000000
0.223917 0.058071 0.394193 1.000000
0.441929 0.301673 0.474409 1.000000
0.249508 0.728346 0.425197 1.000000
0.450295 0.609744 0.428150 1.000000
0.315945 0.508858 0.500984 0.000000
0.499016 0.535925 0.410925 1.000000
0.358760 0.352854 0.497047 0.000000
0.232776 0.775591 0.072343 2.000000
0.273130 0.507874 0.474902 1.000000
0.032972 0.688976 0.775591 2.000000
0.069882 0.745571 0.067421 2.000000
0.593504 0.337598 0.011319 2.000000
0.394685 0.716535 0.434547 0.000000
0.140748 0.435039 0.411909 1.000000
0.278051 0.262795 0.447343 1.000000
0.156004 0.220472 0.393701 1.000000
0.186516 0.590551 0.453248 1.000000
0.462598 0.722441 0.405512 1.000000
0.466535 0.128937 0.411417 1.000000
0.597441 0.308071 0.405512 1.000000
0.406988 0.457677 0.460630 1.000000
0.071358 0.714075 0.401083 1.000000
0.657972 0.164370 0.391240 0.000000
0.134350 0.494587 0.417323 1.000000
0.389272 0.555118 0.454724 1.000000
0.262795 0.657480 0.453740 1.000000
0.246063 0.462598 0.453248 1.000000
0.000000 0.717028 0.706201 2.000000
0.504429 0.262795 0.451280 0.000000
0.462598 0.722441 0.405512 1.000000
0.539370 0.308071 0.425689 1.000000
0.387795 0.072343 0.396161 1.000000
0.252461 0.140748 0.417815 1.000000
0.232776 0.775591 0.072343 2.000000
0.378445 0.344980 0.490650 0.000000
0.437500 0.726378 0.418799 1.000000
0.177657 0.711614 0.414370 1.000000
0.278051 0.812992 0.070866 2.000000
0.283957 0.160433 0.436516 1.000000
0.125492 0.287894 0.384350 1.000000
0.225394 0.092028 0.137303 2.000000
0.602362 0.216535 0.413878 0.000000
0.223425 0.562500 0.465551 1.000000
0.463091 0.180610 0.432087 1.000000
0.340059 0.110728 0.420768 1.000000
0.432579 0.846457 0.395669 0.000000
0.489665 0.410433 0.429626 1.000000
0.246555 0.275591 0.439469 1.000000
0.289862 0.172736 0.437008 1.000000
0.055610 0.601378 0.060039 2.000000
0.437500 0.508858 0.439469 1.000000
0.462598 0.811516 0.397146 1.000000
0.337598 0.324311 0.503445 1.000000
0.424213 0.321358 0.473917 1.000000
0.156988 0.294783 0.402067 1.000000
0.376969 0.839567 0.066929 2.000000
0.179626 0.281496 0.410433 1.000000
0.485728 0.361713 0.440453 1.000000
0.227854 0.771654 0.199803 2.000000
0.529528 0.532972 0.401575 1.000000
0.313484 0.381890 0.480315 1.000000
0.279528 0.757874 0.407480 1.000000
0.348917 0.145669 0.437500 1.000000
0.219980 0.682087 0.437008 1.000000
0.404528 0.423720 0.474409 1.000000
0.456201 0.098425 0.402067 1.000000
0.073819 0.561516 0.395177 1.000000
0.312008 0.187008 0.457185 0.000000
0.625000 0.181594 0.404528 0.000000
0.383366 0.271161 0.486220 0.000000
0.530512 0.499016 0.432579 1.000000
0.312992 0.639764 0.468996 1.000000
0.348425 0.595472 0.471457 1.000000
0.314469 0.162894 0.444882 0.000000
0.413386 0.796260 0.983268 2.000000
0.133366 0.744094 0.394193 1.000000
0.183563 0.385335 0.424213 1.000000
0.045768 0.667323 0.175689 2.000000
0.496063 0.283957 0.453248 1.000000
0.496063 0.283957 0.453248 1.000000
0.329724 0.234252 0.470472 1.000000
0.002953 0.726870 0.714075 2.000000
0.339075 0.420768 0.496555 0.000000
0.272638 0.314469 0.453740 1.000000
0.411909 0.759843 0.421752 0.000000
0.576772 0.244094 0.412894 1.000000
0.145669 0.509843 0.421260 1.000000
0.369094 0.516732 0.474902 1.000000
0.207185 0.482283 0.446358 1.000000
0.015748 0.724409 0.387303 0.000000
0.246063 0.361713 0.445866 1.000000
0.248524 0.334646 0.445374 1.000000
0.531004 0.271161 0.431594 1.000000
0.427657 0.659449 0.428150 1.000000
0.294783 0.283465 0.455709 1.000000
0.295276 0.707185 0.441929 1.000000
0.519685 0.515748 0.414370 1.000000
0.160925 0.766732 0.144193 2.000000
0.141732 0.616634 0.434547 1.000000
0.225394 0.092028 0.137303 2.000000
0.042323 0.617126 0.394685 1.000000
0.229331 0.010827 0.406496 0.000000
0.388780 0.252461 0.479331 1.000000
0.308563 0.092028 0.420768 1.000000
0.058563 0.673228 0.408957 1.000000
0.095965 0.619587 0.409449 1.000000
0.452264 0.331693 0.455709 1.000000
0.046752 0.727854 0.176181 2.000000
0.293307 0.798720 0.213583 2.000000
0.364665 0.503445 0.478346 1.000000
0.462106 0.755906 0.401083 1.000000
0.255906 0.193898 0.430610 1.000000
0.262303 0.807087 0.065945 2.000000
0.333661 0.134350 0.436516 1.000000
0.525591 0.091043 0.470472 2.000000
0.396654 0.099409 0.406496 1.000000
0.608760 0.173228 0.414862 0.000000
0.221457 0.679626 0.433071 1.000000
0.335138 0.056102 0.090551 2.000000
0.450295 0.318406 0.465551 1.000000
0.083661 0.528543 0.163878 2.000000
0.389272 0.763287 0.961614 2.000000
0.454232 0.183563 0.434547 1.000000
0.332185 0.652067 0.463583 0.000000
0.396654 0.099409 0.406496 1.000000
0.112205 0.546752 0.416831 1.000000
0.152559 0.623524 0.444390 1.000000
0.357776 0.603346 0.475394 1.000000
0.156004 0.276575 0.397146 1.000000
0.388780 0.252461 0.479331 1.000000
0.301673 0.780020 0.402559 1.000000
0.399114 0.750492 0.435039 0.000000
0.542815 0.447835 0.409941 1.000000
0.460630 0.313484 0.456693 1.000000
0.562008 0.176181 0.426673 0.000000
0.432579 0.231299 0.461614 1.000000
0.547244 0.130413 0.405512 1.000000
0.323819 0.172736 0.452756 0.000000
0.468996 0.792323 0.066929 2.000000
0.501969 0.500000 0.421260 1.000000
0.219488 0.040846 0.398130 0.000000
0.218996 0.650591 0.449803 1.000000
0.357283 0.247539 0.476378 0.000000
0.234744 0.772638 0.404528 1.000000
0.378445 0.077756 0.397638 1.000000
0.269685 0.093012 0.430118 0.000000
0.336614 0.305610 0.493110 1.000000
0.413386 0.314469 0.486220 1.000000
0.083661 0.754921 0.387795 1.000000
0.277067 0.095472 0.424213 0.000000
0.490157 0.657480 0.397638 1.000000
0.230315 0.083661 0.408957 1.000000
0.571358 0.360236 0.406004 1.000000
0.214075 0.005906 0.386319 0.000000
0.004429 0.714567 0.082677 2.000000
0.362205 0.177165 0.445866 1.000000
0.388287 0.314961 0.491142 0.000000
0.249508 0.091535 0.413878 1.000000
0.244094 0.207677 0.432087 1.000000
0.368602 0.654035 0.452264 0.000000
0.340551 0.197835 0.461122 0.000000
0.392224 0.063976 0.395669 1.000000
0.037402 0.641732 0.817421 2.000000
0.301181 0.080709 0.413878 1.000000
0.071358 0.634350 0.770177 2.000000
0.252953 0.572835 0.478839 1.000000
0.608760 0.126476 0.089567 2.000000
0.220472 0.742126 0.408465 1.000000
0.243110 0.770177 0.214567 2.000000
0.510335 0.463583 0.428642 1.000000
0.218012 0.109744 0.402067 1.000000
0.508858 0.183563 0.437992 1.000000
0.109744 0.519193 0.411417 1.000000
0.423720 0.721457 0.417323 1.000000
0.210630 0.431594 0.436516 1.000000
0.238681 0.495571 0.466043 1.000000
0.457677 0.291831 0.469488 1.000000
0.282480 0.811516 0.065453 2.000000
0.189961 0.129921 0.392717 1.000000
0.220472 0.742126 0.408465 1.000000
0.248524 0.334646 0.445374 1.000000
0.228346 0.526575 0.456693 1.000000
0.093012 0.562992 0.401083 1.000000
0.289862 0.172736 0.437008 1.000000
0.399114 0.750492 0.435039 0.000000
0.257382 0.198819 0.431594 1.000000
0.223425 0.562500 0.465551 1.000000
0.413878 0.483268 0.451280 1.000000
0.170768 0.682087 0.427657 1.000000
0.073819 0.561516 0.395177 1.000000
0.312992 0.639764 0.468996 1.000000
0.248524 0.415846 0.453740 1.000000
0.255413 0.562008 0.478346 1.000000
0.464075 0.773130 0.400098 1.000000
0.283465 0.285433 0.452264 1.000000
0.490650 0.370571 0.442913 1.000000
0.164370 0.603839 0.444390 1.000000
0.423228 0.830709 0.945374 2.000000
0.207677 0.095472 0.104823 2.000000
0.468996 0.792323 0.066929 2.000000
0.427657 0.673228 0.424705 1.000000
0.422736 0.377461 0.470965 1.000000
0.547244 0.381398 0.417323 1.000000
0.286417 0.092520 0.416831 1.000000
0.531004 0.582185 0.066437 2.000000
0.200787 0.240157 0.414370 1.000000
0.264764 0.647638 0.453740 1.000000
0.264764 0.021654 0.389764 1.000000
0.577756 0.422736 0.398130 1.000000
0.569882 0.380413 0.408957 1.000000
0.276575 0.156988 0.437008 1.000000
0.344980 0.202264 0.460630 0.000000
0.460138 0.774606 0.084646 2.000000
0.331693 0.468012 0.496555 0.000000
0.521654 0.233268 0.437008 0.000000
0.558563 0.123031 0.412894 1.000000
0.431594 0.631890 0.437500 1.000000
0.346949 0.346949 0.485236 1.000000
0.187500 0.140748 0.097441 2.000000
0.177165 0.193406 0.398622 1.000000
0.290846 0.668799 0.452756 1.000000
0.295276 0.707185 0.441929 1.000000
0.243110 0.417323 0.453248 1.000000
0.158957 0.287402 0.398622 1.000000
0.486713 0.591535 0.415354 1.000000
0.185039 0.316437 0.411909 1.000000
0.352854 0.193406 0.462598 0.000000
0.505906 0.123524 0.413878 1.000000
0.593504 0.337598 0.011319 2.000000
0.309055 0.756398 0.413386 1.000000
0.226378 0.213091 0.417323 1.000000
0.284941 0.561024 0.495571 1.000000
0.076280 0.618110 0.406988 1.000000
0.312008 0.697343 0.447343 1.000000
0.340059 0.110728 0.420768 1.000000
0.202756 0.678642 0.432579 1.000000
0.196850 0.789862 0.388287 1.000000
0.530512 0.499016 0.432579 1.000000
0.324803 0.578248 0.488681 0.000000
0.524114 0.595472 0.391732 1.000000
0.274606 0.555610 0.489665 1.000000
0.462106 0.095472 0.402067 1.000000
0.406988 0.112205 0.418799 1.000000
0.335138 0.278051 0.475394 1.000000
0.258858 0.393701 0.457185 1.000000
0.517224 0.197835 0.437008 1.000000
0.412894 0.422244 0.469488 1.000000
0.269193 0.416339 0.461614 1.000000
0.121555 0.376969 0.393209 1.000000
0.607776 0.306102 0.393701 1.000000
0.532480 0.135335 0.408957 1.000000
0.415846 0.526575 0.457677 1.000000
0.152559 0.623524 0.444390 1.000000
0.277067 0.095472 0.424213 0.000000
0.315453 0.038386 0.394685 1.000000
0.087598 0.583169 0.408957 1.000000
0.462106 0.095472 0.402067 1.000000
0.046752 0.658957 0.162402 2.000000
0.125492 0.692421 0.426673 0.000000
0.225886 0.118602 0.408465 1.000000
0.362205 0.811024 0.889272 2.000000
0.519193 0.570866 0.404035 1.000000
0.139272 0.608268 0.434547 1.000000
0.502953 0.416831 0.425197 1.000000
0.176673 0.707185 0.417815 1.000000
0.448327 0.517717 0.439469 1.000000
0.183071 0.659449 0.443898 0.000000
0.212598 0.466043 0.448819 1.000000
0.276083 0.464567 0.476378 1.000000
0.304134 0.743602 0.418799 1.000000
0.174705 0.562500 0.438976 1.000000
0.288878 0.599902 0.487205 1.000000
0.113681 0.741142 0.066929 2.000000
0.438484 0.305610 0.472933 1.000000
0.336614 0.691929 0.447343 1.000000
0.326280 0.431102 0.498524 1.000000
0.083661 0.754921 0.387795 1.000000
0.195866 0.740650 0.405020 1.000000
0.659941 0.157480 0.077264 2.000000
0.442421 0.823819 0.406004 0.000000
0.542815 0.447835 0.409941 1.000000
0.077756 0.612697 0.404035 1.000000
0.048228 0.742618 0.381890 1.000000
0.190453 0.128937 0.395177 1.000000
0.534449 0.108760 0.482776 2.000000
0.176673 0.707185 0.417815 1.000000
0.219488 0.638780 0.457677 1.000000
0.439469 0.401575 0.461614 1.000000
0.451772 0.368602 0.456201 1.000000
0.483268 0.248524 0.457677 0.000000
0.316437 0.266732 0.464075 1.000000
0.065453 0.650591 0.784449 2.000000
0.132382 0.726378 0.405020 1.000000
0.346949 0.321850 0.492618 1.000000
0.481791 0.627461 0.403543 1.000000
0.321850 0.525098 0.489665 0.000000
0.292815 0.605807 0.488681 1.000000
0.255413 0.192913 0.425689 1.000000
0.394685 0.716535 0.434547 0.000000
0.296752 0.526575 0.493110 1.000000
0.481791 0.627461 0.403543 1.000000
0.401083 0.080709 0.072835 2.000000
0.431102 0.303642 0.478346 1.000000
0.335138 0.278051 0.475394 1.000000
0.162402 0.465059 0.421260 1.000000
0.349902 0.706201 0.443898 1.000000
0.049213 0.657972 0.401083 1.000000
0.463583 0.474902 0.441437 1.000000
0.230807 0.491634 0.460630 1.000000
0.285925 0.484252 0.480807 1.000000
0.484252 0.480807 0.435531 1.000000
0.483268 0.248524 0.457677 0.000000
0.464567 0.827756 0.391732 0.000000
0.368110 0.115157 0.422736 1.000000
0.478346 0.384843 0.446358 1.000000
0.269193 0.234744 0.443406 1.000000
0.227362 0.208169 0.417815 1.000000
0.273622 0.664862 0.452756 1.000000
0.179134 0.699311 0.426673 1.000000
0.220965 0.000984 0.388287 0.000000
0.240650 0.004921 0.385827 0.000000
0.054134 0.725886 0.070374 2.000000
0.401083 0.080709 0.072835 2.000000
0.009843 0.737205 0.709646 2.000000
0.156004 0.220472 0.393701 1.000000
0.036417 0.671260 0.096457 2.000000
0.131890 0.733760 0.402559 1.000000
0.141240 0.646654 0.439961 1.000000
0.348917 0.145669 0.437500 1.000000
0.426181 0.067421 0.072835 2.000000
0.312008 0.783957 0.050197 2.000000
0.048228 0.742618 0.381890 1.000000
0.545276 0.147638 0.419291 1.000000
0.355807 0.248031 0.487697 0.000000
0.574803 0.453740 0.405020 1.000000
0.354823 0.266732 0.487697 0.000000
0.404528 0.827264 0.125984 2.000000
0.233268 0.584646 0.470965 1.000000
0.117618 0.404035 0.397146 1.000000
0.117618 0.404035 0.397146 1.000000
0.132382 0.726378 0.405020 1.000000
0.200295 0.597441 0.457677 1.000000
0.553642 0.331201 0.418799 1.000000
0.230315 0.545768 0.465059 1.000000
0.582185 0.371555 0.007874 2.000000
0.642717 0.206693 0.386319 1.000000
0.542323 0.235236 0.437992 0.000000
0.489173 0.732776 0.392717 1.000000
0.096949 0.495571 0.395177 1.000000
0.355315 0.722441 0.435039 1.000000
0.250000 0.304626 0.437500 1.000000
0.176673 0.707185 0.417815 1.000000
0.036417 0.671260 0.096457 2.000000
0.181594 0.333169 0.414862 1.000000
0.497539 0.334154 0.443406 1.000000
0.429134 0.524606 0.441437 1.000000
0.108760 0.401575 0.390256 1.000000
0.227362 0.450787 0.453248 1.000000
0.502953 0.416831 0.425197 1.000000
0.297736 0.387303 0.470965 1.000000
0.440945 0.106299 0.411909 1.000000
0.234252 0.453740 0.456693 1.000000
0.264272 0.350886 0.449311 1.000000
0.272146 0.365650 0.459154 1.000000
0.281988 0.718012 0.422736 1.000000
0.269685 0.093504 0.426673 0.000000
0.179626 0.693406 0.422736 1.000000
0.272638 0.314469 0.453740 1.000000
0.042323 0.617126 0.394685 1.000000
0.167323 0.572835 0.438484 1.000000
0.588583 0.279528 0.405020 1.000000
0.237205 0.628937 0.468012 1.000000
0.117618 0.559055 0.410925 1.000000
0.464075 0.773130 0.400098 1.000000
0.260335 0.215551 0.436024 1.000000
0.339075 0.420768 0.496555 0.000000
0.412894 0.422244 0.469488 1.000000
0.483268 0.248524 0.457677 0.000000
0.169783 0.468996 0.420768 1.000000
0.458661 0.151575 0.421752 1.000000
0.196850 0.525098 0.442421 1.000000
0.529035 0.499016 0.427165 1.000000
0.593504 0.342520 0.394685 1.000000
0.468012 0.598917 0.423720 1.000000
0.095472 0.431102 0.391732 1.000000
0.289370 0.050197 0.407480 1.000000
0.464075 0.773130 0.400098 1.000000
0.083661 0.720965 0.405020 1.000000
0.574803 0.453740 0.405020 1.000000
0.240157 0.006398 0.389764 0.000000
0.586614 0.140748 0.408957 1.000000
0.406988 0.370079 0.474409 1.000000
0.413386 0.314469 0.486220 1.000000
0.161909 0.245079 0.391732 1.000000
0.211122 0.550689 0.459154 1.000000
0.211122 0.550689 0.459154 1.000000
0.506398 0.588583 0.409941 1.000000
0.530512 0.499016 0.432579 1.000000
0.432579 0.225886 0.461614 1.000000
0.287894 0.312008 0.462106 1.000000
0.412402 0.845472 0.390748 1.000000
0.554134 0.478839 0.424705 1.000000
0.496555 0.400591 0.431102 1.000000
0.450787 0.308071 0.459646 1.000000
0.179626 0.463091 0.432579 1.000000
0.196850 0.525098 0.442421 1.000000
0.328248 0.773130 0.412402 1.000000
0.457677 0.570374 0.427165 1.000000
0.485236 0.279035 0.454724 1.000000
0.228346 0.287402 0.432087 1.000000
0.077264 0.506890 0.387795 1.000000
0.348917 0.145669 0.437500 1.000000
0.454232 0.183563 0.434547 1.000000
0.258366 0.245571 0.433563 1.000000
0.096949 0.413386 0.391240 1.000000
0.453740 0.323819 0.461614 1.000000
0.049213 0.657972 0.401083 1.000000
0.433563 0.515748 0.447835 1.000000
0.436024 0.328248 0.467028 1.000000
0.398622 0.745079 0.437992 0.000000
0.212598 0.466043 0.448819 1.000000
0.244094 0.198819 0.419291 1.000000
0.187500 0.230807 0.405512 1.000000
0.261811 0.056102 0.406496 0.000000
0.562992 0.431594 0.403051 1.000000
0.355315 0.722441 0.435039 1.000000
0.281988 0.549705 0.491142 1.000000
0.571850 0.426181 0.398130 1.000000
0.179134 0.639764 0.446850 0.000000
0.212598 0.749508 0.409449 1.000000
0.512795 0.645177 0.078248 2.000000
0.204724 0.782480 0.067421 2.000000
0.426673 0.782480 0.953248 2.000000
0.203248 0.131890 0.400098 1.000000
0.303150 0.354331 0.474409 1.000000
0.407480 0.831201 0.208661 2.000000
0.195374 0.128937 0.092520 2.000000
0.242126 0.204232 0.420276 1.000000
0.161909 0.231299 0.393209 1.000000
0.228346 0.421260 0.442421 1.000000
0.340551 0.251476 0.479823 1.000000
0.177657 0.229823 0.402067 1.000000
0.332185 0.652067 0.463583 0.000000
0.391240 0.440945 0.472441 1.000000
0.316437 0.620079 0.478839 1.000000
0.497539 0.334154 0.443406 1.000000
0.264272 0.350886 0.449311 1.000000
0.631398 0.223917 0.397638 1.000000
0.154035 0.493110 0.426673 1.000000
0.204724 0.782480 0.067421 2.000000
0.331201 0.366142 0.483760 1.000000
0.109744 0.519193 0.411417 1.000000
0.406004 0.391240 0.475886 1.000000
0.355315 0.709154 0.443406 0.000000
0.021654 0.715551 0.076772 2.000000
0.175197 0.177657 0.394193 1.000000
0.317913 0.050197 0.395177 1.000000
0.406988 0.594488 0.451772 1.000000
0.480807 0.273130 0.461614 0.000000
0.476870 0.780512 0.066437 2.000000
0.218996 0.650591 0.449803 1.000000
0.316929 0.398622 0.487205 1.000000
0.215059 0.701280 0.428150 1.000000
0.384843 0.813976 0.073819 2.000000
0.375984 0.115650 0.421260 1.000000
0.447343 0.211122 0.451772 1.000000
0.343996 0.594488 0.472933 1.000000
0.339567 0.630906 0.469980 0.000000
0.252953 0.667323 0.446850 1.000000
0.331693 0.258366 0.474409 1.000000
0.500984 0.436516 0.429626 1.000000
0.324803 0.578248 0.488681 0.000000
0.439961 0.658957 0.417323 1.000000
0.139272 0.620571 0.433071 1.000000
0.044291 0.723917 0.185531 2.000000
0.170768 0.682087 0.427657 1.000000
0.160433 0.762303 0.144685 2.000000
0.262303 0.790846 0.388780 1.000000
0.202264 0.126969 0.178150 2.000000
0.186024 0.616142 0.458169 1.000000
0.342520 0.492618 0.489665 0.000000
0.389764 0.411417 0.478839 1.000000
0.187500 0.702756 0.422244 1.000000
0.444882 0.827264 0.406004 0.000000
0.545276 0.326772 0.423720 1.000000
0.432579 0.225886 0.461614 1.000000
0.284449 0.649606 0.459646 1.000000
0.432579 0.225886 0.461614 1.000000
0.489173 0.563484 0.411417 1.000000
0.211122 0.550689 0.459154 1.000000
0.627953 0.201280 0.400098 1.000000
0.139272 0.608268 0.434547 1.000000
0.486713 0.591535 0.415354 1.000000
0.253445 0.506398 0.469488 1.000000
0.220965 0.064961 0.397146 1.000000
0.463583 0.474902 0.441437 1.000000
0.346949 0.277559 0.483268 1.000000
0.278051 0.659941 0.450787 1.000000
0.484744 0.093996 0.402067 1.000000
0.249016 0.658957 0.452756 1.000000
0.267224 0.182087 0.433071 1.000000
0.210630 0.536417 0.448819 1.000000
0.268209 0.681594 0.448819 1.000000
0.203248 0.131890 0.400098 1.000000
0.310531 0.796752 0.056102 2.000000
0.504921 0.155512 0.416339 1.000000
0.501969 0.421260 0.429134 1.000000
0.407480 0.831201 0.208661 2.000000
0.182087 0.263287 0.402067 1.000000
0.440453 0.827756 0.072835 2.000000
0.248524 0.334646 0.445374 1.000000
0.246063 0.411417 0.449803 1.000000
0.244094 0.198819 0.419291 1.000000
0.331201 0.366142 0.483760 1.000000
0.173228 0.533465 0.442421 1.000000
0.095965 0.619587 0.409449 1.000000
0.144193 0.681594 0.433563 0.000000
0.094980 0.417323 0.389764 1.000000
0.342028 0.256398 0.471457 1.000000
0.436516 0.454724 0.454232 1.000000
0.361220 0.187992 0.459646 1.000000
0.240157 0.006398 0.389764 0.000000
0.285925 0.138287 0.437992 0.000000
0.508366 0.200295 0.448327 1.000000
0.338091 0.188976 0.460138 0.000000
0.201772 0.790846 0.067913 2.000000
0.210630 0.536417 0.448819 1.000000
0.212598 0.749508 0.409449 1.000000
0.158957 0.287402 0.398622 1.000000
0.161417 0.366142 0.411909 1.000000
0.166831 0.441437 0.425197 1.000000
0.441929 0.774114 0.930118 2.000000
0.391240 0.440945 0.472441 1.000000
0.425197 0.312008 0.482283 1.000000
0.225394 0.352362 0.438484 1.000000
0.222933 0.778051 0.394685 1.000000
0.464075 0.822343 0.064961 2.000000
0.276083 0.294291 0.452756 1.000000
0.327756 0.581201 0.487205 0.000000
0.211614 0.221457 0.409449 1.000000
0.021654 0.715551 0.076772 2.000000
0.415354 0.095965 0.402559 1.000000
0.228839 0.346457 0.436516 1.000000
0.447343 0.211122 0.451772 1.000000
0.425197 0.312008 0.482283 1.000000
0.418799 0.777067 0.419783 0.000000
0.175197 0.138287 0.383366 1.000000
0.390256 0.798228 0.407480 1.000000
0.330217 0.363681 0.480807 1.000000
0.301673 0.780020 0.402559 1.000000
0.608760 0.173228 0.414862 0.000000
0.388780 0.641240 0.448327 1.000000
0.489665 0.272146 0.455709 0.000000
0.258366 0.245571 0.433563 1.000000
0.348425 0.035433 0.385827 1.000000
0.183563 0.385335 0.424213 1.000000
0.286417 0.707677 0.437992 1.000000
0.308563 0.691437 0.442421 1.000000
0.044291 0.640748 0.388780 1.000000
0.540846 0.348425 0.414862 1.000000
0.200787 0.649606 0.453248 1.000000
0.531988 0.450787 0.413878 1.000000
0.486220 0.611220 0.406004 1.000000
0.227854 0.428150 0.449803 1.000000
0.355315 0.709154 0.443406 0.000000
0.348425 0.822835 0.389272 1.000000
0.440945 0.188484 0.441437 1.000000
0.345472 0.563484 0.472933 1.000000
0.343504 0.593012 0.480807 1.000000
0.350886 0.401575 0.501969 0.000000
0.401083 0.751969 0.935531 2.000000
0.617126 0.202756 0.398622 1.000000
0.567421 0.336614 0.406004 1.000000
0.597441 0.332185 0.003937 2.000000
0.428150 0.781496 0.415846 0.000000
0.499508 0.385335 0.437992 1.000000
0.243110 0.770177 0.214567 2.000000
0.444390 0.824803 0.968504 2.000000
0.385335 0.612697 0.456693 1.000000
0.204724 0.236713 0.412402 1.000000
0.502953 0.416831 0.425197 1.000000
0.065945 0.710630 0.400591 0.000000
0.414370 0.089567 0.407972 1.000000
0.452756 0.530512 0.434055 1.000000
0.315945 0.508858 0.500984 0.000000
0.088091 0.474902 0.012303 2.000000
0.238681 0.750000 0.403543 1.000000
0.248524 0.105807 0.414370 1.000000
0.365650 0.242126 0.476378 0.000000
0.438976 0.435531 0.450787 1.000000
0.280020 0.497047 0.482776 1.000000
0.571358 0.360236 0.406004 1.000000
0.449311 0.593504 0.428150 1.000000
0.440945 0.106299 0.411909 1.000000
0.204232 0.464075 0.445374 1.000000
0.362205 0.811024 0.889272 2.000000
0.567421 0.208169 0.425197 0.000000
0.657972 0.164370 0.391240 0.000000
0.042323 0.617126 0.394685 1.000000
0.068898 0.523622 0.395177 1.000000
0.353346 0.796752 0.912894 2.000000
0.325787 0.384350 0.483760 1.000000
0.466535 0.087106 0.396161 1.000000
0.415354 0.095965 0.402559 1.000000
0.137303 0.354331 0.400098 1.000000
0.399114 0.762303 0.951772 2.000000
0.269685 0.093504 0.426673 0.000000
0.401083 0.062500 0.395669 1.000000
0.326280 0.475886 0.494587 0.000000
0.407972 0.777067 0.906988 2.000000
0.145669 0.509843 0.421260 1.000000
0.402067 0.215551 0.457677 1.000000
0.401083 0.062500 0.395669 1.000000
0.074311 0.573327 0.398130 1.000000
0.598917 0.371063 0.001476 2.000000
0.362205 0.555610 0.475394 1.000000
0.421260 0.445866 0.459646 1.000000
0.604331 0.245571 0.402067 1.000000
0.519685 0.515748 0.414370 1.000000
0.381890 0.360728 0.489665 0.000000
0.456693 0.391240 0.455217 1.000000
0.423720 0.721457 0.417323 1.000000
0.350394 0.494587 0.481299 1.000000
0.273130 0.309055 0.451772 1.000000
0.025098 0.733268 0.716535 2.000000
0.461122 0.380906 0.451772 1.000000
0.360236 0.345965 0.497539 1.000000
0.132382 0.773622 0.066437 2.000000
0.598917 0.371063 0.001476 2.000000
0.378445 0.077756 0.397638 1.000000
0.281988 0.463583 0.480807 1.000000
0.295768 0.421260 0.476870 1.000000
0.353839 0.445374 0.489173 0.000000
0.430118 0.086614 0.394193 1.000000
0.313976 0.377953 0.474902 1.000000
0.476870 0.780512 0.066437 2.000000
0.360236 0.345965 0.497539 1.000000
0.615650 0.290846 0.163386 2.000000
0.120571 0.669783 0.431102 0.000000
0.153543 0.720965 0.413386 1.000000
0.277067 0.095472 0.424213 0.000000
0.109744 0.746555 0.392717 1.000000
0.415354 0.095965 0.402559 1.000000
0.411909 0.342520 0.472933 1.000000
0.186516 0.590551 0.453248 1.000000
0.032972 0.688976 0.775591 2.000000
0.248524 0.334646 0.445374 1.000000
0.319882 0.030020 0.389272 1.000000
0.351870 0.093996 0.415354 1.000000
0.401575 0.832677 0.982283 2.000000
0.250492 0.220965 0.436024 1.000000
0.406004 0.391240 0.475886 1.000000
0.456693 0.391240 0.455217 1.000000
0.076280 0.612205 0.398622 1.000000
0.342028 0.824803 0.388287 1.000000
0.525591 0.091043 0.470472 2.000000
0.521161 0.613189 0.067913 2.000000
0.400098 0.819882 0.068898 2.000000
0.520177 0.375492 0.423720 1.000000
0.362697 0.453248 0.485236 0.000000
0.283957 0.160433 0.436516 1.000000
0.329724 0.662894 0.453248 1.000000
0.048228 0.742618 0.381890 1.000000
0.261319 0.726378 0.426181 1.000000
0.300197 0.192421 0.451280 1.000000
0.422736 0.267224 0.487697 1.000000
0.234252 0.100394 0.406496 1.000000
0.332185 0.652067 0.463583 0.000000
0.044291 0.723917 0.185531 2.000000
0.103839 0.475394 0.152067 2.000000
0.074311 0.573327 0.398130 1.000000
0.408957 0.649114 0.442913 1.000000
0.397638 0.677657 0.438976 1.000000
0.406988 0.708661 0.432087 1.000000
0.153543 0.440453 0.418307 1.000000
0.114665 0.737697 0.143209 2.000000
0.415354 0.095965 0.402559 1.000000
0.530512 0.499016 0.432579 1.000000
0.192913 0.121063 0.395177 1.000000
0.344980 0.202264 0.460630 0.000000
0.221949 0.111713 0.400591 1.000000
0.532972 0.138780 0.412894 1.000000
0.162402 0.465059 0.421260 1.000000
0.099409 0.738681 0.995571 2.000000
0.102362 0.603346 0.407972 1.000000
0.419291 0.700295 0.427657 1.000000
0.562992 0.431594 0.403051 1.000000
0.249508 0.091535 0.413878 1.000000
0.126476 0.485236 0.406004 1.000000
0.277559 0.444882 0.473425 1.000000
0.291831 0.269685 0.461122 1.000000
0.272638 0.424705 0.469488 1.000000
0.172244 0.777067 0.390256 1.000000
0.595472 0.374508 0.385827 1.000000
0.249016 0.715551 0.426181 1.000000
0.249016 0.621555 0.468504 1.000000
0.366634 0.590059 0.465551 1.000000
0.246063 0.311024 0.437992 1.000000
0.067421 0.724902 0.398622 1.000000
0.254429 0.619094 0.475394 1.000000
0.254429 0.012795 0.070866 2.000000
0.079724 0.726870 0.395669 1.000000
0.393701 0.468504 0.468996 1.000000
0.230315 0.174705 0.411417 1.000000
0.466535 0.535925 0.428642 1.000000
0.144685 0.254921 0.387795 1.000000
0.355315 0.812992 0.139272 2.000000
0.557579 0.438976 0.407480 1.000000
0.067421 0.724902 0.398622 1.000000
0.485728 0.123524 0.412894 1.000000
0.282972 0.744587 0.413878 1.000000
0.471457 0.216043 0.455217 1.000000
0.492126 0.579232 0.408957 1.000000
0.301181 0.060531 0.400591 1.000000
0.560039 0.345965 0.407480 1.000000
0.067421 0.724902 0.398622 1.000000
0.349902 0.483760 0.481791 1.000000
0.585138 0.244587 0.412894 1.000000
0.191929 0.441929 0.431102 1.000000
0.428150 0.781496 0.415846 0.000000
0.176181 0.583661 0.441929 1.000000
0.235728 0.049213 0.405020 0.000000
0.473917 0.761811 0.949803 2.000000
0.248524 0.334646 0.445374 1.000000
0.480807 0.709646 0.394685 1.000000
0.241634 0.669783 0.444882 1.000000
0.279035 0.709154 0.429626 1.000000
0.230315 0.083661 0.408957 1.000000
0.601378 0.315945 0.396654 1.000000
0.440453 0.827756 0.072835 2.000000
0.396161 0.129429 0.425197 1.000000
0.487205 0.397146 0.434055 1.000000
0.419783 0.766732 0.941929 2.000000
0.615157 0.127953 0.392224 1.000000
0.508366 0.520669 0.411417 1.000000
0.246063 0.411417 0.449803 1.000000
0.474409 0.703740 0.407480 1.000000
0.277067 0.095472 0.424213 0.000000
0.249016 0.621555 0.468504 1.000000
0.617126 0.202756 0.398622 1.000000
0.164862 0.516240 0.433071 1.000000
0.012795 0.701772 0.800197 2.000000
0.504921 0.155512 0.416339 1.000000
0.321358 0.670276 0.461614 1.000000
0.445866 0.402559 0.461122 1.000000
0.521654 0.488189 0.433071 1.000000
0.158957 0.581693 0.438976 1.000000
0.029035 0.728839 0.069390 2.000000
0.257382 0.629429 0.462106 1.000000
0.426181 0.067421 0.072835 2.000000
0.222933 0.778051 0.394685 1.000000
0.411909 0.125000 0.419291 1.000000
0.266240 0.467520 0.467028 1.000000
0.532480 0.242618 0.438976 0.000000
0.111713 0.763780 0.055610 2.000000
0.406988 0.708661 0.432087 1.000000
0.445374 0.863189 0.067913 2.000000
0.545276 0.147638 0.419291 1.000000
0.422244 0.397638 0.464075 1.000000
0.358268 0.495571 0.481791 1.000000
0.333169 0.760335 0.416831 1.000000
0.278051 0.812992 0.070866 2.000000
0.559055 0.096457 0.385335 1.000000
0.602362 0.216535 0.413878 0.000000
0.289862 0.172736 0.437008 1.000000
0.319390 0.525591 0.498031 0.000000
0.162402 0.590059 0.444390 1.000000
0.169291 0.430610 0.427165 1.000000
0.564961 0.137303 0.409449 1.000000
0.481299 0.741634 0.393209 1.000000
0.369094 0.516732 0.474902 1.000000
0.528051 0.172244 0.423228 1.000000
0.358268 0.495571 0.481791 1.000000
0.615650 0.290846 0.163386 2.000000
0.198819 0.613189 0.464567 0.000000
0.324803 0.819882 0.389764 1.000000
0.508366 0.200295 0.448327 1.000000
0.177657 0.507874 0.438484 1.000000
0.448327 0.647638 0.421752 1.000000
0.492126 0.579232 0.408957 1.000000
0.073819 0.561516 0.395177 1.000000
0.410433 0.239173 0.470472 1.000000
0.277067 0.095472 0.424213 0.000000
0.445374 0.428642 0.446358 1.000000
0.325787 0.472933 0.500492 0.000000
0.341535 0.538386 0.487205 1.000000
0.544783 0.298720 0.419783 1.000000
0.516732 0.175197 0.429626 1.000000
0.603839 0.200787 0.414862 0.000000
0.310531 0.796752 0.056102 2.000000
0.546260 0.315453 0.422736 1.000000
0.074311 0.573327 0.398130 1.000000
0.489173 0.522146 0.420276 1.000000
0.424705 0.667815 0.429626 1.000000
0.231299 0.775591 0.155020 2.000000
0.498031 0.617618 0.400098 1.000000
0.399114 0.750492 0.435039 0.000000
0.321358 0.532972 0.495571 0.000000
0.200787 0.240157 0.414370 1.000000
0.202264 0.118110 0.393701 1.000000
0.185039 0.577264 0.451280 1.000000
0.254429 0.619094 0.475394 1.000000
0.079724 0.543799 0.399606 1.000000
0.386811 0.357776 0.483760 0.000000
0.276083 0.429134 0.474409 1.000000
0.468012 0.598917 0.423720 1.000000
0.416831 0.818406 0.401575 0.000000
0.558563 0.123031 0.412894 1.000000
0.549705 0.434055 0.409449 1.000000
0.332185 0.499016 0.500492 0.000000
0.050689 0.560039 0.391240 1.000000
0.302657 0.595472 0.480807 0.000000
0.252953 0.783465 0.401083 1.000000
0.046260 0.716535 0.749508 2.000000
0.033957 0.664862 0.092520 2.000000
0.394193 0.644685 0.451280 1.000000
0.068898 0.645669 0.758366 2.000000
0.437008 0.193898 0.440945 1.000000
0.045276 0.635827 0.386811 1.000000
0.089567 0.504921 0.388780 1.000000
0.195374 0.226378 0.404528 1.000000
0.510335 0.463583 0.428642 1.000000
0.423228 0.830709 0.945374 2.000000
0.141240 0.646654 0.439961 1.000000
0.418799 0.452264 0.455709 1.000000
0.401083 0.682087 0.437500 1.000000
0.283465 0.121555 0.434547 0.000000
0.219980 0.004921 0.085630 2.000000
0.445374 0.641732 0.421752 1.000000
0.126476 0.485236 0.406004 1.000000
0.173228 0.380413 0.419783 1.000000
0.321358 0.532972 0.495571 0.000000
0.276575 0.156988 0.437008 1.000000
0.408957 0.649114 0.442913 1.000000
0.474409 0.766732 0.397146 1.000000
0.326772 0.142717 0.440945 1.000000
0.409941 0.535925 0.448327 1.000000
0.406496 0.548228 0.451280 1.000000
0.482283 0.496555 0.432087 1.000000
0.499016 0.535925 0.410925 1.000000
0.458661 0.798720 0.400098 1.000000
0.227854 0.646161 0.451772 1.000000
0.605315 0.325787 0.395177 1.000000
0.457185 0.567421 0.423720 1.000000
0.429134 0.524606 0.441437 1.000000
0.285433 0.549213 0.496063 1.000000
0.133858 0.258858 0.279035 2.000000
0.340059 0.110728 0.420768 1.000000
0.273622 0.253445 0.450787 1.000000
0.293307 0.745079 0.416831 1.000000
0.521161 0.613189 0.067913 2.000000
0.360236 0.093504 0.415846 1.000000
0.399114 0.532972 0.462598 1.000000
0.336614 0.305610 0.493110 1.000000
0.265748 0.537894 0.483268 1.000000
0.117126 0.484252 0.401083 1.000000
0.360236 0.751969 0.421260 1.000000
0.273130 0.507874 0.474902 1.000000
0.330217 0.363681 0.480807 1.000000
0.255413 0.585630 0.484252 0.000000
0.398130 0.239665 0.471949 1.000000
0.526575 0.331201 0.425197 1.000000
0.386811 0.357776 0.483760 0.000000
0.215059 0.236220 0.420276 1.000000
0.159941 0.355315 0.404035 1.000000
0.180118 0.454232 0.426181 1.000000
0.304626 0.697343 0.442913 1.000000
0.221457 0.306102 0.430610 1.000000
0.316437 0.266732 0.464075 1.000000
0.274114 0.270669 0.451772 1.000000
0.527559 0.457185 0.416831 1.000000
0.343504 0.593012 0.480807 1.000000
0.049213 0.733760 0.067421 2.000000
0.186516 0.590551 0.453248 1.000000
0.292815 0.605807 0.488681 1.000000
0.359744 0.339567 0.496555 1.000000
0.179626 0.463091 0.432579 1.000000
0.345472 0.775098 0.415354 1.000000
0.397146 0.812500 1.000000 2.000000
0.172736 0.487697 0.431102 1.000000
0.377461 0.337106 0.500492 0.000000
0.150098 0.417323 0.413386 1.000000
0.255413 0.562008 0.478346 1.000000
0.072343 0.473425 0.390748 1.000000
0.174705 0.459646 0.428150 1.000000
0.645177 0.127953 0.392224 1.000000
0.500984 0.436516 0.429626 1.000000
0.074803 0.664370 0.409449 1.000000
0.331201 0.366142 0.483760 1.000000
0.523130 0.593504 0.390256 1.000000
0.548228 0.235728 0.437500 0.000000
0.415846 0.526575 0.457677 1.000000
0.275591 0.514764 0.485728 1.000000
0.398622 0.745079 0.437992 0.000000
0.593504 0.337598 0.011319 2.000000
0.543799 0.272146 0.436024 1.000000
0.339075 0.677657 0.457677 1.000000
0.452756 0.142717 0.422244 1.000000
0.416339 0.560039 0.447343 1.000000
0.181594 0.333661 0.418799 1.000000
0.608760 0.309055 0.387795 1.000000
0.445374 0.863189 0.067913 2.000000
0.206693 0.120079 0.394193 1.000000
0.281988 0.549705 0.491142 1.000000
0.312008 0.697343 0.447343 1.000000
0.486220 0.611220 0.406004 1.000000
0.180118 0.454232 0.426181 1.000000
0.284449 0.649606 0.459646 1.000000
0.271161 0.187992 0.432579 1.000000
0.353346 0.796752 0.912894 2.000000
0.466535 0.535925 0.428642 1.000000
0.541339 0.342520 0.421752 1.000000
0.561024 0.125492 0.465551 2.000000
0.210630 0.431594 0.436516 1.000000
0.054626 0.721949 0.398622 1.000000
0.391732 0.829232 0.394193 1.000000
0.174705 0.562500 0.438976 1.000000
0.574803 0.453740 0.405020 1.000000
0.107776 0.735236 0.154035 2.000000
0.440945 0.458661 0.445866 1.000000
0.211122 0.550689 0.459154 1.000000
0.308563 0.691437 0.442421 1.000000
0.453248 0.758366 0.908957 2.000000
0.252461 0.577756 0.474409 1.000000
0.521654 0.603346 0.394685 1.000000
0.566929 0.224902 0.420276 0.000000
0.357283 0.395669 0.493110 0.000000
0.620079 0.272638 0.392224 1.000000
0.219980 0.682087 0.437008 1.000000
0.605807 0.348917 0.000000 2.000000
0.348917 0.606791 0.471949 1.000000
0.263287 0.519193 0.473917 1.000000
0.196850 0.789862 0.388287 1.000000
0.391732 0.333169 0.493110 0.000000
0.269685 0.401575 0.464075 1.000000
0.275591 0.560039 0.479823 1.000000
0.411909 0.125000 0.419291 1.000000
0.390256 0.798228 0.407480 1.000000
0.144685 0.254921 0.387795 1.000000
0.173228 0.533465 0.442421 1.000000
0.042323 0.617126 0.394685 1.000000
0.476378 0.310039 0.450295 1.000000
0.236713 0.529035 0.465059 1.000000
0.349409 0.052165 0.395177 1.000000
0.245079 0.373031 0.452264 1.000000
0.489173 0.563484 0.411417 1.000000
0.191929 0.547244 0.443406 1.000000
0.246063 0.361713 0.445866 1.000000
0.308563 0.796260 0.402559 1.000000
0.204724 0.405020 0.437500 1.000000
0.231299 0.564469 0.469980 1.000000
0.438976 0.741634 0.411417 1.000000
0.145669 0.509843 0.421260 1.000000
0.063976 0.624508 0.403543 1.000000
0.325295 0.621063 0.480807 0.000000
0.294783 0.283465 0.455709 1.000000
0.222933 0.717520 0.429134 1.000000
0.641240 0.147146 0.404528 0.000000
0.362205 0.555610 0.475394 1.000000
0.460630 0.313484 0.456693 1.000000
0.503445 0.487697 0.430610 1.000000
0.281988 0.549705 0.491142 1.000000
0.117618 0.404035 0.397146 1.000000
0.157480 0.491142 0.427657 1.000000
0.499016 0.535925 0.410925 1.000000
0.626476 0.151083 0.409941 0.000000
0.553150 0.495571 0.428150 1.000000
0.419783 0.766732 0.941929 2.000000
0.335630 0.609744 0.485236 0.000000
0.504921 0.155512 0.416339 1.000000
0.320866 0.180118 0.455217 0.000000
0.544783 0.183563 0.424213 1.000000
0.359744 0.339567 0.496555 1.000000
0.556594 0.146161 0.412402 1.000000
0.355807 0.552657 0.479823 1.000000
0.556594 0.146161 0.412402 1.000000
0.255906 0.193898 0.430610 1.000000
0.303150 0.354331 0.474409 1.000000
0.283465 0.285433 0.452264 1.000000
0.221457 0.088583 0.126969 2.000000
0.250492 0.220965 0.436024 1.000000
0.434055 0.649606 0.427657 1.000000
0.258366 0.112205 0.427165 1.000000
0.459646 0.233268 0.461122 1.000000
0.437500 0.758366 0.413386 1.000000
0.025098 0.677657 0.394193 1.000000
0.560531 0.122539 0.466043 2.000000
0.162894 0.512795 0.429626 1.000000
0.581693 0.233268 0.418307 1.000000
0.407972 0.485236 0.463091 1.000000
0.146161 0.247047 0.286909 2.000000
0.650591 0.161909 0.393701 0.000000
0.608760 0.126476 0.089567 2.000000
0.077756 0.612697 0.404035 1.000000
0.339075 0.472933 0.498524 0.000000
0.287402 0.175689 0.445374 1.000000
0.209154 0.649606 0.456693 1.000000
0.533957 0.446850 0.407972 1.000000
0.304626 0.697343 0.442913 1.000000
0.173228 0.380413 0.419783 1.000000
0.401083 0.682087 0.437500 1.000000
0.286417 0.707677 0.437992 1.000000
0.473917 0.174705 0.429626 1.000000
0.218012 0.109744 0.402067 1.000000
0.368110 0.115157 0.422736 1.000000
0.173228 0.380413 0.419783 1.000000
0.346949 0.321850 0.492618 1.000000
0.333169 0.760335 0.416831 1.000000
0.602854 0.342520 0.392224 1.000000
0.623524 0.288386 0.159449 2.000000
0.399114 0.762303 0.951772 2.000000
0.159941 0.688976 0.424213 1.000000
0.226870 0.745571 0.409449 1.000000
0.299705 0.795276 0.393701 1.000000
0.132874 0.351870 0.398622 1.000000
0.255906 0.193898 0.430610 1.000000
0.264764 0.021654 0.389764 1.000000
0.316929 0.398622 0.487205 1.000000
0.050689 0.560039 0.391240 1.000000
0.253937 0.632382 0.459646 1.000000
0.444390 0.078248 0.391240 1.000000
0.329232 0.419783 0.495571 1.000000
0.471457 0.183071 0.432087 1.000000
0.512303 0.437500 0.416339 1.000000
0.283957 0.696850 0.433563 1.000000
0.348917 0.779035 0.411909 1.000000
0.132382 0.726378 0.405020 1.000000
0.514272 0.147638 0.414862 1.000000
0.648130 0.178150 0.008858 2.000000
0.362205 0.811024 0.889272 2.000000
0.291831 0.269685 0.461122 1.000000
0.329724 0.080217 0.410925 1.000000
0.155512 0.631398 0.444390 1.000000
0.343996 0.594488 0.472933 1.000000
0.242126 0.220965 0.428642 1.000000
0.210630 0.431594 0.436516 1.000000
0.623031 0.277067 0.161417 2.000000
0.422736 0.377461 0.470965 1.000000
0.489665 0.487205 0.429134 1.000000
0.339075 0.677657 0.457677 1.000000
0.447835 0.358760 0.455217 1.000000
0.538878 0.284449 0.424705 1.000000
0.622539 0.198327 0.404528 1.000000
0.489665 0.410433 0.429626 1.000000
0.499508 0.385335 0.437992 1.000000
0.366634 0.805118 0.398130 1.000000
0.410925 0.779528 0.421260 0.000000
0.190453 0.179626 0.399606 1.000000
0.460138 0.774606 0.084646 2.000000
0.650591 0.161909 0.393701 0.000000
0.042815 0.645177 0.816437 2.000000
0.484252 0.480807 0.435531 1.000000
0.316929 0.054626 0.395669 1.000000
0.398130 0.694390 0.428642 1.000000
0.241634 0.716043 0.425689 1.000000
0.547736 0.441437 0.409941 1.000000
0.197835 0.444390 0.431102 1.000000
0.192421 0.659449 0.447835 0.000000
0.275098 0.314469 0.451772 1.000000
0.507382 0.192421 0.438484 1.000000
0.101870 0.710630 0.414862 1.000000
0.305118 0.632874 0.468996 1.000000
0.346949 0.142224 0.429626 1.000000
0.349902 0.399606 0.496555 0.000000
0.429626 0.288386 0.472933 0.000000
0.065945 0.710630 0.400591 0.000000
0.326280 0.685531 0.444882 1.000000
0.099409 0.466043 0.402559 1.000000
0.471457 0.785433 0.067421 2.000000
0.341043 0.241634 0.469980 1.000000
0.504921 0.155512 0.416339 1.000000
0.337598 0.254429 0.472933 1.000000
0.418799 0.777067 0.419783 0.000000
0.134350 0.494587 0.417323 1.000000
0.197343 0.590551 0.459154 1.000000
0.160433 0.359744 0.404035 1.000000
0.248524 0.415846 0.453740 1.000000
0.279035 0.640256 0.463583 1.000000
0.634843 0.194390 0.394193 1.000000
0.408957 0.624016 0.438484 1.000000
0.428642 0.500492 0.444882 1.000000
0.341043 0.257382 0.477362 1.000000
0.542323 0.270177 0.428642 1.000000
0.154035 0.232283 0.391240 1.000000
0.367618 0.605315 0.465059 1.000000
0.265748 0.405512 0.455709 1.000000
0.154528 0.568406 0.428642 1.000000
0.582677 0.110236 0.393209 1.000000
0.293307 0.798720 0.213583 2.000000
0.095472 0.429134 0.389764 1.000000
0.651575 0.168307 0.401575 0.000000
0.528051 0.580709 0.395177 1.000000
0.444390 0.078248 0.391240 1.000000
0.493602 0.112205 0.405020 1.000000
0.411417 0.831201 0.075295 2.000000
0.445374 0.428642 0.446358 1.000000
0.471457 0.641732 0.414862 1.000000
0.280512 0.391732 0.463583 1.000000
0.225394 0.092028 0.137303 2.000000
0.529528 0.532972 0.401575 1.000000
0.242126 0.581201 0.481299 1.000000
0.500000 0.616634 0.075295 2.000000
0.348425 0.157972 0.442913 1.000000
0.437008 0.784941 0.414862 0.000000
0.344488 0.647146 0.467028 0.000000
0.290354 0.339567 0.466535 1.000000
0.185039 0.316437 0.411909 1.000000
0.521654 0.128937 0.412894 1.000000
0.493110 0.691929 0.398130 1.000000
0.464075 0.747539 0.399606 1.000000
0.404528 0.827264 0.125984 2.000000
0.177165 0.264272 0.406004 1.000000
0.422736 0.267224 0.487697 1.000000
0.454232 0.258366 0.466043 0.000000
0.601870 0.305610 0.399114 1.000000
0.372539 0.660433 0.456693 0.000000
0.238189 0.090059 0.411909 1.000000
0.342028 0.824803 0.388287 1.000000
0.169783 0.629921 0.453248 0.000000
0.645177 0.127953 0.392224 1.000000
0.156004 0.563976 0.437008 1.000000
0.446358 0.214567 0.458169 1.000000
0.590551 0.209154 0.420276 0.000000
0.179626 0.463091 0.432579 1.000000
0.177657 0.507874 0.438484 1.000000
0.407480 0.351378 0.476870 1.000000
0.032972 0.688976 0.775591 2.000000
0.331201 0.152067 0.436024 1.000000
0.389764 0.411417 0.478839 1.000000
0.642224 0.177165 0.401083 0.000000
0.334646 0.311024 0.480315 1.000000
0.395669 0.433071 0.475394 1.000000
0.274114 0.181594 0.432579 1.000000
0.444882 0.827264 0.406004 0.000000
0.415846 0.526575 0.457677 1.000000
0.337598 0.386811 0.498524 1.000000
0.446850 0.427657 0.446850 1.000000
0.248524 0.334646 0.445374 1.000000
0.103346 0.479331 0.121555 2.000000
0.434547 0.335138 0.467520 1.000000
0.532480 0.384350 0.416831 1.000000
0.113681 0.741142 0.066929 2.000000
0.613681 0.191437 0.413386 0.000000
0.314961 0.312992 0.473425 1.000000
0.514764 0.342520 0.434547 1.000000
0.189961 0.766732 0.400591 1.000000
0.033957 0.664862 0.092520 2.000000
0.244094 0.207677 0.432087 1.000000
0.098425 0.738189 0.068406 2.000000
0.250000 0.304626 0.437500 1.000000
0.152559 0.623524 0.444390 1.000000
0.294291 0.632874 0.468996 1.000000
0.065453 0.650591 0.784449 2.000000
0.519685 0.253445 0.444390 0.000000
0.300197 0.276083 0.458169 1.000000
0.385335 0.612697 0.456693 1.000000
0.489173 0.522146 0.420276 1.000000
0.401083 0.309055 0.486220 0.000000
0.428150 0.781496 0.415846 0.000000
0.054134 0.726870 0.399114 1.000000
0.335630 0.815453 0.069882 2.000000
0.323819 0.083661 0.414862 1.000000
0.103346 0.570866 0.412894 1.000000
0.345472 0.678642 0.458661 1.000000
0.541339 0.342520 0.421752 1.000000
0.471457 0.783465 0.990650 2.000000
0.144685 0.381398 0.406496 1.000000
0.345965 0.569882 0.482283 1.000000
0.180610 0.239173 0.398130 1.000000
0.643209 0.198327 0.397146 1.000000
0.648622 0.187500 0.389764 1.000000
0.362697 0.453248 0.485236 0.000000
0.120079 0.593504 0.418307 1.000000
0.346949 0.751969 0.419291 1.000000
0.382874 0.759843 0.427657 0.000000
0.548228 0.487697 0.432579 1.000000
0.651575 0.168307 0.401575 0.000000
0.148130 0.327756 0.403051 1.000000
0.320866 0.062500 0.406496 1.000000
0.620079 0.272638 0.392224 1.000000
0.561516 0.098917 0.392717 1.000000
0.309055 0.062992 0.407480 1.000000
0.234744 0.120571 0.414862 1.000000
0.407480 0.831201 0.208661 2.000000
0.418799 0.452264 0.455709 1.000000
0.424213 0.428150 0.462106 1.000000
0.358760 0.352854 0.497047 0.000000
0.148130 0.222441 0.384843 1.000000
0.375492 0.207185 0.467520 1.000000
0.402067 0.641732 0.436516 1.000000
0.493110 0.691929 0.398130 1.000000
0.079724 0.756398 0.067913 2.000000
0.230315 0.585630 0.473917 1.000000
0.388287 0.314961 0.491142 0.000000
0.162402 0.590059 0.444390 1.000000
0.416831 0.360728 0.477854 1.000000
0.642717 0.206693 0.386319 1.000000
0.324803 0.478839 0.498524 0.000000
0.455709 0.715059 0.415354 1.000000
0.049213 0.657972 0.401083 1.000000
0.093012 0.562992 0.401083 1.000000
0.422736 0.267224 0.487697 1.000000
0.083661 0.754921 0.387795 1.000000
0.154035 0.645669 0.442913 0.000000
0.413878 0.483268 0.451280 1.000000
0.387795 0.463583 0.475394 1.000000
0.177165 0.264272 0.406004 1.000000
0.317913 0.525098 0.495571 0.000000
0.262303 0.807087 0.065945 2.000000
0.242618 0.329232 0.443406 1.000000
0.309055 0.574311 0.499508 0.000000
0.198327 0.105315 0.097441 2.000000
0.249508 0.770669 0.401575 1.000000
0.545276 0.326772 0.423720 1.000000
0.504921 0.155512 0.416339 1.000000
0.326772 0.142717 0.440945 1.000000
0.509843 0.393209 0.421260 1.000000
0.446358 0.214567 0.458169 1.000000
0.337598 0.769685 0.409449 1.000000
0.269685 0.448819 0.472441 1.000000
0.559055 0.096457 0.385335 1.000000
0.369094 0.655512 0.457185 0.000000
0.138287 0.272638 0.388287 1.000000
0.125492 0.287894 0.384350 1.000000
0.137303 0.354331 0.400098 1.000000
0.520669 0.632382 0.393701 1.000000
0.259843 0.471949 0.470472 1.000000
0.431102 0.624016 0.429134 1.000000
0.348917 0.248031 0.475886 1.000000
0.520177 0.283465 0.437008 1.000000
0.385335 0.137795 0.431102 1.000000
0.148130 0.327756 0.403051 1.000000
0.446850 0.427657 0.446850 1.000000
0.440453 0.108268 0.410925 1.000000
0.346949 0.142224 0.429626 1.000000
0.462106 0.755906 0.401083 1.000000
0.227362 0.531988 0.455217 1.000000
0.254429 0.619094 0.475394 1.000000
0.227362 0.774606 0.064469 2.000000
0.522638 0.350394 0.430118 1.000000
0.093012 0.562992 0.401083 1.000000
0.341535 0.538386 0.487205 1.000000
0.471457 0.641732 0.414862 1.000000
0.063976 0.624508 0.403543 1.000000
0.174213 0.657972 0.440945 0.000000
0.451280 0.500984 0.444882 1.000000
0.547244 0.381398 0.417323 1.000000
0.243110 0.770177 0.214567 2.000000
0.422244 0.793307 0.989665 2.000000
0.498031 0.552165 0.408465 1.000000
0.076280 0.618110 0.406988 1.000000
0.265256 0.130413 0.427657 1.000000
0.430118 0.270669 0.475886 1.000000
0.230315 0.319882 0.427657 1.000000
0.487697 0.662894 0.408465 1.000000
0.242126 0.204232 0.420276 1.000000
0.424213 0.224902 0.461614 1.000000
0.520177 0.283465 0.437008 1.000000
0.406004 0.391240 0.475886 1.000000
0.106299 0.703248 0.418307 1.000000
0.259350 0.136811 0.423720 1.000000
0.246063 0.361713 0.445866 1.000000
0.264764 0.048228 0.407972 0.000000
0.398622 0.690453 0.433563 1.000000
0.183071 0.659449 0.443898 0.000000
0.426181 0.343012 0.466043 1.000000
0.605315 0.325787 0.395177 1.000000
0.420768 0.759350 0.415846 1.000000
0.248524 0.391732 0.450295 1.000000
0.485728 0.361713 0.440453 1.000000
0.526575 0.351870 0.427165 1.000000
0.560531 0.122539 0.466043 2.000000
0.454724 0.147146 0.429134 1.000000
0.066437 0.682579 0.412402 1.000000
0.355807 0.248031 0.487697 0.000000
0.543307 0.487697 0.436024 1.000000
0.502953 0.577756 0.411417 1.000000
0.283465 0.600394 0.480807 1.000000
0.187500 0.230807 0.405512 1.000000
0.240157 0.164370 0.423228 1.000000
0.339075 0.420768 0.496555 0.000000
0.148130 0.275098 0.394685 1.000000
0.270177 0.038386 0.071358 2.000000
0.282972 0.744587 0.413878 1.000000
0.336122 0.450295 0.498031 0.000000
0.398130 0.646161 0.450295 1.000000
0.335138 0.278051 0.475394 1.000000
0.294291 0.632874 0.468996 1.000000
0.465551 0.823327 0.392717 0.000000
0.631398 0.244587 0.390256 1.000000
0.262303 0.807087 0.065945 2.000000
0.533957 0.114173 0.480807 2.000000
0.071850 0.505906 0.390256 1.000000
0.482283 0.762795 0.387303 1.000000
0.295276 0.810039 0.396161 1.000000
0.163878 0.354823 0.406496 1.000000
0.442421 0.823819 0.406004 0.000000
0.330709 0.491634 0.492618 0.000000
0.281004 0.211122 0.440945 1.000000
0.279528 0.757874 0.407480 1.000000
0.530512 0.499016 0.432579 1.000000
0.063976 0.625492 0.396161 1.000000
0.157480 0.491142 0.427657 1.000000
0.321358 0.532972 0.495571 0.000000
0.397638 0.540354 0.456693 1.000000
0.338091 0.127953 0.432579 1.000000
0.279035 0.640256 0.463583 1.000000
0.108760 0.401575 0.390256 1.000000
0.283465 0.285433 0.452264 1.000000
0.063484 0.507382 0.391240 1.000000
0.275591 0.514764 0.485728 1.000000
0.473917 0.761811 0.949803 2.000000
0.534449 0.383858 0.419291 1.000000
0.263287 0.519193 0.473917 1.000000
0.510335 0.362205 0.436516 1.000000
0.344488 0.360728 0.487205 1.000000
0.280512 0.497047 0.478346 1.000000
0.149114 0.454232 0.416339 1.000000
0.621063 0.217520 0.400098 1.000000
0.514272 0.656496 0.068406 2.000000
0.494587 0.087106 0.071358 2.000000
0.119587 0.472933 0.406988 1.000000
0.626476 0.151083 0.409941 0.000000
0.231791 0.424705 0.444390 1.000000
0.352854 0.495571 0.485728 1.000000
0.645177 0.127953 0.392224 1.000000
0.528051 0.366634 0.422736 1.000000
0.244094 0.198819 0.419291 1.000000
0.317913 0.577756 0.483268 0.000000
0.192913 0.339075 0.423720 1.000000
0.255906 0.440945 0.463583 1.000000
0.568406 0.322343 0.414370 1.000000
0.227362 0.208169 0.417815 1.000000
0.380906 0.544291 0.470965 1.000000
0.337598 0.254429 0.472933 1.000000
0.486220 0.611220 0.406004 1.000000
0.344980 0.202264 0.460630 0.000000
0.211122 0.751476 0.403051 1.000000
0.241634 0.716043 0.425689 1.000000
0.237697 0.179134 0.423720 1.000000
0.451280 0.500984 0.444882 1.000000
0.077264 0.506890 0.387795 1.000000
0.219488 0.638780 0.457677 1.000000
0.409941 0.535925 0.448327 1.000000
0.204724 0.782480 0.067421 2.000000
0.012795 0.684547 0.084154 2.000000
0.280512 0.203740 0.443406 1.000000
0.448327 0.653543 0.421260 1.000000
0.299213 0.164370 0.452264 1.000000
0.063976 0.625492 0.396161 1.000000
0.238681 0.230315 0.431102 1.000000
0.226870 0.546260 0.468996 1.000000
0.140748 0.257382 0.390256 1.000000
0.537402 0.397638 0.408465 1.000000
0.186024 0.126969 0.386319 1.000000
0.165354 0.696850 0.418307 1.000000
0.225394 0.796260 0.387303 1.000000
0.399114 0.834154 0.095965 2.000000
0.312008 0.697343 0.447343 1.000000
0.375000 0.656496 0.457677 0.000000
0.310531 0.796752 0.056102 2.000000
0.150098 0.417323 0.413386 1.000000
0.413386 0.784941 0.416831 0.000000
0.429626 0.411909 0.464075 1.000000
0.520669 0.569390 0.401083 1.000000
0.202264 0.118110 0.393701 1.000000
0.000000 0.717028 0.706201 2.000000
0.533957 0.152559 0.419783 1.000000
0.489665 0.410433 0.429626 1.000000
0.255413 0.738681 0.412402 1.000000
0.128937 0.595472 0.428150 1.000000
0.554134 0.406004 0.402559 1.000000
0.180118 0.145177 0.393209 1.000000
0.209154 0.649606 0.456693 1.000000
0.498031 0.296752 0.446358 1.000000
0.260827 0.513287 0.471457 1.000000
0.181102 0.477854 0.437992 1.000000
0.148130 0.727362 0.409449 1.000000
0.598917 0.371063 0.001476 2.000000
0.174705 0.562500 0.438976 1.000000
0.480807 0.486713 0.437500 1.000000
0.413878 0.483268 0.451280 1.000000
0.219980 0.004921 0.085630 2.000000
0.089075 0.525591 0.400098 1.000000
0.316437 0.266732 0.464075 1.000000
0.368602 0.654035 0.452264 0.000000
0.160925 0.766732 0.144193 2.000000
0.083661 0.528543 0.163878 2.000000
0.416339 0.522146 0.457677 1.000000
0.437500 0.157480 0.429626 1.000000
0.270669 0.534941 0.481791 1.000000
0.153543 0.440453 0.418307 1.000000
0.411909 0.759843 0.421752 0.000000
0.287894 0.796752 0.393701 1.000000
0.335138 0.278051 0.475394 1.000000
0.342028 0.467028 0.499016 0.000000
0.436024 0.086614 0.392717 1.000000
0.383366 0.271161 0.486220 0.000000
0.634843 0.194390 0.394193 1.000000
0.113189 0.329232 0.389272 1.000000
0.537402 0.577264 0.069882 2.000000
0.533957 0.114173 0.480807 2.000000
0.346949 0.142224 0.429626 1.000000
0.295768 0.077756 0.413878 1.000000
0.344488 0.360728 0.487205 1.000000
0.415846 0.085630 0.402559 1.000000
0.227362 0.116634 0.402559 1.000000
0.434547 0.575295 0.433071 1.000000
0.179134 0.515748 0.441929 1.000000
0.443406 0.125492 0.420768 1.000000
0.249508 0.770669 0.401575 1.000000
0.326280 0.065945 0.403051 1.000000
0.530512 0.499016 0.432579 1.000000
0.484252 0.299213 0.448819 1.000000
0.463091 0.180610 0.432087 1.000000
0.337598 0.769685 0.409449 1.000000
0.218996 0.650591 0.449803 1.000000
0.643209 0.198327 0.397146 1.000000
0.469980 0.076772 0.388287 1.000000
0.588583 0.279528 0.405020 1.000000
0.599902 0.199803 0.419291 0.000000
0.225886 0.672244 0.444882 1.000000
0.428642 0.500492 0.444882 1.000000
0.489665 0.722933 0.389272 1.000000
0.238189 0.090059 0.411909 1.000000
0.394685 0.258366 0.485728 1.000000
0.523622 0.218504 0.441929 0.000000
0.079724 0.543799 0.399606 1.000000
0.624016 0.243602 0.177657 2.000000
0.468012 0.598917 0.423720 1.000000
0.035925 0.635335 0.383366 1.000000
0.437992 0.062992 0.381398 1.000000
0.519685 0.643209 0.387303 1.000000
0.529528 0.124016 0.429626 1.000000
0.434547 0.335138 0.467520 1.000000
0.303642 0.165354 0.446358 1.000000
0.195374 0.128937 0.092520 2.000000
0.183563 0.385335 0.424213 1.000000
0.458661 0.798720 0.400098 1.000000
0.288878 0.599902 0.487205 1.000000
0.106299 0.703248 0.418307 1.000000
0.289862 0.806102 0.393701 1.000000
0.267224 0.371063 0.459154 1.000000
0.359744 0.702756 0.442913 0.000000
0.099409 0.738681 0.995571 2.000000
0.558563 0.182579 0.430610 0.000000
0.227362 0.208169 0.417815 1.000000
0.264764 0.048228 0.407972 0.000000
0.466535 0.087106 0.396161 1.000000
0.248031 0.301673 0.442421 1.000000
0.250492 0.795276 0.068898 2.000000
0.132382 0.773622 0.066437 2.000000
0.403543 0.771654 0.950295 2.000000
0.399606 0.371555 0.484252 1.000000
0.156988 0.294783 0.402067 1.000000
0.312992 0.639764 0.468996 1.000000
0.345472 0.079724 0.406004 1.000000
0.332185 0.652067 0.463583 0.000000
0.393701 0.468504 0.468996 1.000000
0.329724 0.234252 0.470472 1.000000
0.319390 0.268209 0.464075 1.000000
0.176673 0.707185 0.417815 1.000000
0.585138 0.244587 0.412894 1.000000
0.429134 0.524606 0.441437 1.000000
0.179626 0.281496 0.410433 1.000000
0.244587 0.763287 0.403051 1.000000
0.448819 0.267224 0.472441 0.000000
0.227854 0.428150 0.449803 1.000000
0.169291 0.430610 0.427165 1.000000
0.134350 0.289370 0.391240 1.000000
0.425689 0.205217 0.449803 1.000000
0.358760 0.564961 0.474902 1.000000
0.244094 0.198819 0.419291 1.000000
0.498031 0.552165 0.408465 1.000000
0.498031 0.552165 0.408465 1.000000
0.283465 0.070866 0.407972 1.000000
0.597933 0.304626 0.403543 1.000000
0.396161 0.325295 0.491634 0.000000
0.593996 0.258858 0.408957 1.000000
0.485236 0.279035 0.454724 1.000000
0.444882 0.854823 0.070374 2.000000
0.616634 0.192913 0.410433 0.000000
0.486220 0.611220 0.406004 1.000000
0.508858 0.183563 0.437992 1.000000
0.328740 0.145177 0.443406 1.000000
0.437008 0.193898 0.440945 1.000000
0.430118 0.289370 0.476378 0.000000
0.411417 0.831201 0.075295 2.000000
0.447835 0.358760 0.455217 1.000000
0.457185 0.567421 0.423720 1.000000
0.355315 0.709154 0.443406 0.000000
0.339567 0.630906 0.469980 0.000000
0.077264 0.598917 0.123031 2.000000
0.547244 0.130413 0.405512 1.000000
0.399114 0.681594 0.440453 1.000000
0.116142 0.378445 0.394685 1.000000
0.180118 0.280020 0.410433 1.000000
0.177165 0.193406 0.398622 1.000000
0.181594 0.333661 0.418799 1.000000
0.174705 0.562500 0.438976 1.000000
0.327756 0.422244 0.489173 1.000000
0.164370 0.603839 0.444390 1.000000
0.277559 0.220472 0.445374 1.000000
0.054134 0.726870 0.399114 1.000000
0.544783 0.462106 0.421260 1.000000
0.237697 0.106299 0.411417 1.000000
0.521654 0.603346 0.394685 1.000000
0.280020 0.806594 0.384350 1.000000
0.459646 0.621063 0.420768 1.000000
0.532480 0.384350 0.416831 1.000000
0.490157 0.657480 0.397638 1.000000
0.303642 0.165354 0.446358 1.000000
0.261319 0.726378 0.426181 1.000000
0.270177 0.038386 0.071358 2.000000
0.459154 0.707185 0.410925 1.000000
0.329724 0.662894 0.453248 1.000000
0.571850 0.217520 0.429134 0.000000
0.326280 0.431102 0.498524 1.000000
0.335138 0.056102 0.090551 2.000000
0.179134 0.699311 0.426673 1.000000
0.392224 0.225886 0.463091 1.000000
0.411417 0.831201 0.075295 2.000000
0.230315 0.083661 0.408957 1.000000
0.419291 0.700295 0.427657 1.000000
0.101870 0.710630 0.414862 1.000000
0.227362 0.531988 0.455217 1.000000
0.446358 0.430610 0.451772 1.000000
0.259350 0.722933 0.421260 1.000000
0.195866 0.230315 0.404528 1.000000
0.489173 0.165354 0.423228 1.000000
0.512303 0.397146 0.424213 1.000000
0.541831 0.216535 0.442913 0.000000
0.490650 0.370571 0.442913 1.000000
0.082185 0.536909 0.160433 2.000000
0.413386 0.784941 0.416831 0.000000
0.505906 0.445866 0.418307 1.000000
0.227854 0.638780 0.459154 1.000000
0.265748 0.537894 0.483268 1.000000
0.414370 0.089567 0.407972 1.000000
0.434055 0.511319 0.450295 1.000000
0.424213 0.321358 0.473917 1.000000
0.365650 0.242126 0.476378 0.000000
0.464075 0.798720 0.391240 1.000000
0.423720 0.661909 0.429626 1.000000
0.222933 0.778051 0.394685 1.000000
0.258366 0.245571 0.433563 1.000000
0.462106 0.755906 0.401083 1.000000
0.260335 0.215551 0.436024 1.000000
0.320866 0.062500 0.406496 1.000000
0.161909 0.231299 0.393209 1.000000
0.027067 0.698819 0.395177 1.000000
0.048720 0.695374 0.735236 2.000000
0.627953 0.201280 0.400098 1.000000
0.365650 0.242126 0.476378 0.000000
0.054134 0.725886 0.070374 2.000000
0.400098 0.819882 0.068898 2.000000
0.133366 0.744094 0.394193 1.000000
0.460630 0.741142 0.409941 1.000000
0.200295 0.597441 0.457677 1.000000
0.552165 0.201772 0.436024 0.000000
0.244587 0.278543 0.437992 1.000000
0.179134 0.515748 0.441929 1.000000
0.489665 0.393701 0.439469 1.000000
0.025098 0.708169 0.082185 2.000000
0.270669 0.534941 0.481791 1.000000
0.065453 0.650591 0.784449 2.000000
0.424213 0.709154 0.420768 1.000000
0.334646 0.780512 0.914862 2.000000
0.329232 0.369094 0.481791 1.000000
0.434547 0.335138 0.467520 1.000000
0.284449 0.074803 0.406988 1.000000
0.634843 0.194390 0.394193 1.000000
0.546260 0.315453 0.422736 1.000000
0.514272 0.147638 0.414862 1.000000
0.567913 0.248524 0.418799 1.000000
0.423228 0.830709 0.945374 2.000000
0.495079 0.371555 0.441437 1.000000
0.437500 0.157480 0.429626 1.000000
0.446850 0.427657 0.446850 1.000000
0.646161 0.157480 0.392717 0.000000
0.247047 0.548720 0.474409 1.000000
0.294783 0.283465 0.455709 1.000000
0.459646 0.068898 0.382382 1.000000
0.400098 0.105315 0.407972 1.000000
0.548228 0.235728 0.437500 0.000000
0.484744 0.687500 0.398130 1.000000
0.370571 0.705709 0.444390 0.000000
0.410925 0.750492 0.429626 0.000000
0.371063 0.809547 0.397638 1.000000
0.096949 0.495571 0.395177 1.000000
0.243602 0.523130 0.466535 1.000000
0.335138 0.621555 0.478839 0.000000
0.105807 0.741142 0.067913 2.000000
0.432087 0.621063 0.435531 1.000000
0.089075 0.525591 0.400098 1.000000
0.072343 0.473425 0.390748 1.000000
0.376969 0.839567 0.066929 2.000000
0.600886 0.300689 0.397146 1.000000
0.298720 0.486713 0.481299 1.000000
0.419291 0.700295 0.427657 1.000000
0.582185 0.371555 0.007874 2.000000
0.035925 0.635335 0.383366 1.000000
0.641240 0.147146 0.404528 0.000000
0.355315 0.221457 0.473425 0.000000
0.316929 0.054626 0.395669 1.000000
0.191437 0.478839 0.440453 1.000000
0.117126 0.749508 0.391240 1.000000
0.387303 0.531988 0.460138 1.000000
0.353839 0.501476 0.487697 1.000000
0.179134 0.639764 0.446850 0.000000
0.285433 0.549213 0.496063 1.000000
0.207677 0.095472 0.104823 2.000000
0.345472 0.775098 0.415354 1.000000
0.400098 0.105315 0.407972 1.000000
0.385335 0.114665 0.412402 1.000000
0.434547 0.840551 0.387303 0.000000
0.313976 0.628937 0.469488 1.000000
0.085630 0.532972 0.401083 1.000000
0.230315 0.545768 0.465059 1.000000
0.287402 0.524114 0.492126 1.000000
0.201280 0.729823 0.413878 1.000000
0.244094 0.629921 0.468504 1.000000
0.581693 0.233268 0.418307 1.000000
0.204724 0.782480 0.067421 2.000000
0.294291 0.632874 0.468996 1.000000
0.166831 0.411909 0.411417 1.000000
0.477854 0.085630 0.392717 1.000000
0.147638 0.359252 0.403543 1.000000
0.534941 0.561516 0.399114 1.000000
0.419291 0.732283 0.427657 1.000000
0.109744 0.519193 0.411417 1.000000
0.259350 0.136811 0.423720 1.000000
0.364173 0.805610 0.903051 2.000000
0.394193 0.748031 0.430610 0.000000
0.304134 0.743602 0.418799 1.000000
0.349409 0.052165 0.395177 1.000000
0.029035 0.728839 0.069390 2.000000
0.375000 0.130413 0.424705 1.000000
0.590551 0.209154 0.420276 0.000000
0.380906 0.077756 0.405512 1.000000
0.410925 0.779528 0.421260 0.000000
0.454724 0.469488 0.444390 1.000000
0.449311 0.078740 0.389272 1.000000
0.515748 0.405020 0.421752 1.000000
0.444390 0.408465 0.450295 1.000000
0.288386 0.065945 0.405020 1.000000
0.308563 0.615157 0.473917 1.000000
0.340059 0.110728 0.420768 1.000000
0.612697 0.255906 0.394193 1.000000
0.132382 0.726378 0.405020 1.000000
0.283957 0.160433 0.436516 1.000000
0.086614 0.458661 0.390256 1.000000
0.485728 0.588091 0.416831 1.000000
0.101378 0.577264 0.412402 1.000000
0.358760 0.352854 0.497047 0.000000
0.387795 0.463583 0.475394 1.000000
0.223425 0.562500 0.465551 1.000000
0.337598 0.082185 0.409449 1.000000
0.257874 0.372539 0.457185 1.000000
