0.783939 0.386233 0.438496 1.000000
0.000000 0.415551 0.398980 0.000000
0.569152 0.170172 0.453792 0.000000
0.832377 0.676864 0.037604 2.000000
0.620778 0.231995 0.463352 0.000000
0.367750 0.753983 0.449331 1.000000
0.641173 0.441683 0.508604 1.000000
0.878904 0.389420 0.409178 1.000000
0.635437 0.592734 0.486297 1.000000
0.315488 0.788400 0.421287 1.000000
0.395156 0.664755 0.483110 1.000000
0.472275 0.633525 0.511791 0.000000
0.392607 0.174634 0.420650 1.000000
0.365201 0.314850 0.462078 1.000000
0.494583 0.598470 0.523263 0.000000
0.624602 0.576163 0.493308 1.000000
0.344168 0.648184 0.467177 1.000000
0.571064 0.119184 0.437221 0.000000
0.497132 0.396431 0.528362 1.000000
0.704908 0.743786 0.448056 1.000000
0.676227 0.540472 0.499044 0.000000
0.199490 0.506692 0.449968 1.000000
0.777565 0.465264 0.461440 1.000000
0.920969 0.456979 0.413639 1.000000
0.590822 0.838113 0.410453 1.000000
0.314850 0.493945 0.493945 1.000000
0.456979 0.170809 0.428298 1.000000
0.243467 0.429573 0.478649 0.000000
0.929254 0.425112 0.395156 1.000000
0.644359 0.290631 0.472275 1.000000
0.491396 0.105163 0.420650 1.000000
0.827916 0.427661 0.435946 1.000000
0.687062 0.603569 0.476099 1.000000
0.371574 0.924156 0.409815 0.000000
0.573614 0.613129 0.499044 1.000000
0.051625 0.379222 0.398343 0.000000
0.752071 0.267049 0.425749 1.000000
0.638623 0.196941 0.446781 1.000000
0.715105 0.683875 0.430848 1.000000
0.513703 0.746335 0.460166 1.000000
0.570427 0.268961 0.488209 0.000000
0.766093 0.274060 0.421287 1.000000
0.364563 0.560867 0.500319 1.000000
0.659656 0.692798 0.452518 1.000000
0.210962 0.344806 0.431485 1.000000
0.465902 0.491396 0.550669 0.000000
0.595284 0.326322 0.497769 0.000000
0.688974 0.458891 0.499044 1.000000
0.398343 0.465902 0.525813 0.000000
0.827916 0.427661 0.435946 1.000000
0.539834 0.706820 0.470363 1.000000
0.286807 0.833652 0.395156 1.000000
0.086042 0.545570 0.001912 2.000000
0.574251 0.561504 0.513703 1.000000
0.506692 0.800510 0.444869 1.000000
0.608031 0.375398 0.500956 1.000000
0.783939 0.386233 0.438496 1.000000
0.801785 0.673040 0.420013 1.000000
0.592097 0.477374 0.537285 0.000000
0.367750 0.412365 0.504143 0.000000
0.827916 0.427661 0.435946 1.000000
0.163161 0.552581 0.426386 1.000000
0.293818 0.243467 0.417463 1.000000
0.766093 0.274060 0.421287 1.000000
0.360102 0.852772 0.423837 0.000000
0.689611 0.405991 0.479924 1.000000
0.263225 0.527725 0.466539 1.000000
0.046526 0.417463 0.418101 0.000000
0.688974 0.458891 0.499044 1.000000
0.158700 0.597196 0.414914 1.000000
0.414914 0.526450 0.521989 1.000000
0.722753 0.198215 0.416189 1.000000
0.444869 0.631612 0.509242 0.000000
0.726577 0.452518 0.479924 1.000000
0.092416 0.531549 0.401530 1.000000
0.418101 0.422562 0.508604 1.000000
0.345443 0.697259 0.456979 1.000000
0.248566 0.567878 0.451880 1.000000
0.392607 0.174634 0.420650 1.000000
0.703633 0.302741 0.448693 1.000000
0.641173 0.441683 0.508604 1.000000
0.418738 0.227533 0.446781 1.000000
0.345443 0.697259 0.456979 1.000000
0.898024 0.622052 0.414914 1.000000
0.615041 0.674952 0.458891 1.000000
0.736138 0.422562 0.466539 1.000000
0.469089 0.386233 0.509879 1.000000
0.367750 0.753983 0.449331 1.000000
0.447419 0.553856 0.529637 1.000000
0.847036 0.658381 0.420013 1.000000
0.721479 0.158700 0.409815 1.000000
0.497132 0.396431 0.528362 1.000000
0.590822 0.233270 0.474187 0.000000
0.843212 0.701721 0.396431 1.000000
0.419375 0.964946 0.000000 2.000000
0.752071 0.267049 0.425749 1.000000
0.398343 0.465902 0.525813 0.000000
0.946463 0.629063 0.401530 1.000000
0.063098 0.447419 0.414914 1.000000
0.543021 0.564054 0.521989 1.000000
0.929254 0.425112 0.395156 1.000000
0.347992 0.405991 0.491396 1.000000
0.345443 0.697259 0.456979 1.000000
0.539834 0.873805 0.404079 1.000000
0.198853 0.601657 0.424474 1.000000
0.864882 0.547482 0.449331 0.000000
0.949012 0.586361 0.409178 0.000000
0.367750 0.263225 0.448693 1.000000
0.158700 0.597196 0.414914 1.000000
0.470363 0.929892 0.007011 2.000000
0.263225 0.527725 0.466539 1.000000
0.574251 0.561504 0.513703 1.000000
0.766093 0.274060 0.421287 1.000000
0.491396 0.105163 0.420650 1.000000
0.546208 0.361377 0.523263 0.000000
0.783301 0.488209 0.469726 1.000000
0.418738 0.376036 0.500956 1.000000
0.205226 0.270236 0.398343 1.000000
0.360102 0.852772 0.423837 0.000000
0.263862 0.613129 0.450605 1.000000
0.448056 0.431485 0.525175 0.000000
0.832377 0.676864 0.037604 2.000000
0.801785 0.673040 0.420013 1.000000
0.244105 0.278521 0.421925 1.000000
0.836201 0.299554 0.405354 1.000000
0.687062 0.161249 0.425112 1.000000
0.637349 0.637986 0.467177 1.000000
0.286807 0.833652 0.395156 1.000000
0.411727 0.947737 0.414277 0.000000
0.787763 0.335245 0.431485 1.000000
0.689611 0.405991 0.479924 1.000000
0.245379 0.762906 0.402804 1.000000
0.486934 0.696622 0.478011 0.000000
0.741874 0.219248 0.414914 1.000000
0.342256 0.841300 0.414914 1.000000
0.843212 0.701721 0.396431 1.000000
0.437221 0.732314 0.482473 0.000000
0.413639 0.514978 0.526450 1.000000
0.456979 0.170809 0.428298 1.000000
0.265774 0.483110 0.479286 1.000000
0.543021 0.511791 0.540472 0.000000
0.513703 0.746335 0.460166 1.000000
0.469726 0.191205 0.442957 1.000000
0.546208 0.361377 0.523263 0.000000
0.511154 0.448056 0.548120 0.000000
0.801785 0.673040 0.420013 1.000000
0.292543 0.394519 0.476099 1.000000
0.313576 0.580625 0.475462 1.000000
0.363289 0.548120 0.500956 1.000000
0.522626 0.597833 0.513066 1.000000
0.342894 0.209050 0.421287 1.000000
0.934353 0.601657 0.006373 2.000000
0.249203 0.474187 0.475462 0.000000
0.391969 0.325048 0.478011 1.000000
0.836201 0.299554 0.405354 1.000000
0.295730 0.729764 0.425749 1.000000
0.214149 0.645634 0.418738 1.000000
0.486934 0.696622 0.478011 0.000000
0.521989 0.893563 0.010835 2.000000
0.958572 0.511791 0.409178 1.000000
0.689611 0.405991 0.479924 1.000000
0.051625 0.379222 0.398343 0.000000
0.313576 0.580625 0.475462 1.000000
0.469726 0.191205 0.442957 1.000000
0.513703 0.746335 0.460166 1.000000
0.490758 0.254939 0.471001 1.000000
0.140854 0.622690 0.007011 2.000000
0.342256 0.841300 0.414914 1.000000
0.540472 0.219885 0.470363 1.000000
0.995539 0.534098 0.398343 0.000000
0.881453 0.461440 0.425112 1.000000
0.342256 0.841300 0.414914 1.000000
0.625239 0.525813 0.513066 0.000000
0.847036 0.658381 0.420013 1.000000
0.092416 0.531549 0.401530 1.000000
0.160612 0.458254 0.446144 1.000000
0.396431 0.372212 0.492033 1.000000
0.570427 0.268961 0.488209 0.000000
0.827916 0.378585 0.422562 1.000000
0.396431 0.372212 0.492033 1.000000
0.827916 0.427661 0.435946 1.000000
0.265774 0.335245 0.447419 1.000000
0.792224 0.738687 0.409815 1.000000
0.998088 0.592097 0.398343 0.000000
0.777565 0.465264 0.461440 1.000000
0.386871 0.981517 0.400892 0.000000
0.506692 0.800510 0.444869 1.000000
0.243467 0.429573 0.478649 0.000000
0.882728 0.638623 0.011472 2.000000
0.158700 0.597196 0.414914 1.000000
0.604207 0.066922 0.424474 0.000000
0.898024 0.622052 0.414914 1.000000
0.499044 0.518802 0.548120 0.000000
0.655832 0.339069 0.477374 1.000000
0.685150 0.558317 0.487572 1.000000
0.265774 0.335245 0.447419 1.000000
0.882728 0.638623 0.011472 2.000000
0.447419 0.553856 0.529637 1.000000
0.352454 0.906310 0.410453 0.000000
0.600382 0.444869 0.523263 1.000000
0.738687 0.370300 0.456979 1.000000
0.367750 0.263225 0.448693 1.000000
0.243467 0.429573 0.478649 0.000000
0.313576 0.351179 0.458891 1.000000
0.546208 0.361377 0.523263 0.000000
0.606119 0.810707 0.416826 1.000000
0.589547 0.035692 0.419375 0.000000
0.395156 0.664755 0.483110 1.000000
0.836201 0.299554 0.405354 1.000000
0.210962 0.562141 0.436584 1.000000
0.469089 0.386233 0.509879 1.000000
0.366475 0.458891 0.512428 0.000000
0.511154 0.448056 0.548120 0.000000
0.161887 0.379222 0.435309 1.000000
0.286807 0.833652 0.395156 1.000000
0.688974 0.458891 0.499044 1.000000
0.391969 0.808158 0.441683 0.000000
0.827916 0.427661 0.435946 1.000000
0.666029 0.638623 0.459528 1.000000
0.566603 0.419375 0.531549 0.000000
0.404079 0.872530 0.439133 0.000000
0.363289 0.548120 0.500956 1.000000
0.694073 0.768005 0.458891 1.000000
0.721479 0.158700 0.409815 1.000000
0.738687 0.370300 0.456979 1.000000
0.738687 0.370300 0.456979 1.000000
0.244105 0.278521 0.421925 1.000000
0.558317 0.844487 0.414914 1.000000
0.489484 0.909496 0.405991 1.000000
0.391969 0.808158 0.441683 0.000000
0.685150 0.558317 0.487572 1.000000
0.625239 0.525813 0.513066 0.000000
0.836201 0.299554 0.405354 1.000000
0.386871 0.981517 0.400892 0.000000
0.418738 0.376036 0.500956 1.000000
0.046526 0.417463 0.418101 0.000000
0.344168 0.648184 0.467177 1.000000
0.265774 0.335245 0.447419 1.000000
0.000000 0.415551 0.398980 0.000000
0.441683 0.776291 0.470363 0.000000
0.210962 0.344806 0.431485 1.000000
0.711281 0.656469 0.450605 1.000000
0.694073 0.768005 0.458891 1.000000
0.367750 0.412365 0.504143 0.000000
0.158700 0.597196 0.414914 1.000000
0.315488 0.788400 0.421287 1.000000
0.590185 0.184831 0.463990 0.000000
0.741874 0.219248 0.414914 1.000000
0.694073 0.768005 0.458891 1.000000
0.539834 0.706820 0.470363 1.000000
0.784576 0.534098 0.474187 0.000000
0.210962 0.562141 0.436584 1.000000
0.371574 0.924156 0.409815 0.000000
0.727215 0.503505 0.488209 0.000000
0.640535 0.494583 0.519439 0.000000
0.571702 0.312938 0.504143 0.000000
0.248566 0.567878 0.451880 1.000000
0.574251 0.561504 0.513703 1.000000
0.616953 0.752709 0.428936 1.000000
0.352454 0.906310 0.410453 0.000000
0.569152 0.170172 0.453792 0.000000
0.363289 0.548120 0.500956 1.000000
0.616953 0.752709 0.428936 1.000000
0.249203 0.474187 0.475462 0.000000
0.703633 0.302741 0.448693 1.000000
0.521989 0.893563 0.010835 2.000000
0.210962 0.344806 0.431485 1.000000
0.444232 0.580625 0.523263 1.000000
0.316762 0.299554 0.449968 1.000000
0.689611 0.405991 0.479924 1.000000
0.199490 0.506692 0.449968 1.000000
0.140854 0.622690 0.007011 2.000000
0.386871 0.981517 0.400892 0.000000
0.292543 0.394519 0.476099 1.000000
0.639261 0.149140 0.440408 1.000000
0.801785 0.673040 0.420013 1.000000
0.391969 0.325048 0.478011 1.000000
0.543021 0.511791 0.540472 0.000000
0.467177 0.242192 0.453155 1.000000
0.727215 0.503505 0.488209 0.000000
0.298917 0.534098 0.479924 1.000000
0.570427 0.268961 0.488209 0.000000
0.415551 0.278521 0.456342 1.000000
0.619503 0.132569 0.435309 0.000000
0.493308 0.546845 0.539834 0.000000
0.460803 0.913321 0.417463 1.000000
0.620778 0.231995 0.463352 0.000000
0.248566 0.567878 0.451880 1.000000
0.265774 0.335245 0.447419 1.000000
0.998088 0.592097 0.398343 0.000000
0.108349 0.492670 0.420650 1.000000
0.745061 0.730402 0.427024 1.000000
0.655832 0.776928 0.434034 1.000000
0.652645 0.030593 0.399618 0.000000
0.366475 0.458891 0.512428 0.000000
0.898662 0.604207 0.420013 0.000000
0.619503 0.132569 0.435309 0.000000
0.360102 0.852772 0.423837 0.000000
0.363289 0.548120 0.500956 1.000000
0.864882 0.547482 0.449331 0.000000
0.589547 0.671765 0.468451 1.000000
0.620778 0.231995 0.463352 0.000000
0.460803 0.913321 0.417463 1.000000
0.910134 0.546845 0.430848 0.000000
0.506055 0.137030 0.436584 1.000000
0.418101 0.422562 0.508604 1.000000
0.469726 0.191205 0.442957 1.000000
0.420650 0.668579 0.490758 0.000000
0.398343 0.465902 0.525813 0.000000
0.404079 0.872530 0.439133 0.000000
0.061185 0.478011 0.407266 1.000000
0.149140 0.635437 0.402804 1.000000
0.313576 0.351179 0.458891 1.000000
0.540472 0.070108 0.417463 1.000000
0.589547 0.671765 0.468451 1.000000
0.419375 0.964946 0.000000 2.000000
0.437221 0.732314 0.482473 0.000000
0.622052 0.082855 0.431485 0.000000
0.590822 0.838113 0.410453 1.000000
0.659656 0.692798 0.452518 1.000000
0.571702 0.312938 0.504143 0.000000
0.149140 0.635437 0.402804 1.000000
0.704908 0.743786 0.448056 1.000000
0.444869 0.631612 0.509242 0.000000
0.419375 0.964946 0.000000 2.000000
0.946463 0.629063 0.401530 1.000000
0.161887 0.379222 0.435309 1.000000
0.655832 0.776928 0.434034 1.000000
0.295730 0.729764 0.425749 1.000000
0.298917 0.534098 0.479924 1.000000
0.046526 0.417463 0.418101 0.000000
0.316762 0.448056 0.504780 0.000000
0.881453 0.461440 0.425112 1.000000
0.248566 0.567878 0.451880 1.000000
0.878904 0.389420 0.409178 1.000000
0.637349 0.637986 0.467177 1.000000
0.958572 0.511791 0.409178 1.000000
0.358827 0.240918 0.434672 1.000000
0.367750 0.753983 0.449331 1.000000
0.415551 0.278521 0.456342 1.000000
0.600382 0.444869 0.523263 1.000000
0.046526 0.417463 0.418101 0.000000
0.163161 0.552581 0.426386 1.000000
0.360102 0.852772 0.423837 0.000000
0.543021 0.511791 0.540472 0.000000
0.386871 0.981517 0.400892 0.000000
0.358827 0.240918 0.434672 1.000000
0.265774 0.483110 0.479286 1.000000
0.367750 0.263225 0.448693 1.000000
0.536648 0.662205 0.483748 1.000000
0.316762 0.299554 0.449968 1.000000
0.342894 0.209050 0.421287 1.000000
0.882728 0.638623 0.011472 2.000000
0.486934 0.696622 0.478011 0.000000
0.194391 0.313576 0.421925 1.000000
0.349267 0.499681 0.502868 1.000000
0.704908 0.743786 0.448056 1.000000
0.469089 0.386233 0.509879 1.000000
0.163799 0.406628 0.447419 0.000000
0.676227 0.540472 0.499044 0.000000
0.396431 0.372212 0.492033 1.000000
0.419375 0.964946 0.000000 2.000000
0.595284 0.326322 0.497769 0.000000
0.641173 0.441683 0.508604 1.000000
0.539834 0.706820 0.470363 1.000000
0.898024 0.622052 0.414914 1.000000
0.764181 0.649458 0.432122 1.000000
0.366475 0.458891 0.512428 0.000000
0.149140 0.635437 0.402804 1.000000
0.518164 0.206501 0.456979 1.000000
0.802422 0.291906 0.411090 1.000000
0.934353 0.601657 0.006373 2.000000
0.493308 0.302741 0.486934 1.000000
0.420650 0.668579 0.490758 0.000000
0.762269 0.619503 0.444869 1.000000
0.244105 0.278521 0.421925 1.000000
0.745061 0.730402 0.427024 1.000000
0.557680 0.764181 0.446144 1.000000
0.462715 0.481836 0.546208 0.000000
0.462715 0.782664 0.463352 1.000000
0.211600 0.423200 0.460803 0.000000
0.414914 0.526450 0.521989 1.000000
0.539834 0.706820 0.470363 1.000000
0.910134 0.546845 0.430848 0.000000
0.827916 0.378585 0.422562 1.000000
0.589547 0.671765 0.468451 1.000000
0.199490 0.506692 0.449968 1.000000
0.666029 0.719567 0.454430 1.000000
0.263225 0.527725 0.466539 1.000000
0.920969 0.456979 0.413639 1.000000
0.882728 0.638623 0.011472 2.000000
0.511154 0.448056 0.548120 0.000000
0.721479 0.158700 0.409815 1.000000
0.995539 0.534098 0.398343 0.000000
0.441683 0.776291 0.470363 0.000000
0.441683 0.289356 0.466539 1.000000
0.266412 0.773741 0.408540 1.000000
0.511154 0.448056 0.548120 0.000000
0.752071 0.330147 0.441045 1.000000
0.249203 0.474187 0.475462 0.000000
0.239006 0.690886 0.421287 1.000000
0.666029 0.347355 0.479286 1.000000
0.211600 0.664117 0.413639 1.000000
0.214786 0.370937 0.447419 1.000000
0.249203 0.474187 0.475462 0.000000
0.315488 0.788400 0.421287 1.000000
0.566603 0.419375 0.531549 0.000000
0.701083 0.369025 0.465902 1.000000
0.843212 0.701721 0.396431 1.000000
0.312938 0.595284 0.467177 1.000000
0.590822 0.233270 0.474187 0.000000
0.622052 0.274697 0.474187 1.000000
0.366475 0.458891 0.512428 0.000000
0.437859 0.945825 0.408540 1.000000
0.444869 0.631612 0.509242 0.000000
0.419375 0.720841 0.481198 0.000000
0.833015 0.349904 0.413002 1.000000
0.869981 0.493945 0.437221 1.000000
0.444869 0.631612 0.509242 0.000000
0.113448 0.413639 0.435946 0.000000
0.787763 0.335245 0.431485 1.000000
0.650733 0.406628 0.493308 1.000000
0.214786 0.518164 0.453155 1.000000
0.639261 0.149140 0.440408 1.000000
0.516252 0.456342 0.560229 0.000000
0.358827 0.240918 0.434672 1.000000
0.486934 0.696622 0.478011 0.000000
0.470363 0.855959 0.431485 1.000000
0.364563 0.560867 0.500319 1.000000
0.108349 0.492670 0.420650 1.000000
0.768642 0.567240 0.464627 0.000000
0.000000 0.415551 0.398980 0.000000
0.342894 0.209050 0.421287 1.000000
0.096240 0.383047 0.424474 1.000000
0.345443 0.697259 0.456979 1.000000
0.818993 0.531549 0.465264 0.000000
0.455704 0.836839 0.448056 1.000000
0.666029 0.347355 0.479286 1.000000
0.063098 0.447419 0.414914 1.000000
0.286807 0.833652 0.395156 1.000000
0.616953 0.752709 0.428936 1.000000
0.508604 0.879541 0.419375 1.000000
0.777565 0.465264 0.461440 1.000000
0.445507 0.337157 0.490758 1.000000
0.365201 0.314850 0.462078 1.000000
0.687062 0.603569 0.476099 1.000000
0.345443 0.697259 0.456979 1.000000
0.248566 0.567878 0.451880 1.000000
0.650733 0.406628 0.493308 1.000000
0.337795 0.799873 0.431485 1.000000
0.415551 0.278521 0.456342 1.000000
0.692798 0.254939 0.441683 1.000000
0.571702 0.312938 0.504143 0.000000
0.832377 0.676864 0.037604 2.000000
0.861058 0.581262 0.430848 0.000000
0.752709 0.707457 0.420013 1.000000
0.160612 0.458254 0.446144 1.000000
0.214786 0.370937 0.447419 1.000000
0.625239 0.525813 0.513066 0.000000
0.441683 0.289356 0.466539 1.000000
0.676227 0.489484 0.509242 1.000000
0.958572 0.511791 0.409178 1.000000
0.316762 0.448056 0.504780 0.000000
0.411090 0.818356 0.451880 0.000000
0.358827 0.240918 0.434672 1.000000
0.462715 0.481836 0.546208 0.000000
0.363289 0.548120 0.500956 1.000000
0.659656 0.692798 0.452518 1.000000
0.608668 0.728489 0.447419 1.000000
0.827916 0.427661 0.435946 1.000000
0.398343 0.465902 0.525813 0.000000
0.249203 0.474187 0.475462 0.000000
0.687699 0.113448 0.411727 1.000000
0.444869 0.631612 0.509242 0.000000
0.455704 0.836839 0.448056 1.000000
0.465902 0.491396 0.550669 0.000000
0.508604 0.879541 0.419375 1.000000
0.881453 0.461440 0.425112 1.000000
0.590185 0.184831 0.463990 0.000000
0.687062 0.161249 0.425112 1.000000
0.685150 0.558317 0.487572 1.000000
0.659656 0.692798 0.452518 1.000000
0.265774 0.335245 0.447419 1.000000
0.736138 0.422562 0.466539 1.000000
0.833015 0.498407 0.449968 1.000000
0.470363 0.855959 0.431485 1.000000
0.638623 0.196941 0.446781 1.000000
0.569152 0.170172 0.453792 0.000000
0.508604 0.879541 0.419375 1.000000
0.511154 0.448056 0.548120 0.000000
0.442320 0.139579 0.415551 1.000000
0.738687 0.370300 0.456979 1.000000
0.462715 0.481836 0.546208 0.000000
0.211600 0.423200 0.460803 0.000000
0.462715 0.782664 0.463352 1.000000
0.557680 0.764181 0.446144 1.000000
0.652645 0.030593 0.399618 0.000000
0.158700 0.597196 0.414914 1.000000
0.140854 0.622690 0.007011 2.000000
0.671765 0.195029 0.439133 1.000000
0.946463 0.629063 0.401530 1.000000
0.620778 0.231995 0.463352 0.000000
0.543021 0.268324 0.489484 0.000000
0.214786 0.518164 0.453155 1.000000
0.108349 0.492670 0.420650 1.000000
0.715105 0.683875 0.430848 1.000000
0.946463 0.629063 0.401530 1.000000
0.387508 0.766093 0.458891 0.000000
0.411727 0.947737 0.414277 0.000000
0.298917 0.534098 0.479924 1.000000
0.676227 0.540472 0.499044 0.000000
0.836201 0.299554 0.405354 1.000000
0.796048 0.694073 0.414914 1.000000
0.469089 0.386233 0.509879 1.000000
0.818993 0.531549 0.465264 0.000000
0.199490 0.506692 0.449968 1.000000
0.266412 0.773741 0.408540 1.000000
0.470363 0.855959 0.431485 1.000000
0.418101 0.422562 0.508604 1.000000
0.367750 0.753983 0.449331 1.000000
0.687062 0.161249 0.425112 1.000000
0.569152 0.170172 0.453792 0.000000
0.092416 0.531549 0.401530 1.000000
0.061185 0.478011 0.407266 1.000000
0.371574 0.924156 0.409815 0.000000
0.265774 0.483110 0.479286 1.000000
0.559592 0.411727 0.529637 0.000000
0.061185 0.478011 0.407266 1.000000
0.861058 0.581262 0.430848 0.000000
0.606119 0.810707 0.416826 1.000000
0.881453 0.416826 0.416826 1.000000
0.366475 0.458891 0.512428 0.000000
0.298279 0.441045 0.490121 0.000000
0.465902 0.491396 0.550669 0.000000
0.801785 0.673040 0.420013 1.000000
0.540472 0.070108 0.417463 1.000000
0.411727 0.947737 0.414277 0.000000
0.419375 0.720841 0.481198 0.000000
0.600382 0.444869 0.523263 1.000000
0.836201 0.299554 0.405354 1.000000
0.395156 0.588273 0.500319 1.000000
0.570427 0.268961 0.488209 0.000000
0.198853 0.601657 0.424474 1.000000
0.752709 0.707457 0.420013 1.000000
0.160612 0.458254 0.446144 1.000000
0.499044 0.518802 0.548120 0.000000
0.655832 0.339069 0.477374 1.000000
0.843212 0.701721 0.396431 1.000000
0.393881 0.614404 0.492033 1.000000
0.910134 0.546845 0.430848 0.000000
0.298917 0.534098 0.479924 1.000000
0.672403 0.237094 0.446781 1.000000
0.590822 0.233270 0.474187 0.000000
0.741874 0.219248 0.414914 1.000000
0.672403 0.237094 0.446781 1.000000
0.142766 0.497769 0.432122 1.000000
0.149140 0.635437 0.402804 1.000000
0.783939 0.386233 0.438496 1.000000
0.441683 0.289356 0.466539 1.000000
0.550032 0.483110 0.551307 0.000000
0.472275 0.633525 0.511791 0.000000
0.564691 0.710644 0.461440 1.000000
0.263225 0.527725 0.466539 1.000000
0.490758 0.254939 0.471001 1.000000
0.590185 0.184831 0.463990 0.000000
0.833015 0.498407 0.449968 1.000000
0.444232 0.580625 0.523263 1.000000
0.198853 0.601657 0.424474 1.000000
0.571064 0.119184 0.437221 0.000000
0.211600 0.423200 0.460803 0.000000
0.574251 0.561504 0.513703 1.000000
0.832377 0.676864 0.037604 2.000000
0.701083 0.369025 0.465902 1.000000
0.051625 0.379222 0.398343 0.000000
0.112811 0.442957 0.435309 0.000000
0.619503 0.132569 0.435309 0.000000
0.894837 0.665392 0.398343 1.000000
0.726577 0.452518 0.479924 1.000000
0.796048 0.694073 0.414914 1.000000
0.342894 0.622690 0.476099 1.000000
0.214786 0.370937 0.447419 1.000000
0.869981 0.493945 0.437221 1.000000
0.849586 0.639261 0.421287 1.000000
0.920969 0.456979 0.413639 1.000000
0.392607 0.174634 0.420650 1.000000
0.727215 0.503505 0.488209 0.000000
0.734226 0.523263 0.486297 0.000000
0.847036 0.658381 0.420013 1.000000
0.590822 0.233270 0.474187 0.000000
0.316762 0.448056 0.504780 0.000000
0.316762 0.299554 0.449968 1.000000
0.624602 0.576163 0.493308 1.000000
0.620778 0.231995 0.463352 0.000000
0.460803 0.913321 0.417463 1.000000
0.293818 0.243467 0.417463 1.000000
0.211600 0.664117 0.413639 1.000000
0.689611 0.405991 0.479924 1.000000
0.149140 0.635437 0.402804 1.000000
0.638623 0.000000 0.399618 0.000000
0.420650 0.668579 0.490758 0.000000
0.878904 0.389420 0.409178 1.000000
0.316762 0.448056 0.504780 0.000000
0.688974 0.458891 0.499044 1.000000
0.149777 0.539834 0.423837 1.000000
0.722753 0.198215 0.416189 1.000000
0.312938 0.595284 0.467177 1.000000
0.676227 0.540472 0.499044 0.000000
0.309114 0.274697 0.426386 1.000000
0.764181 0.649458 0.432122 1.000000
0.363289 0.548120 0.500956 1.000000
0.784576 0.534098 0.474187 0.000000
0.467177 0.242192 0.453155 1.000000
0.687699 0.113448 0.411727 1.000000
0.520714 0.350542 0.513066 0.000000
0.567878 0.787126 0.426386 1.000000
0.415551 0.278521 0.456342 1.000000
0.506055 0.137030 0.436584 1.000000
0.313576 0.351179 0.458891 1.000000
0.518164 0.206501 0.456979 1.000000
0.559592 0.411727 0.529637 0.000000
0.491396 0.105163 0.420650 1.000000
0.567878 0.787126 0.426386 1.000000
0.437221 0.732314 0.482473 0.000000
0.142766 0.497769 0.432122 1.000000
0.469726 0.191205 0.442957 1.000000
0.149777 0.539834 0.423837 1.000000
0.638623 0.196941 0.446781 1.000000
0.198853 0.601657 0.424474 1.000000
0.543021 0.564054 0.521989 1.000000
0.666029 0.638623 0.459528 1.000000
0.949012 0.586361 0.409178 0.000000
0.604207 0.066922 0.424474 0.000000
0.407266 0.205864 0.430848 1.000000
0.762269 0.619503 0.444869 1.000000
0.543021 0.511791 0.540472 0.000000
0.827916 0.378585 0.422562 1.000000
0.608668 0.728489 0.447419 1.000000
0.445507 0.337157 0.490758 1.000000
0.437221 0.732314 0.482473 0.000000
0.595284 0.326322 0.497769 0.000000
0.149140 0.635437 0.402804 1.000000
0.687699 0.113448 0.411727 1.000000
0.948375 0.569790 0.423200 0.000000
0.833015 0.498407 0.449968 1.000000
0.243467 0.429573 0.478649 0.000000
0.608668 0.728489 0.447419 1.000000
0.497132 0.396431 0.528362 1.000000
0.418738 0.227533 0.446781 1.000000
0.736138 0.568515 0.472275 1.000000
0.391969 0.808158 0.441683 0.000000
0.569152 0.170172 0.453792 0.000000
0.898662 0.604207 0.420013 0.000000
0.666029 0.638623 0.459528 1.000000
0.878904 0.389420 0.409178 1.000000
0.158700 0.597196 0.414914 1.000000
0.716380 0.310389 0.450605 1.000000
0.291268 0.656469 0.446144 1.000000
0.317400 0.738687 0.435946 1.000000
0.448056 0.431485 0.525175 0.000000
0.214149 0.645634 0.418738 1.000000
0.489484 0.909496 0.405991 1.000000
0.934353 0.601657 0.006373 2.000000
0.313576 0.580625 0.475462 1.000000
0.738687 0.370300 0.456979 1.000000
0.881453 0.461440 0.425112 1.000000
0.387508 0.766093 0.458891 0.000000
0.407266 0.205864 0.430848 1.000000
0.619503 0.132569 0.435309 0.000000
0.573614 0.613129 0.499044 1.000000
0.801785 0.673040 0.420013 1.000000
0.827916 0.378585 0.422562 1.000000
0.734226 0.523263 0.486297 0.000000
0.783939 0.386233 0.438496 1.000000
0.112811 0.442957 0.435309 0.000000
0.513703 0.746335 0.460166 1.000000
0.591460 0.530274 0.525813 0.000000
0.367750 0.263225 0.448693 1.000000
0.494583 0.598470 0.523263 0.000000
0.745061 0.730402 0.427024 1.000000
0.418738 0.376036 0.500956 1.000000
0.920969 0.456979 0.413639 1.000000
0.243467 0.429573 0.478649 0.000000
0.802422 0.291906 0.411090 1.000000
0.518164 0.206501 0.456979 1.000000
0.813257 0.583811 0.449331 1.000000
0.092416 0.531549 0.401530 1.000000
0.540472 0.070108 0.417463 1.000000
0.312938 0.595284 0.467177 1.000000
0.726577 0.452518 0.479924 1.000000
0.051625 0.379222 0.398343 0.000000
0.508604 0.879541 0.419375 1.000000
0.768642 0.567240 0.464627 0.000000
0.518164 0.206501 0.456979 1.000000
0.392607 0.174634 0.420650 1.000000
0.415551 0.278521 0.456342 1.000000
0.455704 0.836839 0.448056 1.000000
0.469089 0.340344 0.497132 1.000000
0.672403 0.237094 0.446781 1.000000
0.676227 0.540472 0.499044 0.000000
0.520714 0.155513 0.446144 1.000000
0.243467 0.429573 0.478649 0.000000
0.193117 0.463352 0.458891 0.000000
0.345443 0.697259 0.456979 1.000000
0.061185 0.478011 0.407266 1.000000
0.337795 0.799873 0.431485 1.000000
0.669853 0.094328 0.407903 1.000000
0.211600 0.423200 0.460803 0.000000
0.687062 0.603569 0.476099 1.000000
0.211600 0.664117 0.413639 1.000000
0.145953 0.347992 0.423837 1.000000
0.061185 0.478011 0.407266 1.000000
0.462715 0.481836 0.546208 0.000000
0.244105 0.715743 0.413639 1.000000
0.413639 0.514978 0.526450 1.000000
0.112811 0.442957 0.435309 0.000000
0.722753 0.198215 0.416189 1.000000
0.145953 0.347992 0.423837 1.000000
0.486934 0.696622 0.478011 0.000000
0.948375 0.569790 0.423200 0.000000
0.386871 0.981517 0.400892 0.000000
0.419375 0.720841 0.481198 0.000000
0.669853 0.094328 0.407903 1.000000
0.564691 0.710644 0.461440 1.000000
0.342894 0.622690 0.476099 1.000000
0.243467 0.429573 0.478649 0.000000
0.672403 0.237094 0.446781 1.000000
0.836201 0.299554 0.405354 1.000000
0.910134 0.546845 0.430848 0.000000
0.715105 0.683875 0.430848 1.000000
0.570427 0.268961 0.488209 0.000000
0.163161 0.552581 0.426386 1.000000
0.522626 0.597833 0.513066 1.000000
0.489484 0.909496 0.405991 1.000000
0.286807 0.833652 0.395156 1.000000
0.540472 0.219885 0.470363 1.000000
0.666029 0.719567 0.454430 1.000000
0.437859 0.945825 0.408540 1.000000
0.734226 0.523263 0.486297 0.000000
0.387508 0.766093 0.458891 0.000000
0.589547 0.035692 0.419375 0.000000
0.590822 0.838113 0.410453 1.000000
0.396431 0.372212 0.492033 1.000000
0.491396 0.105163 0.420650 1.000000
0.796048 0.694073 0.414914 1.000000
0.559592 0.411727 0.529637 0.000000
0.161887 0.379222 0.435309 1.000000
0.244105 0.278521 0.421925 1.000000
0.692798 0.254939 0.441683 1.000000
0.812620 0.615041 0.431485 1.000000
0.652645 0.030593 0.399618 0.000000
0.411727 0.947737 0.414277 0.000000
0.337795 0.799873 0.431485 1.000000
0.419375 0.964946 0.000000 2.000000
0.635437 0.592734 0.486297 1.000000
0.469726 0.191205 0.442957 1.000000
0.878904 0.389420 0.409178 1.000000
0.342256 0.841300 0.414914 1.000000
0.540472 0.219885 0.470363 1.000000
0.490758 0.254939 0.471001 1.000000
0.958572 0.511791 0.409178 1.000000
0.833015 0.349904 0.413002 1.000000
0.364563 0.560867 0.500319 1.000000
0.142766 0.497769 0.432122 1.000000
0.736138 0.422562 0.466539 1.000000
0.352454 0.906310 0.410453 0.000000
0.666029 0.347355 0.479286 1.000000
0.539834 0.706820 0.470363 1.000000
0.455704 0.836839 0.448056 1.000000
0.419375 0.964946 0.000000 2.000000
0.367750 0.263225 0.448693 1.000000
0.620778 0.231995 0.463352 0.000000
0.540472 0.070108 0.417463 1.000000
0.777565 0.465264 0.461440 1.000000
0.813257 0.583811 0.449331 1.000000
0.624602 0.576163 0.493308 1.000000
0.342256 0.841300 0.414914 1.000000
0.640535 0.494583 0.519439 0.000000
0.637349 0.637986 0.467177 1.000000
0.687062 0.603569 0.476099 1.000000
0.687062 0.603569 0.476099 1.000000
0.210962 0.562141 0.436584 1.000000
0.061185 0.478011 0.407266 1.000000
0.543021 0.564054 0.521989 1.000000
0.764181 0.649458 0.432122 1.000000
0.569152 0.170172 0.453792 0.000000
0.292543 0.394519 0.476099 1.000000
0.366475 0.458891 0.512428 0.000000
0.692798 0.254939 0.441683 1.000000
0.521989 0.893563 0.010835 2.000000
0.557680 0.764181 0.446144 1.000000
0.585723 0.627788 0.488846 1.000000
0.404079 0.872530 0.439133 0.000000
0.349267 0.499681 0.502868 1.000000
0.437859 0.945825 0.408540 1.000000
0.342894 0.209050 0.421287 1.000000
0.154238 0.307202 0.404716 1.000000
0.701083 0.369025 0.465902 1.000000
0.260676 0.309751 0.434034 1.000000
0.314850 0.493945 0.493945 1.000000
0.298917 0.534098 0.479924 1.000000
0.063098 0.447419 0.414914 1.000000
0.214786 0.370937 0.447419 1.000000
0.802422 0.291906 0.411090 1.000000
0.046526 0.417463 0.418101 0.000000
0.881453 0.416826 0.416826 1.000000
0.210962 0.344806 0.431485 1.000000
0.315488 0.788400 0.421287 1.000000
0.214149 0.645634 0.418738 1.000000
0.149777 0.539834 0.423837 1.000000
0.655832 0.339069 0.477374 1.000000
0.635437 0.592734 0.486297 1.000000
0.784576 0.534098 0.474187 0.000000
0.792224 0.738687 0.409815 1.000000
0.726577 0.452518 0.479924 1.000000
0.574251 0.561504 0.513703 1.000000
0.818993 0.531549 0.465264 0.000000
0.248566 0.567878 0.451880 1.000000
0.460803 0.913321 0.417463 1.000000
0.455704 0.836839 0.448056 1.000000
0.295730 0.729764 0.425749 1.000000
0.521989 0.893563 0.010835 2.000000
0.312938 0.595284 0.467177 1.000000
0.659656 0.692798 0.452518 1.000000
0.391969 0.808158 0.441683 0.000000
0.513703 0.746335 0.460166 1.000000
0.497132 0.396431 0.528362 1.000000
0.687062 0.161249 0.425112 1.000000
0.395156 0.588273 0.500319 1.000000
0.046526 0.417463 0.418101 0.000000
0.494583 0.598470 0.523263 0.000000
0.211600 0.423200 0.460803 0.000000
0.506055 0.137030 0.436584 1.000000
0.546208 0.361377 0.523263 0.000000
0.493308 0.546845 0.539834 0.000000
0.792224 0.738687 0.409815 1.000000
0.590185 0.184831 0.463990 0.000000
0.154238 0.307202 0.404716 1.000000
0.520714 0.350542 0.513066 0.000000
0.881453 0.416826 0.416826 1.000000
0.418101 0.422562 0.508604 1.000000
0.214786 0.370937 0.447419 1.000000
0.437859 0.945825 0.408540 1.000000
0.291268 0.656469 0.446144 1.000000
0.491396 0.741236 0.469726 1.000000
0.447419 0.553856 0.529637 1.000000
0.051625 0.379222 0.398343 0.000000
0.158700 0.597196 0.414914 1.000000
0.574251 0.561504 0.513703 1.000000
0.508604 0.879541 0.419375 1.000000
0.411090 0.818356 0.451880 0.000000
0.295730 0.729764 0.425749 1.000000
0.878904 0.389420 0.409178 1.000000
0.640535 0.494583 0.519439 0.000000
0.833015 0.349904 0.413002 1.000000
0.239006 0.690886 0.421287 1.000000
0.367750 0.412365 0.504143 0.000000
0.638623 0.196941 0.446781 1.000000
0.929254 0.425112 0.395156 1.000000
0.543021 0.268324 0.489484 0.000000
0.404079 0.872530 0.439133 0.000000
0.910134 0.546845 0.430848 0.000000
0.419375 0.720841 0.481198 0.000000
0.934353 0.601657 0.006373 2.000000
0.615041 0.674952 0.458891 1.000000
0.898024 0.622052 0.414914 1.000000
0.369025 0.703633 0.467177 1.000000
0.260676 0.309751 0.434034 1.000000
0.344168 0.648184 0.467177 1.000000
0.092416 0.531549 0.401530 1.000000
0.522626 0.597833 0.513066 1.000000
0.847036 0.658381 0.420013 1.000000
0.715105 0.683875 0.430848 1.000000
0.659656 0.692798 0.452518 1.000000
0.703633 0.302741 0.448693 1.000000
0.717655 0.602932 0.462078 1.000000
0.861058 0.581262 0.430848 0.000000
0.112811 0.442957 0.435309 0.000000
0.447419 0.553856 0.529637 1.000000
0.063098 0.447419 0.414914 1.000000
0.298279 0.441045 0.490121 0.000000
0.210962 0.562141 0.436584 1.000000
0.108349 0.492670 0.420650 1.000000
0.559592 0.411727 0.529637 0.000000
0.494583 0.598470 0.523263 0.000000
0.414914 0.526450 0.521989 1.000000
0.469089 0.386233 0.509879 1.000000
0.263225 0.527725 0.466539 1.000000
0.898662 0.604207 0.420013 0.000000
0.894837 0.665392 0.398343 1.000000
0.784576 0.534098 0.474187 0.000000
0.836201 0.299554 0.405354 1.000000
0.638623 0.000000 0.399618 0.000000
0.600382 0.444869 0.523263 1.000000
0.293818 0.243467 0.417463 1.000000
0.491396 0.105163 0.420650 1.000000
0.342256 0.841300 0.414914 1.000000
0.460803 0.913321 0.417463 1.000000
0.096240 0.383047 0.424474 1.000000
0.214149 0.645634 0.418738 1.000000
0.520714 0.155513 0.446144 1.000000
0.604207 0.066922 0.424474 0.000000
0.555131 0.101976 0.428936 1.000000
0.363289 0.548120 0.500956 1.000000
0.752071 0.267049 0.425749 1.000000
0.061185 0.478011 0.407266 1.000000
0.411090 0.818356 0.451880 0.000000
0.635437 0.592734 0.486297 1.000000
0.592097 0.477374 0.537285 0.000000
0.539834 0.873805 0.404079 1.000000
0.882728 0.638623 0.011472 2.000000
0.704908 0.743786 0.448056 1.000000
0.249203 0.474187 0.475462 0.000000
0.243467 0.429573 0.478649 0.000000
0.140854 0.622690 0.007011 2.000000
0.211600 0.423200 0.460803 0.000000
0.849586 0.639261 0.421287 1.000000
0.291268 0.656469 0.446144 1.000000
0.595284 0.326322 0.497769 0.000000
0.540472 0.219885 0.470363 1.000000
0.193117 0.463352 0.458891 0.000000
0.244105 0.715743 0.413639 1.000000
0.920969 0.456979 0.413639 1.000000
0.734226 0.523263 0.486297 0.000000
0.419375 0.720841 0.481198 0.000000
0.573614 0.856597 0.007648 2.000000
0.573614 0.613129 0.499044 1.000000
0.448056 0.431485 0.525175 0.000000
0.652645 0.030593 0.399618 0.000000
0.738687 0.370300 0.456979 1.000000
0.573614 0.856597 0.007648 2.000000
0.263862 0.613129 0.450605 1.000000
0.622052 0.082855 0.431485 0.000000
0.497132 0.396431 0.528362 1.000000
0.881453 0.461440 0.425112 1.000000
0.371574 0.924156 0.409815 0.000000
0.462715 0.782664 0.463352 1.000000
0.787763 0.335245 0.431485 1.000000
0.413639 0.514978 0.526450 1.000000
0.958572 0.511791 0.409178 1.000000
0.337795 0.799873 0.431485 1.000000
0.934353 0.601657 0.006373 2.000000
0.337795 0.799873 0.431485 1.000000
0.493308 0.302741 0.486934 1.000000
0.640535 0.494583 0.519439 0.000000
0.543021 0.511791 0.540472 0.000000
0.689611 0.405991 0.479924 1.000000
0.149140 0.635437 0.402804 1.000000
0.540472 0.219885 0.470363 1.000000
0.687699 0.113448 0.411727 1.000000
0.214149 0.645634 0.418738 1.000000
0.493308 0.302741 0.486934 1.000000
0.243467 0.429573 0.478649 0.000000
0.490758 0.254939 0.471001 1.000000
0.564691 0.710644 0.461440 1.000000
0.752071 0.267049 0.425749 1.000000
0.574251 0.561504 0.513703 1.000000
0.367750 0.412365 0.504143 0.000000
0.592097 0.477374 0.537285 0.000000
0.491396 0.741236 0.469726 1.000000
0.411090 0.818356 0.451880 0.000000
0.415551 0.278521 0.456342 1.000000
0.462715 0.481836 0.546208 0.000000
0.420650 0.890376 0.428298 0.000000
0.672403 0.237094 0.446781 1.000000
0.592097 0.477374 0.537285 0.000000
0.248566 0.567878 0.451880 1.000000
0.245379 0.762906 0.402804 1.000000
0.420650 0.890376 0.428298 0.000000
0.687699 0.113448 0.411727 1.000000
0.849586 0.639261 0.421287 1.000000
0.086042 0.545570 0.001912 2.000000
0.244105 0.715743 0.413639 1.000000
0.294455 0.682600 0.446144 1.000000
0.096240 0.383047 0.424474 1.000000
0.404079 0.872530 0.439133 0.000000
0.752709 0.707457 0.420013 1.000000
0.367750 0.412365 0.504143 0.000000
0.721479 0.158700 0.409815 1.000000
0.540472 0.219885 0.470363 1.000000
0.894837 0.665392 0.398343 1.000000
0.555131 0.101976 0.428936 1.000000
0.827916 0.378585 0.422562 1.000000
0.455704 0.836839 0.448056 1.000000
0.295730 0.729764 0.425749 1.000000
0.411727 0.947737 0.414277 0.000000
0.317400 0.738687 0.435946 1.000000
0.263225 0.527725 0.466539 1.000000
0.292543 0.394519 0.476099 1.000000
0.437859 0.945825 0.408540 1.000000
0.559592 0.411727 0.529637 0.000000
0.762269 0.619503 0.444869 1.000000
0.265774 0.335245 0.447419 1.000000
0.676227 0.489484 0.509242 1.000000
0.407266 0.205864 0.430848 1.000000
0.676227 0.489484 0.509242 1.000000
0.995539 0.534098 0.398343 0.000000
0.486934 0.696622 0.478011 0.000000
0.467177 0.242192 0.453155 1.000000
0.214149 0.645634 0.418738 1.000000
0.344168 0.648184 0.467177 1.000000
0.387508 0.766093 0.458891 0.000000
0.752071 0.330147 0.441045 1.000000
0.163799 0.406628 0.447419 0.000000
0.666029 0.638623 0.459528 1.000000
0.768642 0.567240 0.464627 0.000000
0.671765 0.195029 0.439133 1.000000
0.419375 0.720841 0.481198 0.000000
0.687062 0.161249 0.425112 1.000000
0.508604 0.879541 0.419375 1.000000
0.843212 0.701721 0.396431 1.000000
0.519439 0.305290 0.500956 1.000000
0.669853 0.094328 0.407903 1.000000
0.411727 0.947737 0.414277 0.000000
0.522626 0.597833 0.513066 1.000000
0.349267 0.499681 0.502868 1.000000
0.292543 0.394519 0.476099 1.000000
0.317400 0.738687 0.435946 1.000000
0.784576 0.534098 0.474187 0.000000
0.396431 0.372212 0.492033 1.000000
0.398343 0.465902 0.525813 0.000000
0.567878 0.787126 0.426386 1.000000
0.472275 0.633525 0.511791 0.000000
0.499044 0.518802 0.548120 0.000000
0.315488 0.788400 0.421287 1.000000
0.260676 0.309751 0.434034 1.000000
0.367750 0.753983 0.449331 1.000000
0.265774 0.483110 0.479286 1.000000
0.543021 0.564054 0.521989 1.000000
0.486934 0.696622 0.478011 0.000000
0.309114 0.274697 0.426386 1.000000
0.559592 0.411727 0.529637 0.000000
0.391969 0.808158 0.441683 0.000000
0.608668 0.728489 0.447419 1.000000
0.555131 0.101976 0.428936 1.000000
0.622052 0.082855 0.431485 0.000000
0.367750 0.412365 0.504143 0.000000
0.418101 0.422562 0.508604 1.000000
0.293818 0.243467 0.417463 1.000000
0.415551 0.278521 0.456342 1.000000
0.396431 0.372212 0.492033 1.000000
0.666029 0.638623 0.459528 1.000000
0.391969 0.325048 0.478011 1.000000
0.419375 0.720841 0.481198 0.000000
0.606119 0.810707 0.416826 1.000000
0.092416 0.531549 0.401530 1.000000
0.600382 0.444869 0.523263 1.000000
0.262588 0.387508 0.457616 1.000000
0.569152 0.170172 0.453792 0.000000
0.163161 0.552581 0.426386 1.000000
0.298279 0.441045 0.490121 0.000000
0.540472 0.219885 0.470363 1.000000
0.777565 0.465264 0.461440 1.000000
0.929254 0.425112 0.395156 1.000000
0.567878 0.787126 0.426386 1.000000
0.214786 0.518164 0.453155 1.000000
0.160612 0.458254 0.446144 1.000000
0.315488 0.788400 0.421287 1.000000
0.086042 0.545570 0.001912 2.000000
0.998088 0.592097 0.398343 0.000000
0.881453 0.461440 0.425112 1.000000
0.199490 0.506692 0.449968 1.000000
0.692798 0.254939 0.441683 1.000000
0.519439 0.305290 0.500956 1.000000
0.843212 0.701721 0.396431 1.000000
0.506055 0.137030 0.436584 1.000000
0.448056 0.431485 0.525175 0.000000
0.671765 0.195029 0.439133 1.000000
0.666029 0.638623 0.459528 1.000000
0.316762 0.448056 0.504780 0.000000
0.214786 0.518164 0.453155 1.000000
0.736138 0.422562 0.466539 1.000000
0.571064 0.119184 0.437221 0.000000
0.881453 0.416826 0.416826 1.000000
0.472275 0.633525 0.511791 0.000000
0.711281 0.656469 0.450605 1.000000
0.687699 0.113448 0.411727 1.000000
0.292543 0.394519 0.476099 1.000000
0.470363 0.929892 0.007011 2.000000
0.471001 0.685150 0.490758 0.000000
0.163161 0.552581 0.426386 1.000000
0.462715 0.782664 0.463352 1.000000
0.832377 0.452518 0.444232 1.000000
0.920969 0.456979 0.413639 1.000000
0.364563 0.560867 0.500319 1.000000
0.898024 0.622052 0.414914 1.000000
0.833015 0.349904 0.413002 1.000000
0.717655 0.602932 0.462078 1.000000
0.589547 0.035692 0.419375 0.000000
0.342256 0.359465 0.475462 1.000000
0.437221 0.732314 0.482473 0.000000
0.813257 0.583811 0.449331 1.000000
0.337795 0.799873 0.431485 1.000000
0.573614 0.856597 0.007648 2.000000
0.441683 0.776291 0.470363 0.000000
0.564691 0.710644 0.461440 1.000000
0.608031 0.375398 0.500956 1.000000
0.472275 0.633525 0.511791 0.000000
0.420650 0.890376 0.428298 0.000000
0.294455 0.682600 0.446144 1.000000
0.314850 0.493945 0.493945 1.000000
0.096240 0.383047 0.424474 1.000000
0.365201 0.314850 0.462078 1.000000
0.261950 0.629700 0.439133 1.000000
0.704908 0.743786 0.448056 1.000000
0.726577 0.452518 0.479924 1.000000
0.606119 0.810707 0.416826 1.000000
0.715105 0.683875 0.430848 1.000000
0.519439 0.305290 0.500956 1.000000
0.600382 0.444869 0.523263 1.000000
0.734226 0.523263 0.486297 0.000000
0.506055 0.137030 0.436584 1.000000
0.592097 0.477374 0.537285 0.000000
0.635437 0.592734 0.486297 1.000000
0.777565 0.465264 0.461440 1.000000
0.211600 0.664117 0.413639 1.000000
0.692798 0.254939 0.441683 1.000000
0.787763 0.335245 0.431485 1.000000
0.511154 0.448056 0.548120 0.000000
0.471001 0.685150 0.490758 0.000000
0.470363 0.929892 0.007011 2.000000
0.420650 0.890376 0.428298 0.000000
0.655832 0.776928 0.434034 1.000000
0.752071 0.267049 0.425749 1.000000
0.437859 0.945825 0.408540 1.000000
0.163161 0.552581 0.426386 1.000000
0.420650 0.668579 0.490758 0.000000
0.762269 0.619503 0.444869 1.000000
0.688974 0.458891 0.499044 1.000000
0.352454 0.906310 0.410453 0.000000
0.291268 0.656469 0.446144 1.000000
0.506692 0.800510 0.444869 1.000000
0.639261 0.149140 0.440408 1.000000
0.418101 0.422562 0.508604 1.000000
0.367750 0.412365 0.504143 0.000000
0.727215 0.503505 0.488209 0.000000
0.418738 0.227533 0.446781 1.000000
0.419375 0.964946 0.000000 2.000000
0.738687 0.370300 0.456979 1.000000
0.608668 0.728489 0.447419 1.000000
0.734226 0.523263 0.486297 0.000000
0.644359 0.290631 0.472275 1.000000
0.293818 0.243467 0.417463 1.000000
0.676227 0.489484 0.509242 1.000000
0.467177 0.242192 0.453155 1.000000
0.722753 0.198215 0.416189 1.000000
0.787763 0.335245 0.431485 1.000000
0.650733 0.406628 0.493308 1.000000
0.934353 0.601657 0.006373 2.000000
0.813257 0.583811 0.449331 1.000000
0.745061 0.730402 0.427024 1.000000
0.497132 0.396431 0.528362 1.000000
0.193117 0.463352 0.458891 0.000000
0.469089 0.340344 0.497132 1.000000
0.315488 0.788400 0.421287 1.000000
0.214149 0.645634 0.418738 1.000000
0.655832 0.339069 0.477374 1.000000
0.489484 0.909496 0.405991 1.000000
0.522626 0.648821 0.492033 1.000000
0.783939 0.386233 0.438496 1.000000
0.358827 0.240918 0.434672 1.000000
0.616953 0.752709 0.428936 1.000000
0.827916 0.378585 0.422562 1.000000
0.736138 0.422562 0.466539 1.000000
0.214786 0.370937 0.447419 1.000000
0.726577 0.452518 0.479924 1.000000
0.261950 0.629700 0.439133 1.000000
0.395156 0.588273 0.500319 1.000000
0.608031 0.375398 0.500956 1.000000
0.415551 0.278521 0.456342 1.000000
0.812620 0.615041 0.431485 1.000000
0.456979 0.170809 0.428298 1.000000
0.337795 0.799873 0.431485 1.000000
0.298279 0.441045 0.490121 0.000000
0.163799 0.406628 0.447419 0.000000
0.316762 0.299554 0.449968 1.000000
0.958572 0.511791 0.409178 1.000000
0.367750 0.412365 0.504143 0.000000
0.441683 0.289356 0.466539 1.000000
0.369025 0.703633 0.467177 1.000000
0.266412 0.773741 0.408540 1.000000
0.717655 0.602932 0.462078 1.000000
0.413639 0.514978 0.526450 1.000000
0.386871 0.981517 0.400892 0.000000
0.567878 0.787126 0.426386 1.000000
0.444869 0.631612 0.509242 0.000000
0.441683 0.776291 0.470363 0.000000
0.776928 0.415551 0.453155 1.000000
0.948375 0.569790 0.423200 0.000000
0.437859 0.945825 0.408540 1.000000
0.567878 0.787126 0.426386 1.000000
0.701083 0.369025 0.465902 1.000000
0.142766 0.497769 0.432122 1.000000
0.543021 0.564054 0.521989 1.000000
0.491396 0.741236 0.469726 1.000000
0.685150 0.558317 0.487572 1.000000
0.395156 0.588273 0.500319 1.000000
0.491396 0.741236 0.469726 1.000000
0.489484 0.909496 0.405991 1.000000
0.506055 0.137030 0.436584 1.000000
0.469089 0.340344 0.497132 1.000000
0.194391 0.313576 0.421925 1.000000
0.455704 0.836839 0.448056 1.000000
0.391969 0.808158 0.441683 0.000000
1.000000 0.549395 0.403442 0.000000
0.766093 0.274060 0.421287 1.000000
0.367750 0.753983 0.449331 1.000000
0.244105 0.278521 0.421925 1.000000
0.792224 0.738687 0.409815 1.000000
0.882728 0.638623 0.011472 2.000000
0.411090 0.818356 0.451880 0.000000
0.214786 0.518164 0.453155 1.000000
0.522626 0.597833 0.513066 1.000000
0.291268 0.656469 0.446144 1.000000
0.312938 0.595284 0.467177 1.000000
0.265774 0.335245 0.447419 1.000000
0.491396 0.741236 0.469726 1.000000
0.046526 0.417463 0.418101 0.000000
0.520714 0.350542 0.513066 0.000000
0.833015 0.498407 0.449968 1.000000
0.398343 0.465902 0.525813 0.000000
0.516252 0.456342 0.560229 0.000000
0.249203 0.474187 0.475462 0.000000
0.445507 0.337157 0.490758 1.000000
0.666029 0.638623 0.459528 1.000000
0.827916 0.427661 0.435946 1.000000
0.802422 0.291906 0.411090 1.000000
0.566603 0.419375 0.531549 0.000000
0.687062 0.603569 0.476099 1.000000
0.470363 0.855959 0.431485 1.000000
0.086042 0.545570 0.001912 2.000000
0.261950 0.629700 0.439133 1.000000
0.214149 0.645634 0.418738 1.000000
0.801785 0.673040 0.420013 1.000000
0.689611 0.405991 0.479924 1.000000
0.494583 0.598470 0.523263 0.000000
0.783939 0.386233 0.438496 1.000000
0.521989 0.893563 0.010835 2.000000
0.108349 0.492670 0.420650 1.000000
0.589547 0.671765 0.468451 1.000000
0.493308 0.546845 0.539834 0.000000
0.543021 0.564054 0.521989 1.000000
0.194391 0.313576 0.421925 1.000000
0.948375 0.569790 0.423200 0.000000
0.316762 0.299554 0.449968 1.000000
0.639261 0.149140 0.440408 1.000000
0.444869 0.631612 0.509242 0.000000
0.764181 0.649458 0.432122 1.000000
0.843212 0.701721 0.396431 1.000000
0.113448 0.413639 0.435946 0.000000
0.573614 0.613129 0.499044 1.000000
0.420650 0.890376 0.428298 0.000000
0.741874 0.219248 0.414914 1.000000
0.358827 0.240918 0.434672 1.000000
0.337795 0.799873 0.431485 1.000000
0.460803 0.913321 0.417463 1.000000
0.112811 0.442957 0.435309 0.000000
0.000000 0.415551 0.398980 0.000000
0.244105 0.715743 0.413639 1.000000
0.352454 0.906310 0.410453 0.000000
0.882728 0.638623 0.011472 2.000000
0.205226 0.270236 0.398343 1.000000
0.161887 0.379222 0.435309 1.000000
0.363289 0.548120 0.500956 1.000000
0.832377 0.452518 0.444232 1.000000
0.689611 0.405991 0.479924 1.000000
0.622052 0.274697 0.474187 1.000000
0.317400 0.738687 0.435946 1.000000
0.567878 0.787126 0.426386 1.000000
0.869981 0.493945 0.437221 1.000000
0.086042 0.545570 0.001912 2.000000
0.391969 0.808158 0.441683 0.000000
0.491396 0.741236 0.469726 1.000000
0.734226 0.523263 0.486297 0.000000
0.688974 0.458891 0.499044 1.000000
0.511154 0.448056 0.548120 0.000000
0.063098 0.447419 0.414914 1.000000
0.559592 0.411727 0.529637 0.000000
0.163799 0.406628 0.447419 0.000000
0.827916 0.378585 0.422562 1.000000
0.738687 0.370300 0.456979 1.000000
0.539834 0.873805 0.404079 1.000000
0.418738 0.376036 0.500956 1.000000
0.543021 0.268324 0.489484 0.000000
0.832377 0.452518 0.444232 1.000000
0.448056 0.431485 0.525175 0.000000
0.194391 0.313576 0.421925 1.000000
0.734226 0.523263 0.486297 0.000000
0.291268 0.656469 0.446144 1.000000
0.266412 0.773741 0.408540 1.000000
0.365201 0.314850 0.462078 1.000000
0.154238 0.307202 0.404716 1.000000
0.347992 0.405991 0.491396 1.000000
0.309114 0.274697 0.426386 1.000000
0.558317 0.844487 0.414914 1.000000
0.591460 0.530274 0.525813 0.000000
0.592097 0.477374 0.537285 0.000000
0.536648 0.662205 0.483748 1.000000
0.711281 0.656469 0.450605 1.000000
0.344168 0.648184 0.467177 1.000000
0.659656 0.692798 0.452518 1.000000
1.000000 0.549395 0.403442 0.000000
0.161887 0.379222 0.435309 1.000000
0.214786 0.518164 0.453155 1.000000
0.163161 0.552581 0.426386 1.000000
0.590822 0.838113 0.410453 1.000000
0.317400 0.738687 0.435946 1.000000
0.559592 0.411727 0.529637 0.000000
0.694073 0.768005 0.458891 1.000000
0.635437 0.592734 0.486297 1.000000
0.489484 0.909496 0.405991 1.000000
0.745061 0.730402 0.427024 1.000000
0.590822 0.233270 0.474187 0.000000
0.445507 0.337157 0.490758 1.000000
0.205226 0.270236 0.398343 1.000000
0.608031 0.375398 0.500956 1.000000
0.948375 0.569790 0.423200 0.000000
0.210962 0.562141 0.436584 1.000000
0.787763 0.335245 0.431485 1.000000
0.506055 0.137030 0.436584 1.000000
0.666029 0.719567 0.454430 1.000000
0.915233 0.509242 0.423837 1.000000
0.469089 0.340344 0.497132 1.000000
0.511154 0.448056 0.548120 0.000000
0.833015 0.498407 0.449968 1.000000
0.958572 0.511791 0.409178 1.000000
0.948375 0.569790 0.423200 0.000000
0.764181 0.649458 0.432122 1.000000
0.414914 0.526450 0.521989 1.000000
0.112811 0.442957 0.435309 0.000000
0.149777 0.539834 0.423837 1.000000
1.000000 0.549395 0.403442 0.000000
0.393881 0.614404 0.492033 1.000000
0.882728 0.638623 0.011472 2.000000
0.741874 0.219248 0.414914 1.000000
0.590185 0.184831 0.463990 0.000000
0.210962 0.562141 0.436584 1.000000
0.727215 0.503505 0.488209 0.000000
0.616953 0.752709 0.428936 1.000000
0.360102 0.852772 0.423837 0.000000
0.245379 0.762906 0.402804 1.000000
0.600382 0.444869 0.523263 1.000000
0.801785 0.673040 0.420013 1.000000
0.849586 0.639261 0.421287 1.000000
0.522626 0.597833 0.513066 1.000000
0.615679 0.383684 0.504143 1.000000
0.337795 0.799873 0.431485 1.000000
0.622052 0.082855 0.431485 0.000000
0.833015 0.498407 0.449968 1.000000
0.920969 0.456979 0.413639 1.000000
0.671765 0.195029 0.439133 1.000000
0.312938 0.595284 0.467177 1.000000
0.592097 0.477374 0.537285 0.000000
0.199490 0.506692 0.449968 1.000000
0.140854 0.622690 0.007011 2.000000
0.470363 0.929892 0.007011 2.000000
0.787763 0.335245 0.431485 1.000000
0.915233 0.509242 0.423837 1.000000
0.832377 0.676864 0.037604 2.000000
0.086042 0.545570 0.001912 2.000000
0.716380 0.310389 0.450605 1.000000
0.046526 0.417463 0.418101 0.000000
0.262588 0.387508 0.457616 1.000000
0.701083 0.369025 0.465902 1.000000
0.948375 0.569790 0.423200 0.000000
0.929254 0.425112 0.395156 1.000000
0.149140 0.635437 0.402804 1.000000
0.639261 0.149140 0.440408 1.000000
0.413639 0.514978 0.526450 1.000000
0.244105 0.278521 0.421925 1.000000
0.655832 0.776928 0.434034 1.000000
0.589547 0.035692 0.419375 0.000000
0.768642 0.567240 0.464627 0.000000
0.519439 0.305290 0.500956 1.000000
0.391969 0.808158 0.441683 0.000000
0.650733 0.406628 0.493308 1.000000
0.869981 0.493945 0.437221 1.000000
0.641173 0.441683 0.508604 1.000000
0.522626 0.648821 0.492033 1.000000
0.366475 0.458891 0.512428 0.000000
0.407266 0.205864 0.430848 1.000000
0.316762 0.299554 0.449968 1.000000
0.776928 0.415551 0.453155 1.000000
0.741874 0.219248 0.414914 1.000000
0.569152 0.170172 0.453792 0.000000
0.342256 0.359465 0.475462 1.000000
0.878904 0.389420 0.409178 1.000000
0.635437 0.592734 0.486297 1.000000
0.444869 0.631612 0.509242 0.000000
0.214786 0.370937 0.447419 1.000000
0.736138 0.422562 0.466539 1.000000
0.291268 0.656469 0.446144 1.000000
0.898024 0.622052 0.414914 1.000000
0.437859 0.945825 0.408540 1.000000
0.108349 0.492670 0.420650 1.000000
0.419375 0.964946 0.000000 2.000000
0.676227 0.489484 0.509242 1.000000
0.486934 0.696622 0.478011 0.000000
0.566603 0.419375 0.531549 0.000000
0.574251 0.561504 0.513703 1.000000
0.801785 0.673040 0.420013 1.000000
0.898662 0.604207 0.420013 0.000000
0.391969 0.808158 0.441683 0.000000
0.086042 0.545570 0.001912 2.000000
0.292543 0.394519 0.476099 1.000000
0.112811 0.442957 0.435309 0.000000
0.051625 0.379222 0.398343 0.000000
0.456979 0.170809 0.428298 1.000000
0.569152 0.170172 0.453792 0.000000
0.309114 0.274697 0.426386 1.000000
0.592097 0.477374 0.537285 0.000000
0.456979 0.170809 0.428298 1.000000
0.910134 0.546845 0.430848 0.000000
0.442320 0.139579 0.415551 1.000000
0.590822 0.838113 0.410453 1.000000
0.676227 0.540472 0.499044 0.000000
0.652645 0.030593 0.399618 0.000000
0.622052 0.274697 0.474187 1.000000
0.704908 0.743786 0.448056 1.000000
0.387508 0.766093 0.458891 0.000000
0.555131 0.101976 0.428936 1.000000
0.345443 0.697259 0.456979 1.000000
0.513703 0.746335 0.460166 1.000000
0.444869 0.631612 0.509242 0.000000
0.245379 0.762906 0.402804 1.000000
0.314850 0.493945 0.493945 1.000000
0.726577 0.452518 0.479924 1.000000
0.741874 0.219248 0.414914 1.000000
0.640535 0.494583 0.519439 0.000000
0.727215 0.503505 0.488209 0.000000
0.949012 0.586361 0.409178 0.000000
0.637349 0.637986 0.467177 1.000000
0.455704 0.836839 0.448056 1.000000
0.462715 0.481836 0.546208 0.000000
0.569152 0.170172 0.453792 0.000000
0.415551 0.278521 0.456342 1.000000
0.641173 0.441683 0.508604 1.000000
0.836201 0.299554 0.405354 1.000000
0.832377 0.452518 0.444232 1.000000
0.149140 0.635437 0.402804 1.000000
0.676227 0.540472 0.499044 0.000000
0.550032 0.483110 0.551307 0.000000
0.624602 0.576163 0.493308 1.000000
0.608031 0.375398 0.500956 1.000000
0.292543 0.394519 0.476099 1.000000
0.265774 0.335245 0.447419 1.000000
0.490758 0.254939 0.471001 1.000000
0.393881 0.614404 0.492033 1.000000
0.262588 0.387508 0.457616 1.000000
0.701083 0.369025 0.465902 1.000000
0.342894 0.622690 0.476099 1.000000
0.415551 0.278521 0.456342 1.000000
0.508604 0.879541 0.419375 1.000000
0.703633 0.302741 0.448693 1.000000
0.768642 0.567240 0.464627 0.000000
0.393881 0.614404 0.492033 1.000000
0.736138 0.568515 0.472275 1.000000
0.441683 0.289356 0.466539 1.000000
0.344168 0.648184 0.467177 1.000000
0.506055 0.137030 0.436584 1.000000
0.386871 0.981517 0.400892 0.000000
0.342894 0.209050 0.421287 1.000000
0.418101 0.422562 0.508604 1.000000
0.652645 0.030593 0.399618 0.000000
0.198853 0.601657 0.424474 1.000000
0.671765 0.195029 0.439133 1.000000
0.491396 0.105163 0.420650 1.000000
0.716380 0.310389 0.450605 1.000000
0.726577 0.452518 0.479924 1.000000
0.092416 0.531549 0.401530 1.000000
0.639261 0.149140 0.440408 1.000000
0.092416 0.531549 0.401530 1.000000
0.309114 0.274697 0.426386 1.000000
0.833015 0.498407 0.449968 1.000000
0.460803 0.913321 0.417463 1.000000
0.752709 0.707457 0.420013 1.000000
0.261950 0.629700 0.439133 1.000000
0.342256 0.359465 0.475462 1.000000
0.418738 0.376036 0.500956 1.000000
0.313576 0.580625 0.475462 1.000000
0.543021 0.564054 0.521989 1.000000
0.934353 0.601657 0.006373 2.000000
0.314850 0.493945 0.493945 1.000000
0.898662 0.604207 0.420013 0.000000
0.493308 0.302741 0.486934 1.000000
0.506692 0.800510 0.444869 1.000000
0.418738 0.376036 0.500956 1.000000
0.063098 0.447419 0.414914 1.000000
0.295730 0.729764 0.425749 1.000000
0.489484 0.909496 0.405991 1.000000
0.624602 0.576163 0.493308 1.000000
0.360102 0.852772 0.423837 0.000000
0.639261 0.149140 0.440408 1.000000
0.460803 0.913321 0.417463 1.000000
0.298917 0.534098 0.479924 1.000000
0.387508 0.766093 0.458891 0.000000
0.490758 0.254939 0.471001 1.000000
0.198853 0.601657 0.424474 1.000000
0.366475 0.458891 0.512428 0.000000
0.832377 0.676864 0.037604 2.000000
0.419375 0.720841 0.481198 0.000000
0.539834 0.873805 0.404079 1.000000
0.471001 0.685150 0.490758 0.000000
0.519439 0.305290 0.500956 1.000000
0.411727 0.947737 0.414277 0.000000
0.286807 0.833652 0.395156 1.000000
0.659656 0.692798 0.452518 1.000000
0.687699 0.113448 0.411727 1.000000
0.210962 0.344806 0.431485 1.000000
0.783301 0.488209 0.469726 1.000000
0.570427 0.268961 0.488209 0.000000
0.298917 0.534098 0.479924 1.000000
0.442320 0.139579 0.415551 1.000000
0.347992 0.405991 0.491396 1.000000
0.469726 0.191205 0.442957 1.000000
0.266412 0.773741 0.408540 1.000000
0.521989 0.893563 0.010835 2.000000
0.619503 0.132569 0.435309 0.000000
0.827916 0.378585 0.422562 1.000000
0.550032 0.483110 0.551307 0.000000
0.818993 0.531549 0.465264 0.000000
0.448056 0.431485 0.525175 0.000000
0.635437 0.592734 0.486297 1.000000
0.540472 0.219885 0.470363 1.000000
0.666029 0.347355 0.479286 1.000000
0.286807 0.833652 0.395156 1.000000
0.717655 0.602932 0.462078 1.000000
0.536648 0.662205 0.483748 1.000000
0.298917 0.534098 0.479924 1.000000
0.616953 0.752709 0.428936 1.000000
0.469089 0.340344 0.497132 1.000000
0.666029 0.719567 0.454430 1.000000
0.342256 0.359465 0.475462 1.000000
0.783301 0.488209 0.469726 1.000000
0.641173 0.441683 0.508604 1.000000
0.469089 0.386233 0.509879 1.000000
0.567878 0.787126 0.426386 1.000000
0.557680 0.764181 0.446144 1.000000
0.366475 0.458891 0.512428 0.000000
0.792224 0.738687 0.409815 1.000000
0.571064 0.119184 0.437221 0.000000
0.736138 0.422562 0.466539 1.000000
0.387508 0.766093 0.458891 0.000000
0.245379 0.762906 0.402804 1.000000
0.367750 0.753983 0.449331 1.000000
0.571702 0.312938 0.504143 0.000000
0.688974 0.458891 0.499044 1.000000
0.441683 0.289356 0.466539 1.000000
0.413639 0.514978 0.526450 1.000000
0.590185 0.184831 0.463990 0.000000
0.000000 0.415551 0.398980 0.000000
0.721479 0.158700 0.409815 1.000000
0.112811 0.442957 0.435309 0.000000
0.589547 0.035692 0.419375 0.000000
0.948375 0.569790 0.423200 0.000000
0.721479 0.158700 0.409815 1.000000
0.620778 0.231995 0.463352 0.000000
0.263225 0.527725 0.466539 1.000000
0.766093 0.274060 0.421287 1.000000
0.685150 0.558317 0.487572 1.000000
0.595284 0.326322 0.497769 0.000000
0.371574 0.924156 0.409815 0.000000
0.752709 0.707457 0.420013 1.000000
0.882728 0.638623 0.011472 2.000000
0.591460 0.530274 0.525813 0.000000
0.832377 0.676864 0.037604 2.000000
0.711281 0.656469 0.450605 1.000000
0.615041 0.674952 0.458891 1.000000
0.418101 0.422562 0.508604 1.000000
0.491396 0.105163 0.420650 1.000000
0.161887 0.379222 0.435309 1.000000
0.564691 0.710644 0.461440 1.000000
0.092416 0.531549 0.401530 1.000000
0.655832 0.776928 0.434034 1.000000
0.604207 0.066922 0.424474 0.000000
0.722753 0.198215 0.416189 1.000000
0.585723 0.627788 0.488846 1.000000
0.832377 0.452518 0.444232 1.000000
1.000000 0.549395 0.403442 0.000000
0.314850 0.493945 0.493945 1.000000
0.727215 0.503505 0.488209 0.000000
0.518164 0.206501 0.456979 1.000000
0.198853 0.601657 0.424474 1.000000
0.245379 0.762906 0.402804 1.000000
0.407266 0.205864 0.430848 1.000000
0.671765 0.195029 0.439133 1.000000
0.513703 0.746335 0.460166 1.000000
0.411727 0.947737 0.414277 0.000000
0.787763 0.335245 0.431485 1.000000
0.163799 0.406628 0.447419 0.000000
0.493308 0.546845 0.539834 0.000000
0.472275 0.633525 0.511791 0.000000
0.920969 0.456979 0.413639 1.000000
0.669853 0.094328 0.407903 1.000000
0.827916 0.427661 0.435946 1.000000
0.149777 0.539834 0.423837 1.000000
0.687062 0.161249 0.425112 1.000000
0.455704 0.836839 0.448056 1.000000
0.471001 0.685150 0.490758 0.000000
0.444869 0.631612 0.509242 0.000000
0.508604 0.879541 0.419375 1.000000
0.540472 0.219885 0.470363 1.000000
0.615679 0.383684 0.504143 1.000000
0.393881 0.614404 0.492033 1.000000
0.418101 0.422562 0.508604 1.000000
0.295730 0.729764 0.425749 1.000000
0.559592 0.411727 0.529637 0.000000
0.294455 0.682600 0.446144 1.000000
0.619503 0.132569 0.435309 0.000000
0.086042 0.545570 0.001912 2.000000
0.386871 0.981517 0.400892 0.000000
0.644359 0.290631 0.472275 1.000000
0.703633 0.302741 0.448693 1.000000
0.573614 0.613129 0.499044 1.000000
0.801785 0.673040 0.420013 1.000000
0.489484 0.909496 0.405991 1.000000
0.849586 0.639261 0.421287 1.000000
0.543021 0.511791 0.540472 0.000000
0.652645 0.030593 0.399618 0.000000
0.832377 0.452518 0.444232 1.000000
0.415551 0.278521 0.456342 1.000000
0.391969 0.808158 0.441683 0.000000
0.393881 0.614404 0.492033 1.000000
0.638623 0.000000 0.399618 0.000000
0.722753 0.198215 0.416189 1.000000
0.342256 0.359465 0.475462 1.000000
0.407266 0.205864 0.430848 1.000000
0.163799 0.406628 0.447419 0.000000
0.392607 0.174634 0.420650 1.000000
0.600382 0.444869 0.523263 1.000000
0.606119 0.810707 0.416826 1.000000
0.787763 0.335245 0.431485 1.000000
0.608031 0.375398 0.500956 1.000000
0.522626 0.648821 0.492033 1.000000
0.486934 0.696622 0.478011 0.000000
0.347992 0.405991 0.491396 1.000000
0.522626 0.648821 0.492033 1.000000
0.543021 0.511791 0.540472 0.000000
0.590822 0.233270 0.474187 0.000000
0.666029 0.638623 0.459528 1.000000
0.615041 0.674952 0.458891 1.000000
0.558317 0.844487 0.414914 1.000000
0.491396 0.105163 0.420650 1.000000
0.437221 0.732314 0.482473 0.000000
0.615679 0.383684 0.504143 1.000000
0.672403 0.237094 0.446781 1.000000
0.849586 0.639261 0.421287 1.000000
0.358827 0.240918 0.434672 1.000000
0.881453 0.416826 0.416826 1.000000
0.604207 0.066922 0.424474 0.000000
0.920969 0.456979 0.413639 1.000000
0.635437 0.592734 0.486297 1.000000
0.342894 0.209050 0.421287 1.000000
0.497132 0.396431 0.528362 1.000000
0.864882 0.547482 0.449331 0.000000
0.694073 0.768005 0.458891 1.000000
0.499044 0.518802 0.548120 0.000000
0.703633 0.302741 0.448693 1.000000
0.363289 0.548120 0.500956 1.000000
0.672403 0.237094 0.446781 1.000000
0.676227 0.489484 0.509242 1.000000
0.711281 0.656469 0.450605 1.000000
0.813257 0.583811 0.449331 1.000000
0.418101 0.422562 0.508604 1.000000
0.462715 0.782664 0.463352 1.000000
0.536648 0.662205 0.483748 1.000000
0.849586 0.639261 0.421287 1.000000
0.600382 0.444869 0.523263 1.000000
0.345443 0.697259 0.456979 1.000000
0.360102 0.852772 0.423837 0.000000
0.600382 0.444869 0.523263 1.000000
0.411090 0.818356 0.451880 0.000000
0.493308 0.302741 0.486934 1.000000
0.616953 0.752709 0.428936 1.000000
0.776928 0.415551 0.453155 1.000000
0.566603 0.419375 0.531549 0.000000
0.615679 0.383684 0.504143 1.000000
0.211600 0.423200 0.460803 0.000000
0.314850 0.493945 0.493945 1.000000
0.437221 0.732314 0.482473 0.000000
0.198853 0.601657 0.424474 1.000000
0.317400 0.738687 0.435946 1.000000
0.386871 0.981517 0.400892 0.000000
0.540472 0.070108 0.417463 1.000000
0.472275 0.633525 0.511791 0.000000
0.910134 0.546845 0.430848 0.000000
0.347992 0.405991 0.491396 1.000000
0.493308 0.546845 0.539834 0.000000
0.752709 0.707457 0.420013 1.000000
0.566603 0.419375 0.531549 0.000000
0.244105 0.278521 0.421925 1.000000
0.471001 0.685150 0.490758 0.000000
0.518164 0.206501 0.456979 1.000000
0.920969 0.456979 0.413639 1.000000
0.738687 0.370300 0.456979 1.000000
0.000000 0.415551 0.398980 0.000000
0.777565 0.465264 0.461440 1.000000
0.833015 0.349904 0.413002 1.000000
0.313576 0.351179 0.458891 1.000000
0.367750 0.263225 0.448693 1.000000
0.249203 0.474187 0.475462 0.000000
0.214786 0.370937 0.447419 1.000000
0.462715 0.481836 0.546208 0.000000
0.249203 0.474187 0.475462 0.000000
0.344168 0.648184 0.467177 1.000000
0.260676 0.309751 0.434034 1.000000
0.843212 0.701721 0.396431 1.000000
0.741874 0.219248 0.414914 1.000000
0.624602 0.576163 0.493308 1.000000
0.592097 0.477374 0.537285 0.000000
0.550032 0.483110 0.551307 0.000000
0.616953 0.752709 0.428936 1.000000
0.470363 0.855959 0.431485 1.000000
0.615041 0.674952 0.458891 1.000000
0.569152 0.170172 0.453792 0.000000
0.315488 0.788400 0.421287 1.000000
0.265774 0.335245 0.447419 1.000000
0.949012 0.586361 0.409178 0.000000
0.493308 0.302741 0.486934 1.000000
0.676227 0.489484 0.509242 1.000000
0.262588 0.387508 0.457616 1.000000
0.752071 0.267049 0.425749 1.000000
0.585723 0.627788 0.488846 1.000000
0.998088 0.592097 0.398343 0.000000
0.570427 0.268961 0.488209 0.000000
0.316762 0.448056 0.504780 0.000000
0.625239 0.525813 0.513066 0.000000
0.418738 0.227533 0.446781 1.000000
0.571064 0.119184 0.437221 0.000000
0.316762 0.448056 0.504780 0.000000
0.046526 0.417463 0.418101 0.000000
0.659656 0.692798 0.452518 1.000000
0.692798 0.254939 0.441683 1.000000
0.650733 0.406628 0.493308 1.000000
0.600382 0.444869 0.523263 1.000000
0.836201 0.299554 0.405354 1.000000
0.833015 0.498407 0.449968 1.000000
0.878904 0.389420 0.409178 1.000000
0.489484 0.909496 0.405991 1.000000
0.471001 0.685150 0.490758 0.000000
0.881453 0.416826 0.416826 1.000000
0.768642 0.567240 0.464627 0.000000
0.154238 0.307202 0.404716 1.000000
0.701083 0.369025 0.465902 1.000000
0.456979 0.170809 0.428298 1.000000
0.637349 0.637986 0.467177 1.000000
0.625239 0.525813 0.513066 0.000000
0.796048 0.694073 0.414914 1.000000
0.160612 0.458254 0.446144 1.000000
0.154238 0.307202 0.404716 1.000000
0.727215 0.503505 0.488209 0.000000
0.796048 0.694073 0.414914 1.000000
0.294455 0.682600 0.446144 1.000000
0.776928 0.415551 0.453155 1.000000
0.606119 0.810707 0.416826 1.000000
0.313576 0.351179 0.458891 1.000000
0.843212 0.701721 0.396431 1.000000
0.160612 0.458254 0.446144 1.000000
0.716380 0.310389 0.450605 1.000000
0.051625 0.379222 0.398343 0.000000
0.998088 0.592097 0.398343 0.000000
0.564691 0.710644 0.461440 1.000000
0.796048 0.694073 0.414914 1.000000
0.589547 0.035692 0.419375 0.000000
0.595284 0.326322 0.497769 0.000000
0.540472 0.219885 0.470363 1.000000
0.764181 0.649458 0.432122 1.000000
0.898662 0.604207 0.420013 0.000000
0.493308 0.302741 0.486934 1.000000
0.638623 0.000000 0.399618 0.000000
0.946463 0.629063 0.401530 1.000000
0.365201 0.314850 0.462078 1.000000
0.392607 0.174634 0.420650 1.000000
0.619503 0.132569 0.435309 0.000000
0.722753 0.198215 0.416189 1.000000
0.365201 0.314850 0.462078 1.000000
0.801785 0.673040 0.420013 1.000000
0.639261 0.149140 0.440408 1.000000
0.469089 0.386233 0.509879 1.000000
0.571702 0.312938 0.504143 0.000000
0.413639 0.514978 0.526450 1.000000
0.546208 0.361377 0.523263 0.000000
0.404079 0.872530 0.439133 0.000000
0.920969 0.456979 0.413639 1.000000
0.493308 0.302741 0.486934 1.000000
0.590185 0.184831 0.463990 0.000000
0.444232 0.580625 0.523263 1.000000
0.369025 0.703633 0.467177 1.000000
0.199490 0.506692 0.449968 1.000000
0.692798 0.254939 0.441683 1.000000
0.881453 0.416826 0.416826 1.000000
0.734226 0.523263 0.486297 0.000000
0.266412 0.773741 0.408540 1.000000
0.342256 0.359465 0.475462 1.000000
0.590185 0.184831 0.463990 0.000000
0.051625 0.379222 0.398343 0.000000
0.205226 0.270236 0.398343 1.000000
0.715105 0.683875 0.430848 1.000000
0.738687 0.370300 0.456979 1.000000
0.442320 0.139579 0.415551 1.000000
0.198853 0.601657 0.424474 1.000000
0.571064 0.119184 0.437221 0.000000
0.736138 0.422562 0.466539 1.000000
0.211600 0.423200 0.460803 0.000000
0.692798 0.254939 0.441683 1.000000
0.635437 0.592734 0.486297 1.000000
0.998088 0.592097 0.398343 0.000000
0.726577 0.452518 0.479924 1.000000
0.948375 0.569790 0.423200 0.000000
0.315488 0.788400 0.421287 1.000000
0.342256 0.841300 0.414914 1.000000
0.469089 0.386233 0.509879 1.000000
0.998088 0.592097 0.398343 0.000000
0.286807 0.833652 0.395156 1.000000
0.363289 0.548120 0.500956 1.000000
0.666029 0.347355 0.479286 1.000000
0.655832 0.339069 0.477374 1.000000
0.812620 0.615041 0.431485 1.000000
0.802422 0.291906 0.411090 1.000000
0.363289 0.548120 0.500956 1.000000
0.491396 0.741236 0.469726 1.000000
0.249203 0.474187 0.475462 0.000000
0.655832 0.776928 0.434034 1.000000
0.650733 0.406628 0.493308 1.000000
0.625239 0.525813 0.513066 0.000000
0.149777 0.539834 0.423837 1.000000
0.637349 0.637986 0.467177 1.000000
0.469726 0.191205 0.442957 1.000000
0.163161 0.552581 0.426386 1.000000
0.367750 0.412365 0.504143 0.000000
0.365201 0.314850 0.462078 1.000000
0.158700 0.597196 0.414914 1.000000
0.589547 0.035692 0.419375 0.000000
0.214149 0.645634 0.418738 1.000000
0.833015 0.498407 0.449968 1.000000
0.615679 0.383684 0.504143 1.000000
0.214786 0.518164 0.453155 1.000000
0.511154 0.448056 0.548120 0.000000
0.061185 0.478011 0.407266 1.000000
0.061185 0.478011 0.407266 1.000000
0.687699 0.113448 0.411727 1.000000
0.711281 0.656469 0.450605 1.000000
0.199490 0.506692 0.449968 1.000000
0.490758 0.254939 0.471001 1.000000
0.752071 0.267049 0.425749 1.000000
0.243467 0.429573 0.478649 0.000000
0.317400 0.738687 0.435946 1.000000
0.539834 0.873805 0.404079 1.000000
0.637349 0.637986 0.467177 1.000000
0.441683 0.289356 0.466539 1.000000
0.395156 0.588273 0.500319 1.000000
0.161887 0.379222 0.435309 1.000000
0.462715 0.782664 0.463352 1.000000
0.736138 0.422562 0.466539 1.000000
0.539834 0.706820 0.470363 1.000000
0.317400 0.738687 0.435946 1.000000
0.493308 0.302741 0.486934 1.000000
0.411090 0.818356 0.451880 0.000000
0.589547 0.035692 0.419375 0.000000
0.063098 0.447419 0.414914 1.000000
0.559592 0.411727 0.529637 0.000000
0.622052 0.082855 0.431485 0.000000
0.745061 0.730402 0.427024 1.000000
0.205226 0.270236 0.398343 1.000000
0.295730 0.729764 0.425749 1.000000
0.604207 0.066922 0.424474 0.000000
0.920969 0.456979 0.413639 1.000000
0.194391 0.313576 0.421925 1.000000
0.365201 0.314850 0.462078 1.000000
0.245379 0.762906 0.402804 1.000000
0.833015 0.349904 0.413002 1.000000
0.540472 0.219885 0.470363 1.000000
0.539834 0.873805 0.404079 1.000000
0.591460 0.530274 0.525813 0.000000
0.437859 0.945825 0.408540 1.000000
0.615679 0.383684 0.504143 1.000000
0.687062 0.161249 0.425112 1.000000
0.391969 0.325048 0.478011 1.000000
0.652645 0.030593 0.399618 0.000000
0.833015 0.498407 0.449968 1.000000
0.291268 0.656469 0.446144 1.000000
0.869981 0.493945 0.437221 1.000000
0.768642 0.567240 0.464627 0.000000
0.768642 0.567240 0.464627 0.000000
0.407266 0.205864 0.430848 1.000000
0.265774 0.483110 0.479286 1.000000
0.391969 0.808158 0.441683 0.000000
0.595284 0.326322 0.497769 0.000000
0.752709 0.707457 0.420013 1.000000
0.193117 0.463352 0.458891 0.000000
1.000000 0.549395 0.403442 0.000000
0.721479 0.158700 0.409815 1.000000
0.266412 0.773741 0.408540 1.000000
0.506055 0.137030 0.436584 1.000000
0.762269 0.619503 0.444869 1.000000
0.569152 0.170172 0.453792 0.000000
0.444869 0.631612 0.509242 0.000000
0.949012 0.586361 0.409178 0.000000
0.711281 0.656469 0.450605 1.000000
0.898024 0.622052 0.414914 1.000000
0.847036 0.658381 0.420013 1.000000
0.294455 0.682600 0.446144 1.000000
0.244105 0.715743 0.413639 1.000000
0.386871 0.981517 0.400892 0.000000
0.915233 0.509242 0.423837 1.000000
0.666029 0.719567 0.454430 1.000000
0.736138 0.568515 0.472275 1.000000
0.571702 0.312938 0.504143 0.000000
0.352454 0.906310 0.410453 0.000000
0.689611 0.405991 0.479924 1.000000
0.801785 0.673040 0.420013 1.000000
0.261950 0.629700 0.439133 1.000000
0.243467 0.429573 0.478649 0.000000
0.796048 0.694073 0.414914 1.000000
0.671765 0.195029 0.439133 1.000000
0.752709 0.707457 0.420013 1.000000
0.145953 0.347992 0.423837 1.000000
0.265774 0.483110 0.479286 1.000000
0.687062 0.603569 0.476099 1.000000
0.566603 0.419375 0.531549 0.000000
0.669853 0.094328 0.407903 1.000000
0.687062 0.603569 0.476099 1.000000
0.349267 0.499681 0.502868 1.000000
0.688974 0.458891 0.499044 1.000000
0.555131 0.101976 0.428936 1.000000
0.881453 0.461440 0.425112 1.000000
0.291268 0.656469 0.446144 1.000000
0.205226 0.270236 0.398343 1.000000
0.414914 0.526450 0.521989 1.000000
0.721479 0.158700 0.409815 1.000000
0.669853 0.094328 0.407903 1.000000
0.783939 0.386233 0.438496 1.000000
0.418738 0.227533 0.446781 1.000000
0.347992 0.405991 0.491396 1.000000
0.676227 0.540472 0.499044 0.000000
0.261950 0.629700 0.439133 1.000000
0.716380 0.310389 0.450605 1.000000
0.506692 0.800510 0.444869 1.000000
0.260676 0.309751 0.434034 1.000000
0.465902 0.491396 0.550669 0.000000
0.142766 0.497769 0.432122 1.000000
0.295730 0.729764 0.425749 1.000000
0.622052 0.274697 0.474187 1.000000
0.620778 0.231995 0.463352 0.000000
0.752071 0.330147 0.441045 1.000000
0.949012 0.586361 0.409178 0.000000
0.833015 0.349904 0.413002 1.000000
0.849586 0.639261 0.421287 1.000000
0.393881 0.614404 0.492033 1.000000
0.639261 0.149140 0.440408 1.000000
0.411727 0.947737 0.414277 0.000000
0.998088 0.592097 0.398343 0.000000
0.784576 0.534098 0.474187 0.000000
0.467177 0.242192 0.453155 1.000000
0.508604 0.879541 0.419375 1.000000
0.881453 0.461440 0.425112 1.000000
0.625239 0.525813 0.513066 0.000000
0.589547 0.035692 0.419375 0.000000
0.766093 0.274060 0.421287 1.000000
0.615041 0.674952 0.458891 1.000000
0.606119 0.810707 0.416826 1.000000
0.211600 0.423200 0.460803 0.000000
0.522626 0.648821 0.492033 1.000000
0.519439 0.821542 0.433397 1.000000
0.418738 0.376036 0.500956 1.000000
0.574251 0.561504 0.513703 1.000000
0.248566 0.567878 0.451880 1.000000
0.398343 0.465902 0.525813 0.000000
0.519439 0.821542 0.433397 1.000000
0.715105 0.683875 0.430848 1.000000
0.752071 0.267049 0.425749 1.000000
0.615679 0.383684 0.504143 1.000000
0.616953 0.752709 0.428936 1.000000
0.882728 0.638623 0.011472 2.000000
0.687699 0.113448 0.411727 1.000000
0.415551 0.278521 0.456342 1.000000
0.570427 0.268961 0.488209 0.000000
0.600382 0.444869 0.523263 1.000000
0.567878 0.787126 0.426386 1.000000
0.260676 0.309751 0.434034 1.000000
0.261950 0.629700 0.439133 1.000000
0.652645 0.030593 0.399618 0.000000
0.557680 0.764181 0.446144 1.000000
0.113448 0.413639 0.435946 0.000000
0.243467 0.429573 0.478649 0.000000
0.516252 0.456342 0.560229 0.000000
0.414914 0.526450 0.521989 1.000000
0.265774 0.483110 0.479286 1.000000
0.516252 0.456342 0.560229 0.000000
0.861058 0.581262 0.430848 0.000000
0.248566 0.567878 0.451880 1.000000
0.395156 0.588273 0.500319 1.000000
0.342256 0.841300 0.414914 1.000000
0.910134 0.546845 0.430848 0.000000
0.920969 0.456979 0.413639 1.000000
0.420650 0.668579 0.490758 0.000000
0.149140 0.635437 0.402804 1.000000
0.869981 0.493945 0.437221 1.000000
0.539834 0.706820 0.470363 1.000000
0.462715 0.782664 0.463352 1.000000
0.638623 0.196941 0.446781 1.000000
0.211600 0.664117 0.413639 1.000000
0.827916 0.427661 0.435946 1.000000
0.239006 0.690886 0.421287 1.000000
0.519439 0.305290 0.500956 1.000000
0.462715 0.782664 0.463352 1.000000
0.600382 0.444869 0.523263 1.000000
0.543021 0.564054 0.521989 1.000000
0.644359 0.290631 0.472275 1.000000
0.589547 0.035692 0.419375 0.000000
0.827916 0.427661 0.435946 1.000000
0.493308 0.546845 0.539834 0.000000
0.520714 0.155513 0.446144 1.000000
0.745061 0.730402 0.427024 1.000000
0.211600 0.423200 0.460803 0.000000
0.784576 0.534098 0.474187 0.000000
0.688974 0.458891 0.499044 1.000000
0.313576 0.351179 0.458891 1.000000
0.398343 0.465902 0.525813 0.000000
0.827916 0.427661 0.435946 1.000000
0.638623 0.196941 0.446781 1.000000
0.722753 0.198215 0.416189 1.000000
0.392607 0.174634 0.420650 1.000000
0.766093 0.274060 0.421287 1.000000
0.776928 0.415551 0.453155 1.000000
0.511154 0.448056 0.548120 0.000000
0.260676 0.309751 0.434034 1.000000
0.316762 0.299554 0.449968 1.000000
0.342256 0.359465 0.475462 1.000000
0.489484 0.909496 0.405991 1.000000
0.784576 0.534098 0.474187 0.000000
0.573614 0.856597 0.007648 2.000000
0.692798 0.254939 0.441683 1.000000
0.519439 0.305290 0.500956 1.000000
0.467177 0.242192 0.453155 1.000000
0.211600 0.664117 0.413639 1.000000
0.894837 0.665392 0.398343 1.000000
0.519439 0.305290 0.500956 1.000000
0.796048 0.694073 0.414914 1.000000
0.676227 0.540472 0.499044 0.000000
0.555131 0.101976 0.428936 1.000000
0.711281 0.656469 0.450605 1.000000
0.508604 0.879541 0.419375 1.000000
0.722753 0.198215 0.416189 1.000000
0.506692 0.800510 0.444869 1.000000
0.344168 0.648184 0.467177 1.000000
0.214786 0.518164 0.453155 1.000000
0.337795 0.799873 0.431485 1.000000
0.625239 0.525813 0.513066 0.000000
