0.020504 0.057411 0.130053 1.000000
0.352080 0.046280 0.144698 0.000000
0.022847 0.190978 0.007616 2.000000
0.113064 0.244874 0.166960 1.000000
0.156415 0.124194 0.176333 1.000000
0.289397 0.348565 0.408905 2.000000
0.337434 0.192736 0.175161 1.000000
0.309900 0.176919 0.181605 1.000000
0.097247 0.074985 0.150557 0.000000
0.259520 0.256591 0.193907 0.000000
0.214997 0.279438 0.185120 1.000000
0.040422 0.031049 0.131810 0.000000
0.247217 0.319274 0.172232 1.000000
0.385472 0.154657 0.146456 1.000000
0.059754 0.205624 0.144112 1.000000
0.125366 0.118336 0.168717 0.000000
0.135911 0.225542 0.181605 1.000000
0.349151 0.067955 0.149971 0.000000
0.287053 0.309315 0.412419 2.000000
0.008787 0.038664 0.135911 0.000000
0.077329 0.120094 0.152314 1.000000
0.198594 0.080258 0.160516 1.000000
0.374927 0.292326 0.926772 2.000000
0.275337 0.033978 0.138254 1.000000
0.022847 0.278852 0.101933 1.000000
0.124194 0.302285 0.175161 0.000000
0.135325 0.027534 0.138840 1.000000
0.225542 0.369654 0.144698 1.000000
0.389572 0.208553 0.155829 1.000000
0.318102 0.106620 0.172232 0.000000
0.313415 0.120680 0.178676 0.000000
0.287639 0.050381 0.158758 1.000000
0.384300 0.161101 0.140012 1.000000
0.187463 0.381371 0.153486 1.000000
0.016989 0.087288 0.124194 1.000000
0.137083 0.012888 0.127709 1.000000
0.080258 0.230228 0.155243 1.000000
0.062097 0.250146 0.150557 1.000000
0.037493 0.152314 0.136497 1.000000
0.164616 0.356180 0.158758 1.000000
0.097832 0.024019 0.131810 1.000000
0.295255 0.007616 0.134739 1.000000
0.149971 0.227885 0.189807 1.000000
0.347393 0.198008 0.157586 1.000000
0.072642 0.112478 0.154071 1.000000
0.259520 0.256591 0.193907 0.000000
0.274751 0.332748 0.166960 1.000000
0.188049 0.390744 0.661394 2.000000
0.032806 0.098418 0.132982 1.000000
0.124780 0.135911 0.169303 1.000000
0.080258 0.155243 0.152314 1.000000
0.369654 0.321031 0.147042 1.000000
0.201523 0.310486 0.177504 1.000000
0.275337 0.317516 0.170475 1.000000
0.098418 0.381371 0.144112 1.000000
0.256591 0.256005 0.198008 0.000000
0.336848 0.127124 0.157001 1.000000
0.085530 0.325718 0.149385 1.000000
0.238430 0.339192 0.168717 1.000000
0.115407 0.381371 0.658465 2.000000
0.376098 0.354423 0.988284 2.000000
0.201523 0.310486 0.177504 1.000000
0.175747 0.132396 0.183363 1.000000
0.299941 0.204452 0.189221 1.000000
0.349736 0.079086 0.157001 0.000000
0.097832 0.024019 0.131810 1.000000
0.287053 0.309315 0.412419 2.000000
0.152900 0.339777 0.164030 1.000000
0.369069 0.143527 0.152900 1.000000
0.152900 0.013474 0.122437 1.000000
0.326889 0.069127 0.159930 0.000000
0.277680 0.289397 0.190392 1.000000
0.381957 0.373755 1.000000 2.000000
0.144112 0.011716 0.026948 2.000000
0.054482 0.230228 0.146456 1.000000
0.214997 0.279438 0.185120 1.000000
0.080258 0.058582 0.138840 0.000000
0.089045 0.330990 0.153486 0.000000
0.256005 0.042179 0.151142 1.000000
0.108377 0.356766 0.158758 0.000000
0.361453 0.093146 0.158172 1.000000
0.330990 0.024605 0.141769 1.000000
0.265378 0.231400 0.207381 0.000000
0.148213 0.298770 0.181605 0.000000
0.067955 0.275337 0.139426 1.000000
0.296426 0.069713 0.155829 1.000000
0.356180 0.380199 0.138840 1.000000
0.077329 0.084359 0.152900 0.000000
0.085530 0.325718 0.149385 1.000000
0.286467 0.341535 0.431166 2.000000
0.035735 0.176919 0.127124 1.000000
0.212068 0.124194 0.178676 1.000000
0.177504 0.216169 0.202695 0.000000
0.202695 0.360281 0.161687 1.000000
0.125366 0.191564 0.172818 1.000000
0.048623 0.095489 0.148213 1.000000
0.336848 0.216755 0.171646 1.000000
0.384886 0.373169 0.132396 1.000000
0.299941 0.374927 0.009373 2.000000
0.244874 0.066198 0.148213 1.000000
0.059754 0.034564 0.131810 0.000000
0.361453 0.093146 0.158172 1.000000
0.133568 0.314587 0.167545 0.000000
0.167545 0.380199 0.149385 1.000000
0.330990 0.024605 0.141769 1.000000
0.308143 0.278266 0.478032 2.000000
0.241945 0.045694 0.138840 1.000000
0.374927 0.292326 0.926772 2.000000
0.230814 0.275923 0.198594 1.000000
0.094903 0.219098 0.167545 1.000000
0.353251 0.001172 0.134739 0.000000
0.299356 0.369069 0.159930 1.000000
0.072642 0.112478 0.154071 1.000000
0.115407 0.381371 0.658465 2.000000
0.336848 0.216755 0.171646 1.000000
0.253076 0.321031 0.166374 1.000000
0.168131 0.100176 0.165788 1.000000
0.345636 0.180434 0.168131 1.000000
0.397774 0.309900 0.150557 1.000000
0.187463 0.381371 0.153486 1.000000
0.148213 0.230228 0.189807 1.000000
0.259520 0.256591 0.193907 0.000000
0.313415 0.170475 0.184534 1.000000
0.213240 0.249561 0.205038 0.000000
0.160516 0.384886 0.002929 2.000000
0.214411 0.373755 0.148799 1.000000
0.100176 0.303456 0.154071 1.000000
0.362039 0.005272 0.125952 0.000000
0.354423 0.083773 0.157586 0.000000
0.339777 0.303456 0.172232 0.000000
0.311072 0.154071 0.180434 1.000000
0.035149 0.280023 0.011131 2.000000
0.098418 0.381371 0.144112 1.000000
0.108377 0.356766 0.158758 0.000000
0.116579 0.035735 0.128295 1.000000
0.168717 0.237844 0.188635 0.000000
0.387229 0.261863 0.429994 2.000000
0.015817 0.035735 0.130053 0.000000
0.337434 0.192736 0.175161 1.000000
0.272408 0.127709 0.180434 0.000000
0.246632 0.074985 0.165788 1.000000
0.306971 0.267721 0.184534 0.000000
0.299356 0.230814 0.202109 1.000000
0.374927 0.236087 0.146456 1.000000
0.297012 0.000586 0.128881 1.000000
0.091388 0.233743 0.149971 1.000000
0.274751 0.332748 0.166960 1.000000
0.202695 0.100176 0.167545 1.000000
0.309900 0.215583 0.186292 1.000000
0.142941 0.105448 0.166960 0.000000
0.266549 0.371998 0.600469 2.000000
0.320445 0.331576 0.160516 1.000000
0.266549 0.159344 0.194493 1.000000
0.266549 0.384886 0.608084 2.000000
0.317516 0.000000 0.127709 1.000000
0.089631 0.054482 0.145284 1.000000
0.039836 0.062097 0.130639 1.000000
0.109549 0.037493 0.135325 1.000000
0.039836 0.350908 0.004687 2.000000
0.062683 0.076157 0.143527 1.000000
0.374927 0.236087 0.146456 1.000000
0.010545 0.136497 0.121265 1.000000
0.117165 0.387815 0.668424 2.000000
0.164616 0.356180 0.158758 1.000000
0.056825 0.253076 0.132982 1.000000
0.035735 0.294083 0.137083 1.000000
0.384300 0.375513 0.099004 2.000000
0.373169 0.369654 0.145870 1.000000
0.025776 0.296426 0.004687 2.000000
0.056239 0.157001 0.132982 1.000000
0.032220 0.346221 0.130053 1.000000
0.241945 0.045694 0.138840 1.000000
0.160516 0.194493 0.183948 1.000000
0.171646 0.305214 0.180434 1.000000
0.265378 0.231400 0.207381 0.000000
0.374927 0.061511 0.135325 1.000000
0.056239 0.157001 0.132982 1.000000
0.187463 0.123609 0.178676 1.000000
0.299941 0.204452 0.189221 1.000000
0.390158 0.254833 0.141183 1.000000
0.097832 0.024019 0.131810 1.000000
0.152900 0.339777 0.164030 1.000000
0.059754 0.205624 0.144112 1.000000
0.356180 0.380199 0.138840 1.000000
0.232572 0.354423 0.148799 1.000000
0.023433 0.367897 0.002929 2.000000
0.025776 0.196837 0.124780 1.000000
0.361453 0.093146 0.158172 1.000000
0.227885 0.014646 0.132396 1.000000
0.135911 0.225542 0.181605 1.000000
0.026948 0.252490 0.134153 1.000000
0.233158 0.301113 0.183363 1.000000
0.132982 0.121265 0.168131 0.000000
0.232572 0.354423 0.148799 1.000000
0.052724 0.066784 0.139426 1.000000
0.032806 0.098418 0.132982 1.000000
0.133568 0.114235 0.171646 0.000000
0.070885 0.076743 0.148213 0.000000
0.244874 0.066198 0.148213 1.000000
0.272994 0.331576 0.166960 1.000000
0.077329 0.120094 0.152314 1.000000
0.160516 0.384886 0.002929 2.000000
0.385472 0.154657 0.146456 1.000000
0.142941 0.356180 0.163445 1.000000
0.115407 0.277680 0.158758 1.000000
0.196837 0.071470 0.158758 1.000000
0.025776 0.209725 0.132982 1.000000
0.040422 0.031049 0.131810 0.000000
0.056825 0.253076 0.132982 1.000000
0.176333 0.334505 0.165788 1.000000
0.045694 0.193322 0.140012 1.000000
0.033978 0.307557 0.136497 1.000000
0.352080 0.046280 0.144698 0.000000
0.325132 0.186878 0.166374 1.000000
0.040422 0.031049 0.131810 0.000000
0.393087 0.277680 0.146456 1.000000
0.089631 0.332162 0.147627 0.000000
0.345050 0.318102 0.165202 0.000000
0.366139 0.285296 0.930287 2.000000
0.173989 0.384886 0.000000 2.000000
0.357352 0.175161 0.158758 1.000000
0.202695 0.360281 0.161687 1.000000
0.266549 0.159344 0.194493 1.000000
0.038664 0.364382 0.135325 0.000000
0.165788 0.355009 0.162273 1.000000
0.361453 0.342121 0.151142 0.000000
0.274751 0.332748 0.166960 1.000000
0.210896 0.126538 0.179848 1.000000
0.156415 0.124194 0.176333 1.000000
0.107791 0.176919 0.172818 1.000000
0.173989 0.394845 0.143527 1.000000
0.175747 0.132396 0.183363 1.000000
0.128295 0.108963 0.167545 0.000000
0.225542 0.369654 0.144698 1.000000
0.371998 0.000586 0.134153 0.000000
0.142941 0.105448 0.166960 0.000000
0.125366 0.191564 0.172818 1.000000
0.187463 0.123609 0.178676 1.000000
0.265378 0.231400 0.207381 0.000000
0.299356 0.369069 0.159930 1.000000
0.202695 0.084944 0.158758 1.000000
0.108377 0.356766 0.158758 0.000000
0.125366 0.118336 0.168717 0.000000
0.380785 0.311072 0.922671 2.000000
0.367311 0.329818 0.148213 0.000000
0.162859 0.315173 0.182777 1.000000
0.263035 0.347979 0.157001 1.000000
0.236087 0.381371 0.141183 1.000000
0.266549 0.371998 0.600469 2.000000
0.128295 0.108963 0.167545 0.000000
0.256005 0.109549 0.176333 1.000000
0.299356 0.230814 0.202109 1.000000
0.320445 0.331576 0.160516 1.000000
0.045108 0.080258 0.142355 1.000000
0.100176 0.355009 0.157586 0.000000
0.175161 0.244874 0.194493 0.000000
0.033978 0.307557 0.136497 1.000000
0.386643 0.190978 0.140012 1.000000
0.347979 0.273579 0.168717 1.000000
0.390158 0.254833 0.141183 1.000000
0.014646 0.266549 0.122437 1.000000
0.223784 0.064441 0.155243 1.000000
0.115407 0.277680 0.158758 1.000000
0.380199 0.299356 0.919156 2.000000
0.027534 0.384886 0.002343 2.000000
0.384300 0.161101 0.140012 1.000000
0.010545 0.115993 0.118336 1.000000
0.393087 0.323960 0.899824 2.000000
0.287053 0.309315 0.412419 2.000000
0.063269 0.376098 0.140598 0.000000
0.096075 0.248389 0.154657 1.000000
0.217340 0.179262 0.216755 0.000000
0.332162 0.108963 0.169303 1.000000
0.183948 0.035735 0.142355 1.000000
0.265964 0.159930 0.203866 1.000000
0.062683 0.387815 0.008202 2.000000
0.359695 0.363796 0.401875 2.000000
0.050967 0.371412 0.137668 0.000000
0.023433 0.367897 0.002929 2.000000
0.050381 0.189221 0.140012 1.000000
0.304628 0.286467 0.188635 0.000000
0.380785 0.311072 0.922671 2.000000
0.164616 0.281195 0.193322 0.000000
0.266549 0.384886 0.608084 2.000000
0.304628 0.308143 0.176919 0.000000
0.381957 0.373755 1.000000 2.000000
0.069127 0.348565 0.152314 0.000000
0.175747 0.132396 0.183363 1.000000
0.385472 0.154657 0.146456 1.000000
0.100176 0.303456 0.154071 1.000000
0.022847 0.190978 0.007616 2.000000
0.254247 0.265378 0.188635 0.000000
0.151142 0.116579 0.183363 0.000000
0.092560 0.042765 0.132982 1.000000
0.214997 0.279438 0.185120 1.000000
0.205624 0.365554 0.158758 1.000000
0.325718 0.171060 0.169303 1.000000
0.047452 0.376684 0.129467 0.000000
0.325718 0.171060 0.169303 1.000000
0.090803 0.137668 0.151728 1.000000
0.131224 0.397188 0.000586 2.000000
0.402460 0.377856 0.904511 2.000000
0.374927 0.061511 0.135325 1.000000
0.104862 0.163445 0.158758 1.000000
0.072642 0.112478 0.154071 1.000000
0.158172 0.289982 0.176919 0.000000
0.159344 0.028705 0.131224 1.000000
0.236087 0.381371 0.141183 1.000000
0.176333 0.334505 0.165788 1.000000
0.062683 0.387815 0.008202 2.000000
0.209725 0.102519 0.173989 1.000000
0.374927 0.028705 0.140598 0.000000
0.345050 0.318102 0.165202 0.000000
0.066198 0.231400 0.148213 1.000000
0.125366 0.191564 0.172818 1.000000
0.193907 0.272994 0.194493 1.000000
0.347979 0.273579 0.168717 1.000000
0.125366 0.191564 0.172818 1.000000
0.378442 0.266549 0.155829 1.000000
0.331576 0.384886 0.013474 2.000000
0.374927 0.292326 0.926772 2.000000
0.039836 0.350908 0.004687 2.000000
0.197422 0.191564 0.214997 0.000000
0.178676 0.191564 0.193322 0.000000
0.239016 0.272994 0.423550 2.000000
0.261277 0.055653 0.156415 1.000000
0.133568 0.258348 0.173404 1.000000
0.132396 0.388401 0.701230 2.000000
0.190978 0.216755 0.201523 0.000000
0.151728 0.342707 0.165788 1.000000
0.000586 0.096075 0.000586 2.000000
0.097247 0.074985 0.150557 0.000000
0.380199 0.190392 0.151728 1.000000
0.175747 0.132396 0.183363 1.000000
0.386643 0.190978 0.140012 1.000000
0.115407 0.277680 0.158758 1.000000
0.050967 0.371412 0.137668 0.000000
0.183363 0.078500 0.152314 1.000000
0.298184 0.261863 0.519625 2.000000
0.115407 0.033978 0.135911 1.000000
0.349151 0.129467 0.161101 1.000000
0.090803 0.042179 0.135911 1.000000
0.385472 0.154657 0.146456 1.000000
0.272408 0.127709 0.180434 0.000000
0.291740 0.243702 0.196837 0.000000
0.000586 0.096075 0.000586 2.000000
0.315759 0.246632 0.182777 1.000000
0.265964 0.159930 0.203866 1.000000
0.022847 0.278852 0.101933 1.000000
0.239016 0.056239 0.148213 1.000000
0.227885 0.014646 0.132396 1.000000
0.226128 0.186292 0.216755 0.000000
0.371998 0.000586 0.134153 0.000000
0.286467 0.341535 0.431166 2.000000
0.304628 0.206210 0.190978 1.000000
0.295255 0.185706 0.189221 1.000000
0.177504 0.309900 0.173404 1.000000
0.085530 0.042765 0.134739 1.000000
0.357352 0.175161 0.158758 1.000000
0.109549 0.387229 0.007030 2.000000
0.205624 0.365554 0.158758 1.000000
0.371998 0.000586 0.134153 0.000000
0.371998 0.000586 0.134153 0.000000
0.374927 0.061511 0.135325 1.000000
0.246046 0.087873 0.164030 1.000000
0.173989 0.394845 0.143527 1.000000
0.134153 0.113650 0.172818 0.000000
0.056825 0.253076 0.132982 1.000000
0.175161 0.244874 0.194493 0.000000
0.134153 0.113650 0.172818 0.000000
0.105448 0.328061 0.155243 0.000000
0.168717 0.237844 0.188635 0.000000
0.203281 0.073814 0.158758 1.000000
0.137083 0.391330 0.725835 2.000000
0.025776 0.296426 0.004687 2.000000
0.020504 0.057411 0.130053 1.000000
0.125366 0.191564 0.172818 1.000000
0.014646 0.266549 0.122437 1.000000
0.339192 0.351494 0.149385 1.000000
0.175161 0.302285 0.184534 1.000000
0.312244 0.127709 0.171646 1.000000
0.312830 0.135325 0.176919 1.000000
0.168131 0.100176 0.165788 1.000000
0.010545 0.136497 0.121265 1.000000
0.345636 0.383714 0.113650 1.000000
0.339777 0.303456 0.172232 0.000000
0.294669 0.231400 0.193322 1.000000
0.202695 0.100176 0.167545 1.000000
0.374927 0.028705 0.140598 0.000000
0.333333 0.272994 0.171060 0.000000
0.056239 0.157001 0.132982 1.000000
0.039836 0.291154 0.134739 1.000000
0.299356 0.327475 0.175747 1.000000
0.333333 0.265964 0.164616 1.000000
0.247217 0.043937 0.149971 1.000000
0.299356 0.369069 0.159930 1.000000
0.038079 0.367897 0.115407 1.000000
0.259520 0.256591 0.193907 0.000000
0.108377 0.356766 0.158758 0.000000
0.122437 0.084944 0.159930 0.000000
0.367897 0.042179 0.141769 0.000000
0.203866 0.077329 0.152900 1.000000
0.362039 0.005272 0.125952 0.000000
0.096075 0.248389 0.154657 1.000000
0.203866 0.077329 0.152900 1.000000
0.142941 0.105448 0.166960 0.000000
0.231986 0.032806 0.142355 1.000000
0.389572 0.379028 0.109549 0.000000
0.183363 0.078500 0.152314 1.000000
0.270064 0.260105 0.192150 0.000000
0.323374 0.096661 0.165202 0.000000
0.165788 0.296426 0.181605 0.000000
0.353837 0.107791 0.164030 1.000000
0.131224 0.018746 0.126538 1.000000
0.202695 0.360281 0.161687 1.000000
0.073228 0.167545 0.156415 1.000000
0.138254 0.387229 0.009373 2.000000
0.162859 0.124194 0.183948 0.000000
0.070299 0.305800 0.145870 1.000000
0.306971 0.267721 0.184534 0.000000
0.339777 0.303456 0.172232 0.000000
0.101347 0.332748 0.152314 0.000000
0.393087 0.310486 0.918571 2.000000
0.209725 0.102519 0.173989 1.000000
0.083187 0.159930 0.154657 1.000000
0.062683 0.076157 0.143527 1.000000
0.289397 0.348565 0.408905 2.000000
0.310486 0.384300 0.088459 2.000000
0.159344 0.028705 0.131224 1.000000
0.322203 0.201523 0.175747 1.000000
0.228471 0.198008 0.217340 0.000000
0.059168 0.103105 0.152900 1.000000
0.178676 0.191564 0.193322 0.000000
0.297012 0.342707 0.423550 2.000000
0.168131 0.288811 0.192736 0.000000
0.076157 0.270650 0.155243 1.000000
0.325718 0.171060 0.169303 1.000000
0.171646 0.108377 0.168717 1.000000
0.133568 0.258348 0.173404 1.000000
0.325718 0.171060 0.169303 1.000000
0.298770 0.300527 0.458699 2.000000
0.033392 0.366725 0.127124 0.000000
0.256591 0.256005 0.198008 0.000000
0.139426 0.398360 0.111306 1.000000
0.188049 0.390744 0.661394 2.000000
0.114821 0.397774 0.142941 1.000000
0.046280 0.078500 0.132982 1.000000
0.288225 0.331576 0.171646 1.000000
0.362039 0.005272 0.125952 0.000000
0.289982 0.359110 0.156415 1.000000
0.295255 0.007616 0.134739 1.000000
0.151142 0.116579 0.183363 0.000000
0.202695 0.100176 0.167545 1.000000
0.084944 0.135911 0.162859 1.000000
0.173989 0.394845 0.143527 1.000000
0.124780 0.146456 0.171646 1.000000
0.370826 0.278266 0.158172 1.000000
0.357352 0.175161 0.158758 1.000000
0.055067 0.272408 0.140012 1.000000
0.232572 0.354423 0.148799 1.000000
0.128881 0.329818 0.169303 0.000000
0.239016 0.272994 0.423550 2.000000
0.347393 0.098418 0.163445 1.000000
0.117750 0.387229 0.653779 2.000000
0.050381 0.189221 0.140012 1.000000
0.380785 0.311072 0.922671 2.000000
0.106620 0.349151 0.157001 0.000000
0.139426 0.332162 0.164616 0.000000
0.370240 0.060340 0.147627 1.000000
0.309900 0.215583 0.186292 1.000000
0.096075 0.248389 0.154657 1.000000
0.352080 0.046280 0.144698 0.000000
0.289982 0.359110 0.156415 1.000000
0.189807 0.370826 0.145284 1.000000
0.159344 0.028705 0.131224 1.000000
0.296426 0.137083 0.186292 0.000000
0.301113 0.089631 0.165788 0.000000
0.190392 0.177504 0.200937 0.000000
0.350322 0.200351 0.169889 1.000000
0.037493 0.152314 0.136497 1.000000
0.190392 0.147042 0.189221 1.000000
0.020504 0.097832 0.129467 1.000000
0.334505 0.059754 0.154657 0.000000
0.063269 0.376098 0.140598 0.000000
0.342707 0.072642 0.158172 0.000000
0.209725 0.102519 0.173989 1.000000
0.186878 0.206796 0.207381 0.000000
0.144112 0.011716 0.026948 2.000000
0.155243 0.213825 0.188049 1.000000
0.362039 0.005272 0.125952 0.000000
0.380785 0.311072 0.922671 2.000000
0.124780 0.146456 0.171646 1.000000
0.132982 0.121265 0.168131 0.000000
0.289397 0.348565 0.408905 2.000000
0.108377 0.356766 0.158758 0.000000
0.125366 0.191564 0.172818 1.000000
0.040422 0.031049 0.131810 0.000000
0.239016 0.272994 0.423550 2.000000
0.345636 0.180434 0.168131 1.000000
0.291154 0.193907 0.181605 1.000000
0.183363 0.073228 0.156415 1.000000
0.069127 0.348565 0.152314 0.000000
0.087288 0.167545 0.155243 1.000000
0.349736 0.352080 0.392501 2.000000
0.288225 0.331576 0.171646 1.000000
0.325718 0.065026 0.152900 0.000000
0.213825 0.083773 0.172232 1.000000
0.331576 0.067370 0.159344 0.000000
0.323374 0.096661 0.165202 0.000000
0.083773 0.246046 0.149385 1.000000
0.325718 0.171060 0.169303 1.000000
0.273579 0.284124 0.183948 1.000000
0.292912 0.332748 0.416520 2.000000
0.225542 0.369654 0.144698 1.000000
0.039250 0.263035 0.132982 1.000000
0.047452 0.376684 0.129467 0.000000
0.164030 0.094318 0.160516 1.000000
0.233158 0.301113 0.183363 1.000000
0.306385 0.028705 0.147042 1.000000
0.333333 0.272994 0.171060 0.000000
0.039250 0.263035 0.132982 1.000000
0.316344 0.305214 0.168717 0.000000
0.358524 0.082601 0.153486 1.000000
0.384300 0.161101 0.140012 1.000000
0.033392 0.398360 0.004687 2.000000
0.039836 0.062097 0.130639 1.000000
0.349736 0.079086 0.157001 0.000000
0.131810 0.359110 0.152900 1.000000
0.025776 0.209725 0.132982 1.000000
0.213825 0.083773 0.172232 1.000000
0.010545 0.115993 0.118336 1.000000
0.205624 0.365554 0.158758 1.000000
0.268307 0.015231 0.131810 1.000000
0.261863 0.254247 0.199180 0.000000
0.361453 0.207967 0.158758 1.000000
0.331576 0.384886 0.013474 2.000000
0.233743 0.031634 0.140598 1.000000
0.366139 0.285296 0.930287 2.000000
0.262449 0.213240 0.207381 1.000000
0.164616 0.356180 0.158758 1.000000
0.313415 0.120680 0.178676 0.000000
0.029877 0.394845 0.105448 0.000000
0.298770 0.300527 0.458699 2.000000
0.042765 0.182191 0.130053 1.000000
0.138254 0.387229 0.009373 2.000000
0.396016 0.265964 0.413591 2.000000
0.090803 0.137668 0.151728 1.000000
0.325132 0.186878 0.166374 1.000000
0.267135 0.285882 0.185706 1.000000
0.115993 0.227299 0.163445 1.000000
0.347393 0.198008 0.157586 1.000000
0.043351 0.196837 0.142355 1.000000
0.185120 0.173404 0.207967 0.000000
0.289982 0.359110 0.156415 1.000000
0.390158 0.254833 0.141183 1.000000
0.309900 0.297012 0.176919 0.000000
0.397774 0.309900 0.150557 1.000000
0.338020 0.287639 0.179262 0.000000
0.402460 0.377856 0.904511 2.000000
0.299356 0.230814 0.202109 1.000000
0.207381 0.297598 0.183363 1.000000
0.177504 0.309900 0.173404 1.000000
0.176919 0.202109 0.198594 0.000000
0.033978 0.307557 0.136497 1.000000
0.202109 0.071470 0.155243 1.000000
0.056239 0.157001 0.132982 1.000000
0.256591 0.256005 0.198008 0.000000
0.347393 0.098418 0.163445 1.000000
0.231986 0.059754 0.148213 1.000000
0.213240 0.249561 0.205038 0.000000
0.389572 0.379028 0.109549 0.000000
0.090803 0.042179 0.135911 1.000000
0.378442 0.266549 0.155829 1.000000
0.266549 0.371998 0.600469 2.000000
0.382542 0.293497 0.147042 1.000000
0.052724 0.203281 0.134739 1.000000
0.098418 0.381371 0.144112 1.000000
0.299941 0.374927 0.009373 2.000000
0.048623 0.095489 0.148213 1.000000
0.174575 0.396016 0.001757 2.000000
0.390158 0.254833 0.141183 1.000000
0.016989 0.087288 0.124194 1.000000
0.164030 0.094318 0.160516 1.000000
0.315759 0.246632 0.182777 1.000000
0.268307 0.015231 0.131810 1.000000
0.073228 0.193907 0.160516 1.000000
0.287053 0.270650 0.188049 0.000000
0.363796 0.370826 0.121851 1.000000
0.380199 0.299356 0.919156 2.000000
0.265964 0.159930 0.203866 1.000000
0.158172 0.289982 0.176919 0.000000
0.020504 0.057411 0.130053 1.000000
0.229643 0.391916 0.001757 2.000000
0.297012 0.000586 0.128881 1.000000
0.336848 0.127124 0.157001 1.000000
0.113650 0.248389 0.167545 1.000000
0.139426 0.209139 0.176333 1.000000
0.100176 0.140598 0.159344 1.000000
0.173404 0.384300 0.145870 1.000000
0.008787 0.038664 0.135911 0.000000
0.315759 0.306385 0.172232 0.000000
0.032806 0.098418 0.132982 1.000000
0.245460 0.175747 0.207967 0.000000
0.202695 0.100176 0.167545 1.000000
0.157001 0.191564 0.195079 1.000000
0.118336 0.138254 0.172818 1.000000
0.253076 0.321031 0.166374 1.000000
0.256005 0.109549 0.176333 1.000000
0.274751 0.332748 0.166960 1.000000
0.277680 0.289397 0.190392 1.000000
0.022847 0.190978 0.007616 2.000000
0.062097 0.250146 0.150557 1.000000
0.085530 0.019918 0.122437 1.000000
0.256005 0.212654 0.206210 1.000000
0.173989 0.394845 0.143527 1.000000
0.291740 0.264206 0.192150 0.000000
0.299941 0.216755 0.193907 1.000000
0.241359 0.113064 0.179262 1.000000
0.014060 0.209725 0.115993 1.000000
0.205624 0.092560 0.167545 1.000000
0.148213 0.230228 0.189807 1.000000
0.098418 0.381371 0.144112 1.000000
0.326889 0.069127 0.159930 0.000000
0.048623 0.095489 0.148213 1.000000
0.331576 0.067370 0.159344 0.000000
0.083773 0.246046 0.149385 1.000000
0.126538 0.213825 0.166960 1.000000
0.291154 0.359695 0.143527 1.000000
0.251318 0.165202 0.197422 0.000000
0.353251 0.001172 0.134739 0.000000
0.299356 0.327475 0.175747 1.000000
0.272408 0.127709 0.180434 0.000000
0.105448 0.328061 0.155243 0.000000
0.126538 0.213825 0.166960 1.000000
0.384886 0.373169 0.132396 1.000000
0.333333 0.272994 0.171060 0.000000
0.309900 0.012302 0.130053 1.000000
0.113650 0.248389 0.167545 1.000000
0.275337 0.317516 0.170475 1.000000
0.142941 0.105448 0.166960 0.000000
0.256005 0.042179 0.151142 1.000000
0.117165 0.387815 0.668424 2.000000
0.133568 0.258348 0.173404 1.000000
0.151728 0.342707 0.165788 1.000000
0.201523 0.310486 0.177504 1.000000
0.015817 0.033978 0.125366 0.000000
0.197422 0.191564 0.214997 0.000000
0.322789 0.341535 0.416520 2.000000
0.391916 0.263035 0.141183 1.000000
0.015817 0.035735 0.130053 0.000000
0.175161 0.244874 0.194493 0.000000
0.236087 0.381371 0.141183 1.000000
0.298184 0.261863 0.519625 2.000000
0.275337 0.033978 0.138254 1.000000
0.380785 0.318688 0.152900 1.000000
0.202109 0.071470 0.155243 1.000000
0.349736 0.079086 0.157001 0.000000
0.217926 0.008787 0.129467 1.000000
0.230814 0.275923 0.198594 1.000000
0.231986 0.059754 0.148213 1.000000
0.385472 0.154657 0.146456 1.000000
0.042765 0.182191 0.130053 1.000000
0.354423 0.083773 0.157586 0.000000
0.331576 0.384886 0.013474 2.000000
0.039250 0.263035 0.132982 1.000000
0.230228 0.258934 0.203281 1.000000
0.325132 0.186878 0.166374 1.000000
0.048623 0.095489 0.148213 1.000000
0.355009 0.377856 0.099590 1.000000
0.033392 0.366725 0.127124 0.000000
0.287053 0.309315 0.412419 2.000000
0.349736 0.352080 0.392501 2.000000
0.301113 0.089631 0.165788 0.000000
0.121851 0.090803 0.154071 0.000000
0.113064 0.244874 0.166960 1.000000
0.171646 0.305214 0.180434 1.000000
0.185120 0.173404 0.207967 0.000000
0.077914 0.115407 0.153486 1.000000
0.299356 0.230814 0.202109 1.000000
0.229643 0.391916 0.001757 2.000000
0.164616 0.281195 0.193322 0.000000
0.152900 0.339777 0.164030 1.000000
0.085530 0.019918 0.122437 1.000000
0.361453 0.173989 0.155829 1.000000
0.295255 0.007616 0.134739 1.000000
0.338020 0.287639 0.179262 0.000000
0.268307 0.079672 0.164030 1.000000
0.325718 0.065026 0.152900 0.000000
0.349736 0.352080 0.392501 2.000000
0.175747 0.132396 0.183363 1.000000
0.090803 0.021675 0.130053 1.000000
0.357352 0.175161 0.158758 1.000000
0.012888 0.097247 0.122437 1.000000
0.167545 0.110721 0.181605 1.000000
0.296426 0.137083 0.186292 0.000000
0.256005 0.109549 0.176333 1.000000
0.333333 0.265964 0.164616 1.000000
0.132982 0.121265 0.168131 0.000000
0.327475 0.353251 0.398946 2.000000
0.366139 0.285296 0.930287 2.000000
0.090803 0.042179 0.135911 1.000000
0.306385 0.028705 0.147042 1.000000
0.378442 0.266549 0.155829 1.000000
0.274751 0.332748 0.166960 1.000000
0.289982 0.359110 0.156415 1.000000
0.178676 0.191564 0.193322 0.000000
0.156415 0.124194 0.176333 1.000000
0.313415 0.170475 0.184534 1.000000
0.109549 0.037493 0.135325 1.000000
0.333333 0.355595 0.401875 2.000000
0.012888 0.097247 0.122437 1.000000
0.390158 0.305214 0.909783 2.000000
0.133568 0.314587 0.167545 0.000000
0.052724 0.366725 0.138254 0.000000
0.358524 0.082601 0.153486 1.000000
0.338020 0.287639 0.179262 0.000000
0.164030 0.094318 0.160516 1.000000
0.295255 0.185706 0.189221 1.000000
0.291154 0.385472 0.000000 2.000000
0.320445 0.331576 0.160516 1.000000
0.376098 0.354423 0.988284 2.000000
0.345636 0.383714 0.113650 1.000000
0.100176 0.303456 0.154071 1.000000
0.295255 0.007616 0.134739 1.000000
0.381957 0.380785 0.547159 2.000000
0.289397 0.348565 0.408905 2.000000
0.380785 0.324546 0.902753 2.000000
0.213825 0.083773 0.172232 1.000000
0.090803 0.137668 0.151728 1.000000
0.238430 0.339192 0.168717 1.000000
0.390158 0.305214 0.909783 2.000000
0.183363 0.073228 0.156415 1.000000
0.100176 0.303456 0.154071 1.000000
0.242531 0.278266 0.434681 2.000000
0.402460 0.377856 0.904511 2.000000
0.162859 0.124194 0.183948 0.000000
0.229057 0.319859 0.171646 1.000000
0.322203 0.201523 0.175747 1.000000
0.367311 0.329818 0.148213 0.000000
0.175747 0.132396 0.183363 1.000000
0.380199 0.299356 0.919156 2.000000
0.209725 0.102519 0.173989 1.000000
0.230814 0.275923 0.198594 1.000000
0.067955 0.275337 0.139426 1.000000
0.376098 0.263620 0.157586 1.000000
0.217926 0.008787 0.129467 1.000000
0.173989 0.394845 0.143527 1.000000
0.389572 0.379028 0.109549 0.000000
0.245460 0.175747 0.207967 0.000000
0.322203 0.026948 0.135911 1.000000
0.152900 0.013474 0.122437 1.000000
0.297012 0.342707 0.423550 2.000000
0.051552 0.263620 0.132982 1.000000
0.261863 0.343292 0.163445 1.000000
0.162859 0.124194 0.183948 0.000000
0.164030 0.094318 0.160516 1.000000
0.291740 0.264206 0.192150 0.000000
0.082015 0.284124 0.162273 1.000000
0.261277 0.055653 0.156415 1.000000
0.250732 0.308729 0.181605 1.000000
0.263035 0.347979 0.157001 1.000000
0.118336 0.138254 0.172818 1.000000
0.089045 0.241359 0.158172 1.000000
0.001757 0.087288 0.003515 2.000000
0.139426 0.209139 0.176333 1.000000
0.296426 0.069713 0.155829 1.000000
0.020504 0.097832 0.129467 1.000000
0.105448 0.328061 0.155243 0.000000
0.069127 0.348565 0.152314 0.000000
0.056825 0.253076 0.132982 1.000000
0.402460 0.377856 0.904511 2.000000
0.374927 0.168717 0.154071 1.000000
0.309900 0.012302 0.130053 1.000000
0.205038 0.099590 0.174575 1.000000
0.198594 0.080258 0.160516 1.000000
0.059754 0.034564 0.131810 0.000000
0.358524 0.082601 0.153486 1.000000
0.148213 0.230228 0.189807 1.000000
0.333333 0.355595 0.401875 2.000000
0.159344 0.028705 0.131224 1.000000
0.396016 0.265964 0.413591 2.000000
0.315759 0.306385 0.172232 0.000000
0.244288 0.265964 0.191564 1.000000
0.355595 0.295255 0.158172 1.000000
0.361453 0.207967 0.158758 1.000000
0.091974 0.103691 0.164616 0.000000
0.045694 0.155243 0.140012 1.000000
0.213825 0.083773 0.172232 1.000000
0.091974 0.103691 0.164616 0.000000
0.356766 0.141183 0.157586 1.000000
0.304628 0.286467 0.188635 0.000000
0.268307 0.015231 0.131810 1.000000
0.073228 0.193907 0.160516 1.000000
0.128295 0.108963 0.167545 0.000000
0.124194 0.302285 0.175161 0.000000
0.195665 0.175161 0.198594 0.000000
0.355595 0.295255 0.158172 1.000000
0.080258 0.058582 0.138840 0.000000
0.162859 0.315173 0.182777 1.000000
0.260691 0.210310 0.200351 1.000000
0.085530 0.042765 0.134739 1.000000
0.334505 0.059754 0.154657 0.000000
0.217926 0.008787 0.129467 1.000000
0.325718 0.171060 0.169303 1.000000
0.100762 0.114821 0.159930 0.000000
0.152900 0.013474 0.122437 1.000000
0.201523 0.230814 0.215583 0.000000
0.115407 0.277680 0.158758 1.000000
0.207381 0.297598 0.183363 1.000000
0.349151 0.129467 0.161101 1.000000
0.083187 0.159930 0.154657 1.000000
0.259520 0.301113 0.441125 2.000000
0.272994 0.331576 0.166960 1.000000
0.288225 0.331576 0.171646 1.000000
0.259520 0.301113 0.441125 2.000000
0.393087 0.323960 0.899824 2.000000
0.285296 0.315173 0.418278 2.000000
0.333333 0.265964 0.164616 1.000000
0.390158 0.305214 0.909783 2.000000
0.023433 0.367897 0.002929 2.000000
0.396016 0.265964 0.413591 2.000000
0.247217 0.319274 0.172232 1.000000
0.214411 0.288811 0.187463 1.000000
0.309900 0.012302 0.130053 1.000000
0.131224 0.397188 0.000586 2.000000
0.299941 0.216755 0.193907 1.000000
0.261863 0.359110 0.148213 1.000000
0.073228 0.167545 0.156415 1.000000
0.085530 0.019918 0.122437 1.000000
0.159930 0.171060 0.188049 0.000000
0.308143 0.278266 0.478032 2.000000
0.100762 0.114821 0.159930 0.000000
0.247217 0.319274 0.172232 1.000000
0.084944 0.135911 0.162859 1.000000
0.339777 0.303456 0.172232 0.000000
0.090803 0.021675 0.130053 1.000000
0.361453 0.093146 0.158172 1.000000
0.204452 0.393087 0.673697 2.000000
0.187463 0.381371 0.153486 1.000000
0.380199 0.190392 0.151728 1.000000
0.186292 0.227299 0.204452 0.000000
0.393087 0.277680 0.146456 1.000000
0.073228 0.167545 0.156415 1.000000
0.204452 0.393087 0.673697 2.000000
0.376098 0.263620 0.157586 1.000000
0.248975 0.046866 0.142941 1.000000
0.353837 0.107791 0.164030 1.000000
0.370240 0.274751 0.154657 1.000000
0.296426 0.137083 0.186292 0.000000
0.113650 0.248389 0.167545 1.000000
0.355009 0.377856 0.099590 1.000000
0.363796 0.370826 0.121851 1.000000
0.349151 0.129467 0.161101 1.000000
0.077329 0.120094 0.152314 1.000000
0.263035 0.240187 0.209139 0.000000
0.393087 0.310486 0.918571 2.000000
0.325132 0.186878 0.166374 1.000000
0.139426 0.209139 0.176333 1.000000
0.193907 0.272994 0.194493 1.000000
0.347393 0.098418 0.163445 1.000000
0.100176 0.355009 0.157586 0.000000
0.285296 0.315173 0.418278 2.000000
0.084944 0.135911 0.162859 1.000000
0.299356 0.230814 0.202109 1.000000
0.149971 0.227885 0.189807 1.000000
0.155243 0.213825 0.188049 1.000000
0.189807 0.370826 0.145284 1.000000
0.270064 0.260105 0.192150 0.000000
0.390158 0.305214 0.909783 2.000000
0.361453 0.207967 0.158758 1.000000
0.283538 0.128295 0.180434 0.000000
0.345636 0.383714 0.113650 1.000000
0.115993 0.227299 0.163445 1.000000
0.175747 0.132396 0.183363 1.000000
0.183363 0.294083 0.192736 1.000000
0.197422 0.191564 0.214997 0.000000
0.050381 0.308143 0.147042 1.000000
0.281781 0.370826 0.016403 2.000000
0.274751 0.332748 0.166960 1.000000
0.333333 0.265964 0.164616 1.000000
0.094903 0.219098 0.167545 1.000000
0.054482 0.352080 0.133568 0.000000
0.272408 0.326889 0.169889 1.000000
0.035735 0.176919 0.127124 1.000000
0.050967 0.371412 0.137668 0.000000
0.069127 0.348565 0.152314 0.000000
0.335677 0.384300 0.128881 1.000000
0.229057 0.253076 0.206210 0.000000
0.148213 0.209139 0.176919 1.000000
0.374927 0.168717 0.154071 1.000000
0.193907 0.272994 0.194493 1.000000
0.309900 0.012302 0.130053 1.000000
0.039836 0.350908 0.004687 2.000000
0.109549 0.387229 0.007030 2.000000
0.228471 0.198008 0.217340 0.000000
0.217340 0.179262 0.216755 0.000000
0.374927 0.168717 0.154071 1.000000
0.069127 0.350908 0.137668 0.000000
0.162859 0.315173 0.182777 1.000000
0.339192 0.351494 0.149385 1.000000
0.358524 0.082601 0.153486 1.000000
0.291154 0.193907 0.181605 1.000000
0.140598 0.246632 0.183363 1.000000
0.273579 0.195665 0.200351 1.000000
0.247217 0.319274 0.172232 1.000000
0.066198 0.231400 0.148213 1.000000
0.176333 0.334505 0.165788 1.000000
0.331576 0.384886 0.013474 2.000000
0.211482 0.172818 0.201523 0.000000
0.224370 0.185120 0.216755 0.000000
0.063269 0.376098 0.140598 0.000000
0.274751 0.295255 0.414763 2.000000
0.320445 0.331576 0.160516 1.000000
0.125366 0.191564 0.172818 1.000000
0.125952 0.344464 0.173404 0.000000
0.085530 0.019918 0.122437 1.000000
0.059754 0.178090 0.151728 1.000000
0.317516 0.000000 0.127709 1.000000
0.085530 0.325718 0.149385 1.000000
0.361453 0.093146 0.158172 1.000000
0.085530 0.019918 0.122437 1.000000
0.027534 0.384886 0.002343 2.000000
0.150557 0.036907 0.140012 1.000000
0.334505 0.059754 0.154657 0.000000
0.046866 0.241945 0.138840 1.000000
0.381957 0.380785 0.547159 2.000000
0.227885 0.014646 0.132396 1.000000
0.202695 0.360281 0.161687 1.000000
0.069127 0.350908 0.137668 0.000000
0.077329 0.120094 0.152314 1.000000
0.091388 0.233743 0.149971 1.000000
0.241359 0.113064 0.179262 1.000000
0.254247 0.265378 0.188635 0.000000
0.312830 0.246632 0.173989 1.000000
0.389572 0.208553 0.155829 1.000000
0.120094 0.052724 0.143527 1.000000
0.135325 0.027534 0.138840 1.000000
0.052724 0.366725 0.138254 0.000000
0.083773 0.246046 0.149385 1.000000
0.345050 0.318102 0.165202 0.000000
0.131810 0.359110 0.152900 1.000000
0.131810 0.074985 0.155243 1.000000
0.198008 0.277680 0.194493 1.000000
0.331576 0.067370 0.159344 0.000000
0.083773 0.246046 0.149385 1.000000
0.261863 0.343292 0.163445 1.000000
0.076157 0.270650 0.155243 1.000000
0.228471 0.198008 0.217340 0.000000
0.040422 0.031049 0.131810 0.000000
0.132396 0.388401 0.701230 2.000000
0.323374 0.096661 0.165202 0.000000
0.265964 0.159930 0.203866 1.000000
0.139426 0.209139 0.176333 1.000000
0.186292 0.227299 0.204452 0.000000
0.052724 0.066784 0.139426 1.000000
0.335677 0.384300 0.128881 1.000000
0.360867 0.280609 0.168131 1.000000
0.196837 0.071470 0.158758 1.000000
0.367897 0.366725 0.147627 1.000000
0.168131 0.288811 0.192736 0.000000
0.244288 0.265964 0.191564 1.000000
0.338020 0.287639 0.179262 0.000000
0.014060 0.209725 0.115993 1.000000
0.393087 0.323960 0.899824 2.000000
0.177504 0.309900 0.173404 1.000000
0.089045 0.241359 0.158172 1.000000
0.362039 0.356766 0.160516 0.000000
0.233743 0.031634 0.140598 1.000000
0.076157 0.300527 0.147042 1.000000
0.246632 0.074985 0.165788 1.000000
0.361453 0.342121 0.151142 0.000000
0.241359 0.113064 0.179262 1.000000
0.259520 0.256591 0.193907 0.000000
0.168717 0.237844 0.188635 0.000000
0.308143 0.278266 0.478032 2.000000
0.100176 0.355009 0.157586 0.000000
0.100176 0.140598 0.159344 1.000000
0.313415 0.122437 0.180434 0.000000
0.287639 0.050381 0.158758 1.000000
0.118336 0.138254 0.172818 1.000000
0.089631 0.054482 0.145284 1.000000
0.318102 0.106620 0.172232 0.000000
0.272408 0.326889 0.169889 1.000000
0.020504 0.097832 0.129467 1.000000
0.080258 0.058582 0.138840 0.000000
0.158172 0.289982 0.176919 0.000000
0.045108 0.080258 0.142355 1.000000
0.090803 0.042179 0.135911 1.000000
0.360867 0.129467 0.147042 1.000000
0.183363 0.043937 0.137083 1.000000
0.210896 0.126538 0.179848 1.000000
0.154071 0.027534 0.140012 1.000000
0.042765 0.182191 0.130053 1.000000
0.111306 0.052724 0.149971 1.000000
0.056825 0.253076 0.132982 1.000000
0.306385 0.028705 0.147042 1.000000
0.309900 0.134153 0.185706 1.000000
0.264792 0.151142 0.202109 0.000000
0.289982 0.359110 0.156415 1.000000
0.241359 0.113064 0.179262 1.000000
0.238430 0.339192 0.168717 1.000000
0.168131 0.288811 0.192736 0.000000
0.370240 0.060340 0.147627 1.000000
0.402460 0.377856 0.904511 2.000000
0.211482 0.172818 0.201523 0.000000
0.281781 0.370826 0.016403 2.000000
0.364382 0.374927 0.141183 1.000000
0.267135 0.285882 0.185706 1.000000
0.320445 0.331576 0.160516 1.000000
0.073228 0.224956 0.145870 1.000000
0.261863 0.343292 0.163445 1.000000
0.275337 0.033978 0.138254 1.000000
0.039836 0.350908 0.004687 2.000000
0.217340 0.179262 0.216755 0.000000
0.322203 0.026948 0.135911 1.000000
0.042179 0.022261 0.131224 0.000000
0.231986 0.032806 0.142355 1.000000
0.309900 0.134153 0.185706 1.000000
0.175161 0.302285 0.184534 1.000000
0.115407 0.033978 0.135911 1.000000
0.016989 0.087288 0.124194 1.000000
0.342707 0.072642 0.158172 0.000000
0.268307 0.079672 0.164030 1.000000
0.287053 0.309315 0.412419 2.000000
0.138254 0.387229 0.009373 2.000000
0.010545 0.136497 0.121265 1.000000
0.144112 0.011716 0.026948 2.000000
0.325718 0.065026 0.152900 0.000000
0.144112 0.011716 0.026948 2.000000
0.326889 0.069127 0.159930 0.000000
0.137083 0.391330 0.725835 2.000000
0.089631 0.332162 0.147627 0.000000
0.287053 0.309315 0.412419 2.000000
0.090803 0.021675 0.130053 1.000000
0.382542 0.277680 0.157001 1.000000
0.361453 0.207967 0.158758 1.000000
0.020504 0.097832 0.129467 1.000000
0.315759 0.246632 0.182777 1.000000
0.135325 0.027534 0.138840 1.000000
0.059754 0.129467 0.145284 1.000000
0.168717 0.237844 0.188635 0.000000
0.038664 0.364382 0.135325 0.000000
0.370240 0.060340 0.147627 1.000000
0.164616 0.365554 0.148213 1.000000
0.284710 0.134153 0.185706 0.000000
0.019918 0.177504 0.121265 1.000000
0.069127 0.350908 0.137668 0.000000
0.262449 0.213240 0.207381 1.000000
0.149971 0.227885 0.189807 1.000000
0.331576 0.384886 0.013474 2.000000
0.205624 0.092560 0.167545 1.000000
0.239602 0.362624 0.154657 1.000000
0.073228 0.224956 0.145870 1.000000
0.109549 0.387229 0.007030 2.000000
0.306971 0.267721 0.184534 0.000000
0.267135 0.285882 0.185706 1.000000
0.393087 0.277680 0.146456 1.000000
0.198008 0.277680 0.194493 1.000000
0.267135 0.285882 0.185706 1.000000
0.266549 0.159344 0.194493 1.000000
0.349151 0.067955 0.149971 0.000000
0.131224 0.018746 0.126538 1.000000
0.154071 0.027534 0.140012 1.000000
0.353251 0.001172 0.134739 0.000000
0.390158 0.254833 0.141183 1.000000
0.138254 0.387229 0.009373 2.000000
0.367311 0.329818 0.148213 0.000000
0.312830 0.246632 0.173989 1.000000
0.173989 0.384886 0.000000 2.000000
0.124780 0.311658 0.161687 0.000000
0.133568 0.114235 0.171646 0.000000
0.140598 0.246632 0.183363 1.000000
0.190392 0.147042 0.189221 1.000000
0.055067 0.272408 0.140012 1.000000
0.253076 0.321031 0.166374 1.000000
0.137083 0.391330 0.725835 2.000000
0.347393 0.198008 0.157586 1.000000
0.272408 0.127709 0.180434 0.000000
0.205624 0.365554 0.158758 1.000000
0.339777 0.303456 0.172232 0.000000
0.230228 0.258934 0.203281 1.000000
0.347393 0.098418 0.163445 1.000000
0.090803 0.137668 0.151728 1.000000
0.369654 0.321031 0.147042 1.000000
0.309900 0.134153 0.185706 1.000000
0.116579 0.035735 0.128295 1.000000
0.131810 0.074985 0.155243 1.000000
0.388401 0.247803 0.148213 1.000000
0.122437 0.084944 0.159930 0.000000
0.299941 0.216755 0.193907 1.000000
0.384300 0.161101 0.140012 1.000000
0.149971 0.310486 0.176333 0.000000
0.349151 0.067955 0.149971 0.000000
0.151142 0.116579 0.183363 0.000000
0.286467 0.341535 0.431166 2.000000
0.014060 0.209725 0.115993 1.000000
0.040422 0.031049 0.131810 0.000000
0.183363 0.043937 0.137083 1.000000
0.367311 0.329818 0.148213 0.000000
0.356766 0.141183 0.157586 1.000000
0.091388 0.233743 0.149971 1.000000
0.384300 0.375513 0.099004 2.000000
0.362039 0.005272 0.125952 0.000000
0.063269 0.376098 0.140598 0.000000
0.229057 0.319859 0.171646 1.000000
0.337434 0.192736 0.175161 1.000000
0.142941 0.356180 0.163445 1.000000
0.339777 0.303456 0.172232 0.000000
0.291154 0.193907 0.181605 1.000000
0.213240 0.249561 0.205038 0.000000
0.056239 0.157001 0.132982 1.000000
0.042765 0.182191 0.130053 1.000000
0.164616 0.281195 0.193322 0.000000
0.309900 0.012302 0.130053 1.000000
0.124780 0.146456 0.171646 1.000000
0.167545 0.380199 0.149385 1.000000
0.278266 0.109549 0.178090 0.000000
0.046866 0.241945 0.138840 1.000000
0.316344 0.305214 0.168717 0.000000
0.105448 0.328061 0.155243 0.000000
0.050381 0.308143 0.147042 1.000000
0.325718 0.065026 0.152900 0.000000
0.256005 0.109549 0.176333 1.000000
0.387229 0.261863 0.429994 2.000000
0.062097 0.250146 0.150557 1.000000
0.198008 0.277680 0.194493 1.000000
0.299941 0.204452 0.189221 1.000000
0.203866 0.077329 0.152900 1.000000
0.285296 0.315173 0.418278 2.000000
0.176919 0.202109 0.198594 0.000000
0.304628 0.286467 0.188635 0.000000
0.010545 0.115993 0.118336 1.000000
0.322203 0.383128 0.005858 2.000000
0.108377 0.154657 0.175161 1.000000
0.151142 0.116579 0.183363 0.000000
0.233743 0.151728 0.190978 1.000000
0.059754 0.129467 0.145284 1.000000
0.335677 0.384300 0.128881 1.000000
0.388401 0.247803 0.148213 1.000000
0.151142 0.116579 0.183363 0.000000
0.070299 0.305800 0.145870 1.000000
0.155243 0.213825 0.188049 1.000000
0.165788 0.355009 0.162273 1.000000
0.324546 0.319274 0.438196 2.000000
0.168717 0.237844 0.188635 0.000000
0.370826 0.278266 0.158172 1.000000
0.165788 0.296426 0.181605 0.000000
0.124194 0.302285 0.175161 0.000000
0.231986 0.032806 0.142355 1.000000
0.188049 0.390744 0.661394 2.000000
0.370240 0.060340 0.147627 1.000000
0.301113 0.089631 0.165788 0.000000
0.089631 0.054482 0.145284 1.000000
0.084944 0.135911 0.162859 1.000000
0.266549 0.180434 0.200937 1.000000
0.046866 0.241945 0.138840 1.000000
0.059754 0.205624 0.144112 1.000000
0.223199 0.160516 0.197422 1.000000
0.390158 0.254833 0.141183 1.000000
0.380199 0.190392 0.151728 1.000000
0.062097 0.250146 0.150557 1.000000
0.339192 0.351494 0.149385 1.000000
0.014060 0.209725 0.115993 1.000000
0.313415 0.122437 0.180434 0.000000
0.211482 0.172818 0.201523 0.000000
0.241359 0.113064 0.179262 1.000000
0.165788 0.296426 0.181605 0.000000
0.089631 0.054482 0.145284 1.000000
0.239016 0.056239 0.148213 1.000000
0.349736 0.352080 0.392501 2.000000
0.059754 0.178090 0.151728 1.000000
0.289982 0.359110 0.156415 1.000000
0.111306 0.052724 0.149971 1.000000
0.080258 0.230228 0.155243 1.000000
0.183363 0.294083 0.192736 1.000000
0.370240 0.274751 0.154657 1.000000
0.067955 0.158758 0.145284 1.000000
0.239602 0.362624 0.154657 1.000000
0.238430 0.339192 0.168717 1.000000
0.085530 0.019918 0.122437 1.000000
0.361453 0.207967 0.158758 1.000000
0.339192 0.351494 0.149385 1.000000
0.149971 0.227885 0.189807 1.000000
0.306971 0.053896 0.145284 1.000000
0.106620 0.349151 0.157001 0.000000
0.313415 0.170475 0.184534 1.000000
0.204452 0.393087 0.673697 2.000000
0.283538 0.128295 0.180434 0.000000
0.239016 0.272994 0.423550 2.000000
0.345050 0.318102 0.165202 0.000000
0.322789 0.341535 0.416520 2.000000
0.118336 0.138254 0.172818 1.000000
0.272408 0.086702 0.164030 1.000000
0.024019 0.174575 0.002343 2.000000
0.261863 0.254247 0.199180 0.000000
0.173989 0.384886 0.000000 2.000000
0.158758 0.301113 0.183948 0.000000
0.277680 0.289397 0.190392 1.000000
0.306971 0.053896 0.145284 1.000000
0.035149 0.280023 0.011131 2.000000
0.299941 0.204452 0.189221 1.000000
0.162859 0.315173 0.182777 1.000000
0.301699 0.319859 0.412419 2.000000
0.189807 0.370826 0.145284 1.000000
0.084944 0.135911 0.162859 1.000000
0.035149 0.280023 0.011131 2.000000
0.198008 0.277680 0.194493 1.000000
0.299941 0.216755 0.193907 1.000000
0.049795 0.287639 0.135911 1.000000
0.109549 0.037493 0.135325 1.000000
0.010545 0.136497 0.121265 1.000000
0.073228 0.224956 0.145870 1.000000
0.214411 0.373755 0.148799 1.000000
0.363796 0.370826 0.121851 1.000000
0.370240 0.266549 0.917985 2.000000
0.027534 0.384886 0.002343 2.000000
0.256005 0.109549 0.176333 1.000000
0.160516 0.194493 0.183948 1.000000
0.299941 0.216755 0.193907 1.000000
0.140598 0.246632 0.183363 1.000000
0.010545 0.136497 0.121265 1.000000
0.345050 0.318102 0.165202 0.000000
0.105448 0.328061 0.155243 0.000000
0.020504 0.097832 0.129467 1.000000
0.100176 0.355009 0.157586 0.000000
0.098418 0.381371 0.144112 1.000000
0.126538 0.213825 0.166960 1.000000
0.152900 0.013474 0.122437 1.000000
0.353837 0.107791 0.164030 1.000000
0.342707 0.072642 0.158172 0.000000
0.089631 0.332162 0.147627 0.000000
0.183363 0.043937 0.137083 1.000000
0.059168 0.103105 0.152900 1.000000
0.054482 0.352080 0.133568 0.000000
0.337434 0.192736 0.175161 1.000000
0.239016 0.346221 0.165788 1.000000
0.299941 0.204452 0.189221 1.000000
0.158758 0.301113 0.183948 0.000000
0.309900 0.176919 0.181605 1.000000
0.152900 0.339777 0.164030 1.000000
0.025776 0.209725 0.132982 1.000000
0.322789 0.341535 0.416520 2.000000
0.292912 0.332748 0.416520 2.000000
0.322789 0.341535 0.416520 2.000000
0.109549 0.387229 0.007030 2.000000
0.347979 0.273579 0.168717 1.000000
0.015817 0.033978 0.125366 0.000000
0.334505 0.059754 0.154657 0.000000
0.139426 0.398360 0.111306 1.000000
0.085530 0.019918 0.122437 1.000000
0.148213 0.298770 0.181605 0.000000
0.291154 0.385472 0.000000 2.000000
0.087873 0.353251 0.151142 0.000000
0.389572 0.208553 0.155829 1.000000
0.322203 0.201523 0.175747 1.000000
0.229057 0.150557 0.190392 1.000000
0.296426 0.137083 0.186292 0.000000
0.046280 0.078500 0.132982 1.000000
0.045694 0.193322 0.140012 1.000000
0.187463 0.123609 0.178676 1.000000
0.045694 0.193322 0.140012 1.000000
0.380785 0.324546 0.902753 2.000000
0.042179 0.022261 0.131224 0.000000
0.089045 0.241359 0.158172 1.000000
0.229057 0.150557 0.190392 1.000000
0.376098 0.354423 0.988284 2.000000
0.083187 0.174575 0.162273 1.000000
0.378442 0.266549 0.155829 1.000000
0.230814 0.275923 0.198594 1.000000
0.382542 0.293497 0.147042 1.000000
0.350908 0.253076 0.162273 1.000000
0.211482 0.297598 0.178676 1.000000
0.023433 0.367897 0.002929 2.000000
0.025190 0.382542 0.005272 2.000000
0.291154 0.359695 0.143527 1.000000
0.177504 0.216169 0.202695 0.000000
0.046866 0.241945 0.138840 1.000000
0.202109 0.071470 0.155243 1.000000
0.231986 0.032806 0.142355 1.000000
0.325718 0.171060 0.169303 1.000000
0.029877 0.394845 0.105448 0.000000
0.320445 0.331576 0.160516 1.000000
0.298770 0.300527 0.458699 2.000000
0.209725 0.102519 0.173989 1.000000
0.353251 0.001172 0.134739 0.000000
0.025776 0.296426 0.004687 2.000000
0.160516 0.194493 0.183948 1.000000
0.380199 0.190392 0.151728 1.000000
0.022847 0.278852 0.101933 1.000000
0.359695 0.363796 0.401875 2.000000
0.291740 0.243702 0.196837 0.000000
0.131224 0.018746 0.126538 1.000000
0.263035 0.347979 0.157001 1.000000
0.190392 0.147042 0.189221 1.000000
0.202695 0.084944 0.158758 1.000000
0.052724 0.066784 0.139426 1.000000
0.207381 0.297598 0.183363 1.000000
0.038079 0.367897 0.115407 1.000000
0.332162 0.108963 0.169303 1.000000
0.322203 0.383128 0.005858 2.000000
0.247217 0.043937 0.149971 1.000000
0.370826 0.278266 0.158172 1.000000
0.256005 0.042179 0.151142 1.000000
0.322789 0.341535 0.416520 2.000000
0.306971 0.053896 0.145284 1.000000
0.345050 0.318102 0.165202 0.000000
0.291740 0.264206 0.192150 0.000000
0.214411 0.372583 0.004101 2.000000
0.285882 0.388401 0.004101 2.000000
0.299356 0.230814 0.202109 1.000000
0.299356 0.230814 0.202109 1.000000
0.051552 0.263620 0.132982 1.000000
0.067955 0.275337 0.139426 1.000000
0.261863 0.254247 0.199180 0.000000
0.064441 0.316930 0.138254 1.000000
0.239016 0.346221 0.165788 1.000000
0.313415 0.122437 0.180434 0.000000
0.362039 0.356766 0.160516 0.000000
0.190978 0.216755 0.201523 0.000000
0.342707 0.072642 0.158172 0.000000
0.274751 0.332748 0.166960 1.000000
0.296426 0.069713 0.155829 1.000000
0.020504 0.057411 0.130053 1.000000
0.131810 0.074985 0.155243 1.000000
0.272994 0.331576 0.166960 1.000000
0.067955 0.275337 0.139426 1.000000
0.229057 0.319859 0.171646 1.000000
0.032806 0.098418 0.132982 1.000000
0.278266 0.109549 0.178090 0.000000
0.050381 0.308143 0.147042 1.000000
0.333333 0.355595 0.401875 2.000000
0.045108 0.080258 0.142355 1.000000
0.126538 0.213825 0.166960 1.000000
0.048623 0.095489 0.148213 1.000000
0.038079 0.367897 0.115407 1.000000
0.291154 0.385472 0.000000 2.000000
0.333333 0.272994 0.171060 0.000000
0.020504 0.097832 0.129467 1.000000
0.274751 0.332748 0.166960 1.000000
0.105448 0.328061 0.155243 0.000000
0.325132 0.186878 0.166374 1.000000
0.124780 0.311658 0.161687 0.000000
0.188049 0.390744 0.661394 2.000000
0.039836 0.350908 0.004687 2.000000
0.274751 0.332748 0.166960 1.000000
0.370240 0.266549 0.917985 2.000000
0.393087 0.310486 0.918571 2.000000
0.128881 0.329818 0.169303 0.000000
0.128295 0.108963 0.167545 0.000000
0.062683 0.076157 0.143527 1.000000
0.362039 0.356766 0.160516 0.000000
0.158172 0.289982 0.176919 0.000000
0.124194 0.302285 0.175161 0.000000
0.236673 0.381957 0.154071 1.000000
0.272408 0.086702 0.164030 1.000000
0.253076 0.321031 0.166374 1.000000
0.139426 0.398360 0.111306 1.000000
0.107791 0.176919 0.172818 1.000000
0.052724 0.066784 0.139426 1.000000
0.148213 0.230228 0.189807 1.000000
0.159344 0.292912 0.180434 0.000000
0.261863 0.359110 0.148213 1.000000
0.132982 0.121265 0.168131 0.000000
0.158172 0.289982 0.176919 0.000000
0.059754 0.141769 0.152900 1.000000
0.166374 0.236673 0.199766 0.000000
0.165788 0.355009 0.162273 1.000000
0.230228 0.258934 0.203281 1.000000
0.001757 0.087288 0.003515 2.000000
0.183363 0.073228 0.156415 1.000000
0.336848 0.216755 0.171646 1.000000
0.168717 0.237844 0.188635 0.000000
0.152900 0.013474 0.122437 1.000000
0.342707 0.072642 0.158172 0.000000
0.211482 0.250732 0.195665 1.000000
0.124780 0.146456 0.171646 1.000000
0.195665 0.175161 0.198594 0.000000
0.352080 0.046280 0.144698 0.000000
0.135911 0.225542 0.181605 1.000000
0.080258 0.155243 0.152314 1.000000
0.386643 0.365554 0.104277 2.000000
0.374927 0.168717 0.154071 1.000000
0.142941 0.356180 0.163445 1.000000
0.229057 0.253076 0.206210 0.000000
0.304628 0.286467 0.188635 0.000000
0.301113 0.089631 0.165788 0.000000
0.051552 0.263620 0.132982 1.000000
0.097832 0.024019 0.131810 1.000000
0.240187 0.302285 0.427651 2.000000
0.052724 0.203281 0.134739 1.000000
0.165788 0.296426 0.181605 0.000000
0.214411 0.288811 0.187463 1.000000
0.198594 0.080258 0.160516 1.000000
0.209725 0.102519 0.173989 1.000000
0.397774 0.309900 0.150557 1.000000
0.125952 0.344464 0.173404 0.000000
0.247217 0.043937 0.149971 1.000000
0.014646 0.266549 0.122437 1.000000
0.073228 0.193907 0.160516 1.000000
0.159344 0.028705 0.131224 1.000000
0.214411 0.373755 0.148799 1.000000
0.089045 0.241359 0.158172 1.000000
0.309900 0.176919 0.181605 1.000000
0.015817 0.033978 0.125366 0.000000
0.010545 0.136497 0.121265 1.000000
0.304628 0.206210 0.190978 1.000000
0.064441 0.316930 0.138254 1.000000
0.135325 0.027534 0.138840 1.000000
0.131224 0.397188 0.000586 2.000000
0.149971 0.310486 0.176333 0.000000
0.335677 0.384300 0.128881 1.000000
0.015817 0.035735 0.130053 0.000000
0.299941 0.204452 0.189221 1.000000
0.021090 0.157001 0.128295 1.000000
0.318102 0.106620 0.172232 0.000000
0.022847 0.278852 0.101933 1.000000
0.214411 0.288811 0.187463 1.000000
0.020504 0.097832 0.129467 1.000000
0.320445 0.331576 0.160516 1.000000
0.059754 0.129467 0.145284 1.000000
0.268307 0.015231 0.131810 1.000000
0.148213 0.230228 0.189807 1.000000
0.225542 0.369654 0.144698 1.000000
0.389572 0.284710 0.722320 2.000000
0.189807 0.370826 0.145284 1.000000
0.022847 0.190978 0.007616 2.000000
0.202695 0.084944 0.158758 1.000000
0.144112 0.011716 0.026948 2.000000
0.381957 0.373755 1.000000 2.000000
0.187463 0.381371 0.153486 1.000000
0.025776 0.209725 0.132982 1.000000
0.039250 0.263035 0.132982 1.000000
0.356180 0.380199 0.138840 1.000000
0.027534 0.384886 0.002343 2.000000
0.124780 0.135911 0.169303 1.000000
0.291740 0.243702 0.196837 0.000000
0.308143 0.278266 0.478032 2.000000
0.380785 0.311072 0.922671 2.000000
0.033392 0.398360 0.004687 2.000000
0.211482 0.297598 0.178676 1.000000
0.087288 0.167545 0.155243 1.000000
0.159344 0.393087 0.003515 2.000000
0.236673 0.381957 0.154071 1.000000
0.164616 0.365554 0.148213 1.000000
0.259520 0.301113 0.441125 2.000000
0.374927 0.028705 0.140598 0.000000
0.144112 0.011716 0.026948 2.000000
0.008787 0.038664 0.135911 0.000000
0.349736 0.079086 0.157001 0.000000
0.159930 0.171060 0.188049 0.000000
0.313415 0.170475 0.184534 1.000000
0.051552 0.263620 0.132982 1.000000
0.367897 0.042179 0.141769 0.000000
0.304628 0.206210 0.190978 1.000000
0.259520 0.301113 0.441125 2.000000
0.280609 0.151142 0.186878 1.000000
0.369069 0.143527 0.152900 1.000000
0.347393 0.098418 0.163445 1.000000
0.019918 0.177504 0.121265 1.000000
0.120094 0.052724 0.143527 1.000000
0.213825 0.083773 0.172232 1.000000
0.205624 0.365554 0.158758 1.000000
0.216169 0.325132 0.167545 1.000000
0.246632 0.074985 0.165788 1.000000
0.168717 0.237844 0.188635 0.000000
0.117750 0.387229 0.653779 2.000000
0.059754 0.178090 0.151728 1.000000
0.299356 0.327475 0.175747 1.000000
0.073228 0.224956 0.145870 1.000000
0.312830 0.246632 0.173989 1.000000
0.091388 0.233743 0.149971 1.000000
0.308143 0.005272 0.128881 1.000000
0.042765 0.182191 0.130053 1.000000
0.220855 0.198008 0.214411 0.000000
0.171646 0.305214 0.180434 1.000000
0.183363 0.294083 0.192736 1.000000
0.067955 0.275337 0.139426 1.000000
0.244288 0.265964 0.191564 1.000000
0.393087 0.277680 0.146456 1.000000
0.384300 0.375513 0.099004 2.000000
0.101347 0.332748 0.152314 0.000000
0.142941 0.105448 0.166960 0.000000
0.192150 0.187463 0.203866 0.000000
0.100176 0.355009 0.157586 0.000000
0.158758 0.301113 0.183948 0.000000
0.000586 0.096075 0.000586 2.000000
0.380199 0.190392 0.151728 1.000000
0.233743 0.151728 0.190978 1.000000
0.295255 0.007616 0.122437 1.000000
0.212068 0.124194 0.178676 1.000000
0.374927 0.028705 0.140598 0.000000
0.233743 0.031634 0.140598 1.000000
0.067955 0.158758 0.145284 1.000000
0.083773 0.246046 0.149385 1.000000
0.259520 0.301113 0.441125 2.000000
0.297012 0.000586 0.128881 1.000000
0.335677 0.384300 0.128881 1.000000
0.326889 0.069127 0.159930 0.000000
0.304628 0.206210 0.190978 1.000000
0.069127 0.348565 0.152314 0.000000
0.261863 0.343292 0.163445 1.000000
0.354423 0.083773 0.157586 0.000000
0.369654 0.321031 0.147042 1.000000
0.187463 0.123609 0.178676 1.000000
0.152900 0.013474 0.122437 1.000000
0.039250 0.263035 0.132982 1.000000
0.380199 0.190392 0.151728 1.000000
0.263035 0.347979 0.157001 1.000000
0.134153 0.113650 0.172818 0.000000
0.050381 0.308143 0.147042 1.000000
0.021675 0.272408 0.113064 1.000000
0.038664 0.364382 0.135325 0.000000
0.386643 0.365554 0.104277 2.000000
0.388401 0.247803 0.148213 1.000000
0.347979 0.273579 0.168717 1.000000
0.083773 0.246046 0.149385 1.000000
0.121851 0.090803 0.154071 0.000000
0.231986 0.032806 0.142355 1.000000
0.125366 0.118336 0.168717 0.000000
0.345636 0.383714 0.113650 1.000000
0.373169 0.369654 0.145870 1.000000
0.025190 0.382542 0.005272 2.000000
0.259520 0.301113 0.441125 2.000000
0.313415 0.122437 0.180434 0.000000
0.178676 0.191564 0.193322 0.000000
0.104862 0.163445 0.158758 1.000000
0.077329 0.120094 0.152314 1.000000
0.049795 0.287639 0.135911 1.000000
0.275337 0.033978 0.138254 1.000000
0.070885 0.076743 0.148213 0.000000
0.040422 0.031049 0.131810 0.000000
0.152900 0.339777 0.164030 1.000000
0.311072 0.154071 0.180434 1.000000
0.308143 0.005272 0.128881 1.000000
0.299941 0.204452 0.189221 1.000000
0.223199 0.160516 0.197422 1.000000
0.159344 0.292912 0.180434 0.000000
0.339777 0.303456 0.172232 0.000000
0.192150 0.187463 0.203866 0.000000
0.214411 0.288811 0.187463 1.000000
0.186878 0.206796 0.207381 0.000000
0.244288 0.265964 0.191564 1.000000
0.216169 0.325132 0.167545 1.000000
0.142941 0.356180 0.163445 1.000000
0.159344 0.028705 0.131224 1.000000
0.335677 0.384300 0.128881 1.000000
0.196837 0.071470 0.158758 1.000000
0.137083 0.012888 0.127709 1.000000
0.032220 0.346221 0.130053 1.000000
0.295255 0.007616 0.122437 1.000000
0.162859 0.124194 0.183948 0.000000
0.213240 0.249561 0.205038 0.000000
0.261863 0.254247 0.199180 0.000000
0.056825 0.253076 0.132982 1.000000
0.160516 0.194493 0.183948 1.000000
0.277680 0.289397 0.190392 1.000000
0.186878 0.206796 0.207381 0.000000
0.260691 0.210310 0.200351 1.000000
0.300527 0.305214 0.178090 1.000000
0.150557 0.036907 0.140012 1.000000
0.356180 0.380199 0.138840 1.000000
0.125952 0.344464 0.173404 0.000000
0.137083 0.391330 0.725835 2.000000
0.246046 0.087873 0.164030 1.000000
0.168131 0.288811 0.192736 0.000000
0.178676 0.191564 0.193322 0.000000
0.236673 0.381957 0.154071 1.000000
0.125952 0.344464 0.173404 0.000000
0.325132 0.186878 0.166374 1.000000
0.010545 0.115993 0.118336 1.000000
0.066198 0.231400 0.148213 1.000000
0.158758 0.301113 0.183948 0.000000
0.327475 0.353251 0.398946 2.000000
0.261863 0.254247 0.199180 0.000000
0.092560 0.042765 0.132982 1.000000
0.203866 0.077329 0.152900 1.000000
0.251318 0.165202 0.197422 0.000000
0.014646 0.266549 0.122437 1.000000
0.154071 0.027534 0.140012 1.000000
0.338020 0.287639 0.179262 0.000000
0.123609 0.233743 0.167545 1.000000
0.333333 0.355595 0.401875 2.000000
0.283538 0.128295 0.180434 0.000000
0.317516 0.318102 0.164616 1.000000
0.370240 0.274751 0.154657 1.000000
0.247217 0.150557 0.192150 0.000000
0.139426 0.332162 0.164616 0.000000
0.097247 0.074985 0.150557 0.000000
0.059168 0.103105 0.152900 1.000000
0.353251 0.001172 0.134739 0.000000
0.063269 0.376098 0.140598 0.000000
0.091388 0.233743 0.149971 1.000000
0.106620 0.349151 0.157001 0.000000
0.054482 0.230228 0.146456 1.000000
0.100176 0.140598 0.159344 1.000000
0.246046 0.087873 0.164030 1.000000
0.330990 0.024605 0.141769 1.000000
0.313415 0.170475 0.184534 1.000000
0.039250 0.263035 0.132982 1.000000
0.168131 0.100176 0.165788 1.000000
0.370826 0.278266 0.158172 1.000000
0.374927 0.168717 0.154071 1.000000
0.052724 0.366725 0.138254 0.000000
0.211482 0.172818 0.201523 0.000000
0.204452 0.393087 0.673697 2.000000
0.039836 0.062097 0.130639 1.000000
0.260691 0.210310 0.200351 1.000000
0.186292 0.247803 0.204452 0.000000
0.300527 0.305214 0.178090 1.000000
0.100176 0.140598 0.159344 1.000000
0.021090 0.157001 0.128295 1.000000
0.186292 0.227299 0.204452 0.000000
0.349151 0.129467 0.161101 1.000000
0.085530 0.042765 0.134739 1.000000
0.217926 0.008787 0.129467 1.000000
0.000586 0.096075 0.000586 2.000000
0.156415 0.124194 0.176333 1.000000
0.266549 0.384886 0.608084 2.000000
0.059754 0.129467 0.145284 1.000000
0.347393 0.098418 0.163445 1.000000
0.062683 0.387815 0.008202 2.000000
0.037493 0.152314 0.136497 1.000000
0.021090 0.157001 0.128295 1.000000
0.327475 0.353251 0.398946 2.000000
0.353251 0.001172 0.134739 0.000000
0.229643 0.391916 0.001757 2.000000
0.137083 0.012888 0.127709 1.000000
0.193907 0.272994 0.194493 1.000000
0.333333 0.355595 0.401875 2.000000
0.069127 0.348565 0.152314 0.000000
0.164030 0.094318 0.160516 1.000000
0.094903 0.219098 0.167545 1.000000
0.106620 0.349151 0.157001 0.000000
0.259520 0.301113 0.441125 2.000000
0.233158 0.301113 0.183363 1.000000
0.309900 0.176919 0.181605 1.000000
0.059754 0.178090 0.151728 1.000000
0.164616 0.356180 0.158758 1.000000
0.201523 0.310486 0.177504 1.000000
0.287053 0.270650 0.188049 0.000000
0.352080 0.046280 0.144698 0.000000
0.025776 0.296426 0.004687 2.000000
0.245460 0.175747 0.207967 0.000000
0.173989 0.384886 0.000000 2.000000
0.347393 0.098418 0.163445 1.000000
0.171646 0.305214 0.180434 1.000000
0.246632 0.074985 0.165788 1.000000
0.097247 0.074985 0.150557 0.000000
0.322203 0.201523 0.175747 1.000000
0.123609 0.233743 0.167545 1.000000
0.382542 0.293497 0.147042 1.000000
0.265964 0.159930 0.203866 1.000000
0.316344 0.305214 0.168717 0.000000
0.050381 0.189221 0.140012 1.000000
0.325718 0.065026 0.152900 0.000000
0.328061 0.198594 0.174575 1.000000
0.214411 0.372583 0.004101 2.000000
0.052724 0.203281 0.134739 1.000000
0.073228 0.167545 0.156415 1.000000
0.168131 0.288811 0.192736 0.000000
0.325718 0.171060 0.169303 1.000000
0.273579 0.195665 0.200351 1.000000
0.106620 0.349151 0.157001 0.000000
0.158758 0.301113 0.183948 0.000000
0.264792 0.151142 0.202109 0.000000
0.035735 0.176919 0.127124 1.000000
0.289397 0.348565 0.408905 2.000000
0.259520 0.256591 0.193907 0.000000
0.035149 0.280023 0.011131 2.000000
0.183948 0.035735 0.142355 1.000000
0.164616 0.281195 0.193322 0.000000
0.202695 0.360281 0.161687 1.000000
0.024019 0.174575 0.002343 2.000000
0.073228 0.224956 0.145870 1.000000
0.211482 0.297598 0.178676 1.000000
0.149971 0.310486 0.176333 0.000000
0.358524 0.082601 0.153486 1.000000
0.025776 0.196837 0.124780 1.000000
0.384886 0.373169 0.132396 1.000000
0.380785 0.318688 0.152900 1.000000
0.316344 0.305214 0.168717 0.000000
0.059754 0.129467 0.145284 1.000000
0.177504 0.216169 0.202695 0.000000
0.139426 0.209139 0.176333 1.000000
0.287053 0.270650 0.188049 0.000000
0.137083 0.285296 0.172232 1.000000
0.367897 0.042179 0.141769 0.000000
0.339192 0.351494 0.149385 1.000000
0.357352 0.175161 0.158758 1.000000
0.373169 0.369654 0.145870 1.000000
0.202695 0.084944 0.158758 1.000000
0.385472 0.154657 0.146456 1.000000
0.380199 0.299356 0.919156 2.000000
0.296426 0.069713 0.155829 1.000000
0.186292 0.227299 0.204452 0.000000
0.328061 0.198594 0.174575 1.000000
0.313415 0.170475 0.184534 1.000000
0.236087 0.381371 0.141183 1.000000
0.168717 0.237844 0.188635 0.000000
0.022847 0.278852 0.101933 1.000000
0.349151 0.067955 0.149971 0.000000
0.239016 0.056239 0.148213 1.000000
0.090803 0.021675 0.130053 1.000000
0.190978 0.216755 0.201523 0.000000
0.349736 0.352080 0.392501 2.000000
0.087873 0.353251 0.151142 0.000000
0.371998 0.000586 0.134153 0.000000
0.183948 0.035735 0.142355 1.000000
0.263035 0.240187 0.209139 0.000000
0.083773 0.246046 0.149385 1.000000
0.382542 0.277680 0.157001 1.000000
0.322203 0.026948 0.135911 1.000000
0.159344 0.393087 0.003515 2.000000
0.220855 0.198008 0.214411 0.000000
0.205038 0.192736 0.210896 0.000000
0.251318 0.165202 0.197422 0.000000
0.285882 0.388401 0.004101 2.000000
0.380785 0.324546 0.902753 2.000000
0.046866 0.241945 0.138840 1.000000
0.370826 0.278266 0.158172 1.000000
0.113650 0.248389 0.167545 1.000000
0.022847 0.278852 0.101933 1.000000
0.069127 0.348565 0.152314 0.000000
0.097832 0.024019 0.131810 1.000000
0.360867 0.129467 0.147042 1.000000
0.021675 0.272408 0.113064 1.000000
0.033978 0.318102 0.124194 1.000000
0.135911 0.225542 0.181605 1.000000
0.156415 0.124194 0.176333 1.000000
0.177504 0.216169 0.202695 0.000000
0.231986 0.059754 0.148213 1.000000
0.224370 0.185120 0.216755 0.000000
0.241359 0.113064 0.179262 1.000000
0.317516 0.000000 0.127709 1.000000
0.183948 0.035735 0.142355 1.000000
0.262449 0.213240 0.207381 1.000000
0.023433 0.367897 0.002929 2.000000
0.317516 0.000000 0.127709 1.000000
0.125366 0.118336 0.168717 0.000000
0.336848 0.127124 0.157001 1.000000
0.355009 0.377856 0.099590 1.000000
0.311658 0.103105 0.167545 0.000000
0.317516 0.318102 0.164616 1.000000
0.149971 0.310486 0.176333 0.000000
0.115407 0.277680 0.158758 1.000000
0.097247 0.074985 0.150557 0.000000
0.327475 0.353251 0.398946 2.000000
0.046280 0.078500 0.132982 1.000000
0.335677 0.384300 0.128881 1.000000
0.133568 0.314587 0.167545 0.000000
0.045694 0.193322 0.140012 1.000000
0.187463 0.381371 0.153486 1.000000
0.062683 0.076157 0.143527 1.000000
0.362039 0.356766 0.160516 0.000000
0.124194 0.302285 0.175161 0.000000
0.275337 0.033978 0.138254 1.000000
0.162859 0.315173 0.182777 1.000000
0.091388 0.233743 0.149971 1.000000
0.055067 0.272408 0.140012 1.000000
0.356766 0.141183 0.157586 1.000000
0.361453 0.207967 0.158758 1.000000
0.378442 0.266549 0.155829 1.000000
0.026948 0.252490 0.134153 1.000000
0.239016 0.272994 0.423550 2.000000
0.033392 0.366725 0.127124 0.000000
0.155243 0.213825 0.188049 1.000000
0.273579 0.195665 0.200351 1.000000
0.100176 0.355009 0.157586 0.000000
0.393087 0.323960 0.899824 2.000000
0.374927 0.236087 0.146456 1.000000
0.045108 0.080258 0.142355 1.000000
0.039836 0.291154 0.134739 1.000000
0.178676 0.191564 0.193322 0.000000
0.246046 0.087873 0.164030 1.000000
0.306971 0.053896 0.145284 1.000000
0.378442 0.266549 0.155829 1.000000
0.158172 0.289982 0.176919 0.000000
0.168131 0.288811 0.192736 0.000000
0.165788 0.355009 0.162273 1.000000
0.236087 0.381371 0.141183 1.000000
0.301699 0.319859 0.412419 2.000000
0.241359 0.113064 0.179262 1.000000
0.177504 0.309900 0.173404 1.000000
0.389572 0.208553 0.155829 1.000000
0.056825 0.253076 0.132982 1.000000
0.266549 0.159344 0.194493 1.000000
0.094903 0.219098 0.167545 1.000000
0.214411 0.373755 0.148799 1.000000
0.035149 0.280023 0.011131 2.000000
0.230814 0.275923 0.198594 1.000000
0.003515 0.104277 0.121851 1.000000
0.355595 0.295255 0.158172 1.000000
0.178676 0.192150 0.195079 0.000000
0.064441 0.316930 0.138254 1.000000
0.190978 0.216755 0.201523 0.000000
0.354423 0.083773 0.157586 0.000000
0.261277 0.055653 0.156415 1.000000
0.113650 0.248389 0.167545 1.000000
0.358524 0.082601 0.153486 1.000000
0.385472 0.154657 0.146456 1.000000
0.038664 0.364382 0.135325 0.000000
0.357352 0.175161 0.158758 1.000000
0.046280 0.078500 0.132982 1.000000
0.309900 0.176919 0.181605 1.000000
0.239016 0.346221 0.165788 1.000000
0.113650 0.248389 0.167545 1.000000
0.125366 0.118336 0.168717 0.000000
0.033978 0.307557 0.136497 1.000000
0.311658 0.103105 0.167545 0.000000
0.202695 0.084944 0.158758 1.000000
0.160516 0.194493 0.183948 1.000000
0.266549 0.159344 0.194493 1.000000
0.021675 0.272408 0.113064 1.000000
0.225542 0.369654 0.144698 1.000000
0.373169 0.369654 0.145870 1.000000
0.087288 0.167545 0.155243 1.000000
0.373169 0.369654 0.145870 1.000000
0.156415 0.124194 0.176333 1.000000
0.367897 0.042179 0.141769 0.000000
0.177504 0.309900 0.173404 1.000000
0.033978 0.318102 0.124194 1.000000
0.159930 0.171060 0.188049 0.000000
0.320445 0.331576 0.160516 1.000000
0.212068 0.124194 0.178676 1.000000
0.244288 0.265964 0.191564 1.000000
0.186878 0.206796 0.207381 0.000000
0.054482 0.230228 0.146456 1.000000
0.381957 0.373755 1.000000 2.000000
0.183363 0.073228 0.156415 1.000000
0.016989 0.087288 0.124194 1.000000
0.196837 0.071470 0.158758 1.000000
0.325718 0.065026 0.152900 0.000000
0.239016 0.346221 0.165788 1.000000
0.090803 0.137668 0.151728 1.000000
0.376098 0.354423 0.988284 2.000000
0.355009 0.377856 0.099590 1.000000
0.205624 0.092560 0.167545 1.000000
0.360867 0.280609 0.168131 1.000000
0.173404 0.384300 0.145870 1.000000
0.091974 0.103691 0.164616 0.000000
0.072642 0.112478 0.154071 1.000000
0.291154 0.359695 0.143527 1.000000
0.248975 0.046866 0.142941 1.000000
0.173404 0.384300 0.145870 1.000000
0.083773 0.246046 0.149385 1.000000
0.033978 0.307557 0.136497 1.000000
0.025776 0.196837 0.124780 1.000000
0.246046 0.087873 0.164030 1.000000
0.158172 0.289982 0.176919 0.000000
0.133568 0.114235 0.171646 0.000000
0.339777 0.303456 0.172232 0.000000
0.381957 0.380785 0.547159 2.000000
0.010545 0.115993 0.118336 1.000000
0.010545 0.136497 0.121265 1.000000
0.229057 0.319859 0.171646 1.000000
0.157001 0.191564 0.195079 1.000000
0.366139 0.285296 0.930287 2.000000
0.066198 0.231400 0.148213 1.000000
0.289982 0.359110 0.156415 1.000000
0.258348 0.329818 0.409490 2.000000
0.128881 0.329818 0.169303 0.000000
0.306385 0.028705 0.147042 1.000000
0.190978 0.216755 0.201523 0.000000
0.380785 0.324546 0.902753 2.000000
0.039836 0.350908 0.004687 2.000000
0.198008 0.277680 0.194493 1.000000
0.133568 0.314587 0.167545 0.000000
0.151728 0.342707 0.165788 1.000000
0.389572 0.284710 0.722320 2.000000
0.246046 0.087873 0.164030 1.000000
0.059754 0.178090 0.151728 1.000000
0.121851 0.090803 0.154071 0.000000
0.166374 0.236673 0.199766 0.000000
0.054482 0.352080 0.133568 0.000000
0.035735 0.294083 0.137083 1.000000
0.236087 0.381371 0.141183 1.000000
0.138254 0.387229 0.009373 2.000000
0.155243 0.213825 0.188049 1.000000
0.325132 0.186878 0.166374 1.000000
0.022847 0.278852 0.101933 1.000000
0.386643 0.365554 0.104277 2.000000
0.077329 0.084359 0.152900 0.000000
0.205624 0.092560 0.167545 1.000000
0.291740 0.264206 0.192150 0.000000
0.035735 0.294083 0.137083 1.000000
0.295255 0.185706 0.189221 1.000000
0.296426 0.069713 0.155829 1.000000
0.247217 0.150557 0.192150 0.000000
0.083187 0.159930 0.154657 1.000000
0.389572 0.379028 0.109549 0.000000
0.285882 0.388401 0.004101 2.000000
0.124780 0.135911 0.169303 1.000000
0.349736 0.079086 0.157001 0.000000
0.076157 0.270650 0.155243 1.000000
0.019918 0.177504 0.121265 1.000000
0.164616 0.281195 0.193322 0.000000
0.285296 0.315173 0.418278 2.000000
0.198594 0.080258 0.160516 1.000000
0.162859 0.124194 0.183948 0.000000
0.327475 0.353251 0.398946 2.000000
0.168131 0.288811 0.192736 0.000000
0.067955 0.275337 0.139426 1.000000
0.261277 0.055653 0.156415 1.000000
0.333333 0.272994 0.171060 0.000000
0.100176 0.303456 0.154071 1.000000
0.020504 0.097832 0.129467 1.000000
0.098418 0.154657 0.161101 1.000000
0.020504 0.057411 0.130053 1.000000
0.087288 0.167545 0.155243 1.000000
0.159344 0.028705 0.131224 1.000000
0.390158 0.305214 0.909783 2.000000
0.190392 0.177504 0.200937 0.000000
0.338020 0.287639 0.179262 0.000000
0.187463 0.381371 0.153486 1.000000
0.124780 0.146456 0.171646 1.000000
0.076157 0.300527 0.147042 1.000000
0.021675 0.272408 0.113064 1.000000
0.230814 0.275923 0.198594 1.000000
0.115407 0.381371 0.658465 2.000000
0.123609 0.233743 0.167545 1.000000
0.230228 0.258934 0.203281 1.000000
0.327475 0.353251 0.398946 2.000000
0.173989 0.384886 0.000000 2.000000
0.353251 0.001172 0.134739 0.000000
0.186878 0.206796 0.207381 0.000000
0.126538 0.213825 0.166960 1.000000
0.173989 0.384886 0.000000 2.000000
0.020504 0.057411 0.130053 1.000000
0.283538 0.128295 0.180434 0.000000
0.312830 0.246632 0.173989 1.000000
0.108377 0.154657 0.175161 1.000000
0.059754 0.034564 0.131810 0.000000
0.220855 0.198008 0.214411 0.000000
0.350908 0.253076 0.162273 1.000000
0.140598 0.246632 0.183363 1.000000
0.309900 0.215583 0.186292 1.000000
0.183363 0.073228 0.156415 1.000000
0.287053 0.309315 0.412419 2.000000
0.390158 0.254833 0.141183 1.000000
0.325132 0.186878 0.166374 1.000000
0.236673 0.381957 0.154071 1.000000
0.322789 0.341535 0.416520 2.000000
0.386643 0.190978 0.140012 1.000000
0.021675 0.272408 0.113064 1.000000
0.323374 0.096661 0.165202 0.000000
0.370240 0.274751 0.154657 1.000000
0.134153 0.113650 0.172818 0.000000
0.301113 0.089631 0.165788 0.000000
0.205038 0.099590 0.174575 1.000000
0.336848 0.216755 0.171646 1.000000
0.042765 0.182191 0.130053 1.000000
0.073228 0.193907 0.160516 1.000000
0.327475 0.353251 0.398946 2.000000
0.159344 0.292912 0.180434 0.000000
0.331576 0.067370 0.159344 0.000000
0.281781 0.370826 0.016403 2.000000
0.275337 0.033978 0.138254 1.000000
0.054482 0.352080 0.133568 0.000000
0.167545 0.380199 0.149385 1.000000
0.082015 0.284124 0.162273 1.000000
0.350908 0.253076 0.162273 1.000000
0.226128 0.186292 0.216755 0.000000
0.148213 0.298770 0.181605 0.000000
0.203866 0.077329 0.152900 1.000000
0.032220 0.346221 0.130053 1.000000
0.283538 0.128295 0.180434 0.000000
0.022847 0.278852 0.101933 1.000000
0.230814 0.275923 0.198594 1.000000
0.173404 0.384300 0.145870 1.000000
0.342707 0.072642 0.158172 0.000000
0.389572 0.379028 0.109549 0.000000
0.183363 0.078500 0.152314 1.000000
0.304628 0.286467 0.188635 0.000000
0.224370 0.185120 0.216755 0.000000
0.265378 0.231400 0.207381 0.000000
0.291740 0.243702 0.196837 0.000000
0.361453 0.342121 0.151142 0.000000
0.015817 0.035735 0.130053 0.000000
0.280609 0.151142 0.186878 1.000000
0.010545 0.115993 0.118336 1.000000
0.085530 0.019918 0.122437 1.000000
0.203281 0.073814 0.158758 1.000000
0.171646 0.108377 0.168717 1.000000
0.386643 0.190978 0.140012 1.000000
0.100176 0.303456 0.154071 1.000000
0.382542 0.293497 0.147042 1.000000
0.091974 0.103691 0.164616 0.000000
0.308143 0.278266 0.478032 2.000000
0.286467 0.341535 0.431166 2.000000
0.299356 0.327475 0.175747 1.000000
0.133568 0.314587 0.167545 0.000000
0.216169 0.325132 0.167545 1.000000
0.080258 0.058582 0.138840 0.000000
0.116579 0.035735 0.128295 1.000000
0.059754 0.205624 0.144112 1.000000
0.272408 0.086702 0.164030 1.000000
0.045694 0.155243 0.140012 1.000000
0.264792 0.151142 0.202109 0.000000
0.342707 0.072642 0.158172 0.000000
0.174575 0.396016 0.001757 2.000000
0.391916 0.263035 0.141183 1.000000
0.229057 0.150557 0.190392 1.000000
0.159344 0.028705 0.131224 1.000000
0.233158 0.301113 0.183363 1.000000
0.369069 0.143527 0.152900 1.000000
0.272994 0.331576 0.166960 1.000000
0.291740 0.264206 0.192150 0.000000
0.038079 0.367897 0.115407 1.000000
0.201523 0.310486 0.177504 1.000000
0.315759 0.246632 0.182777 1.000000
0.052724 0.203281 0.134739 1.000000
0.279438 0.023433 0.135325 1.000000
0.032806 0.098418 0.132982 1.000000
0.248975 0.046866 0.142941 1.000000
0.159930 0.171060 0.188049 0.000000
0.266549 0.180434 0.200937 1.000000
0.326889 0.069127 0.159930 0.000000
0.171646 0.305214 0.180434 1.000000
0.159344 0.292912 0.180434 0.000000
0.059168 0.103105 0.152900 1.000000
0.273579 0.284124 0.183948 1.000000
0.313415 0.170475 0.184534 1.000000
0.054482 0.230228 0.146456 1.000000
0.233743 0.031634 0.140598 1.000000
0.137083 0.391330 0.725835 2.000000
0.132982 0.121265 0.168131 0.000000
0.273579 0.284124 0.183948 1.000000
0.297012 0.000586 0.128881 1.000000
0.085530 0.325718 0.149385 1.000000
0.140598 0.246632 0.183363 1.000000
0.115407 0.033978 0.135911 1.000000
0.157001 0.191564 0.195079 1.000000
0.338020 0.287639 0.179262 0.000000
0.301113 0.089631 0.165788 0.000000
0.160516 0.384886 0.002929 2.000000
0.059754 0.141769 0.152900 1.000000
0.124780 0.146456 0.171646 1.000000
0.159930 0.171060 0.188049 0.000000
0.187463 0.381371 0.153486 1.000000
0.032806 0.098418 0.132982 1.000000
0.148213 0.209139 0.176919 1.000000
0.087873 0.353251 0.151142 0.000000
0.073228 0.193907 0.160516 1.000000
0.175747 0.132396 0.183363 1.000000
0.038079 0.367897 0.115407 1.000000
0.349736 0.079086 0.157001 0.000000
0.090803 0.137668 0.151728 1.000000
0.070885 0.076743 0.148213 0.000000
