0.769174 0.105457 0.129056 1.000000
0.235497 0.774336 0.114798 1.000000
0.122173 0.537856 0.115044 1.000000
0.320059 0.615536 0.135202 1.000000
0.860865 0.186332 0.135693 1.000000
0.526549 0.516224 0.120944 1.000000
0.479105 0.528761 0.125369 1.000000
0.455506 0.276794 0.113324 1.000000
0.638889 0.444936 0.118977 1.000000
0.704031 0.098574 0.118732 1.000000
0.263520 0.628564 0.139872 1.000000
0.468781 0.304818 0.122911 1.000000
0.705752 0.240167 0.144543 0.000000
0.235497 0.774336 0.114798 1.000000
0.889626 0.057276 0.135447 1.000000
0.734267 0.419617 0.111357 1.000000
0.147493 0.706490 0.139381 1.000000
0.200098 0.663471 0.139626 1.000000
0.341445 0.490905 0.138151 1.000000
0.601770 0.195919 0.118977 1.000000
0.285152 0.582350 0.143559 0.000000
0.697640 0.259341 0.143559 0.000000
0.366028 0.472960 0.135202 1.000000
0.845379 0.025565 0.124631 1.000000
0.184120 0.735497 0.129056 1.000000
0.786873 0.231809 0.136677 1.000000
0.895280 0.116028 0.143068 1.000000
0.642576 0.501967 0.108899 1.000000
0.497788 0.358407 0.135939 1.000000
0.169617 0.454277 0.102753 1.000000
0.338250 0.536873 0.145526 0.000000
0.184366 0.834071 0.110619 1.000000
0.367011 0.603245 0.127581 1.000000
0.608161 0.178958 0.117748 1.000000
0.619961 0.291544 0.138889 1.000000
0.552360 0.250983 0.122911 1.000000
0.691003 0.301131 0.135693 1.000000
0.230580 0.553097 0.134218 1.000000
0.411259 0.471731 0.145034 0.000000
0.434120 0.383972 0.131514 1.000000
0.145280 0.618240 0.132743 1.000000
0.587512 0.272616 0.132498 1.000000
0.235988 0.789577 0.111357 1.000000
0.257620 0.601770 0.144051 0.000000
0.165683 0.627827 0.141101 1.000000
0.857915 0.172812 0.137168 1.000000
0.231318 0.524336 0.126598 1.000000
0.523353 0.425762 0.137660 1.000000
0.271141 0.509833 0.132743 1.000000
0.211898 0.780482 0.117748 1.000000
0.135693 0.755162 0.131514 1.000000
0.121190 0.624877 0.130039 1.000000
0.377581 0.346116 0.117011 1.000000
0.632498 0.159292 0.118486 1.000000
0.731563 0.073009 0.117502 1.000000
0.706490 0.398722 0.119469 1.000000
0.362586 0.403147 0.124140 1.000000
0.541298 0.573501 0.108407 1.000000
0.198378 0.755408 0.122911 1.000000
0.667896 0.358899 0.129794 1.000000
0.853982 0.218289 0.128564 1.000000
0.853982 0.218289 0.128564 1.000000
0.865536 0.036627 0.127827 1.000000
0.745821 0.199361 0.140364 1.000000
0.294494 0.503687 0.133481 1.000000
0.697886 0.170354 0.132006 1.000000
0.798181 0.038348 0.119961 1.000000
0.272616 0.403392 0.113324 1.000000
0.735742 0.260816 0.140610 1.000000
0.835546 0.178712 0.138889 1.000000
0.112094 0.598083 0.125860 1.000000
0.331613 0.397001 0.119223 1.000000
0.900442 0.260816 0.115044 1.000000
0.942970 0.194690 0.123894 1.000000
0.666912 0.279007 0.145526 0.000000
0.212389 0.601524 0.138643 1.000000
0.153147 0.542035 0.120452 1.000000
0.358407 0.650688 0.121681 1.000000
0.297935 0.682891 0.125860 1.000000
0.588496 0.214848 0.123648 1.000000
0.256637 0.474435 0.122419 1.000000
0.887168 0.292527 0.111111 1.000000
0.729351 0.233776 0.144051 0.000000
0.717797 0.120698 0.123156 1.000000
0.775811 0.165192 0.140364 1.000000
0.314405 0.408309 0.118486 1.000000
0.550147 0.510079 0.119223 1.000000
0.648476 0.182891 0.123402 1.000000
0.505408 0.365290 0.136922 1.000000
0.809489 0.269911 0.128319 1.000000
0.455506 0.276794 0.113324 1.000000
0.238692 0.547443 0.133972 1.000000
0.837266 0.250983 0.125369 1.000000
0.834317 0.219272 0.133235 1.000000
0.489430 0.226155 0.108653 1.000000
0.515487 0.308751 0.129056 1.000000
0.568830 0.458948 0.124877 1.000000
0.154130 0.675516 0.144789 0.000000
0.893068 0.306293 0.110128 1.000000
0.322763 0.436087 0.124631 1.000000
0.888397 0.091445 0.141839 1.000000
0.911013 0.286136 0.109636 1.000000
0.769666 0.151180 0.135202 1.000000
0.231563 0.821534 0.107178 1.000000
0.831121 0.004671 0.117011 1.000000
0.161504 0.757375 0.130777 1.000000
0.963127 0.172075 0.123156 1.000000
0.799410 0.215339 0.136677 1.000000
0.400442 0.339970 0.118486 1.000000
0.325959 0.450344 0.129548 1.000000
0.198623 0.439774 0.107915 1.000000
0.116273 0.507620 0.109145 1.000000
0.279253 0.540315 0.137168 1.000000
0.497050 0.410767 0.145526 0.000000
0.603245 0.254425 0.131268 1.000000
0.282694 0.777286 0.109882 1.000000
0.498525 0.477630 0.131760 1.000000
0.283186 0.409784 0.112340 1.000000
0.735251 0.341200 0.123402 1.000000
0.716077 0.309489 0.132743 1.000000
0.147493 0.706490 0.139381 1.000000
0.820305 0.165438 0.143314 1.000000
0.214602 0.615044 0.143559 1.000000
0.437561 0.584808 0.119469 1.000000
0.542527 0.441986 0.134710 1.000000
0.702557 0.197394 0.137168 1.000000
0.594641 0.423550 0.127827 1.000000
0.478614 0.571534 0.117994 1.000000
0.322763 0.436087 0.124631 1.000000
0.930187 0.226401 0.116765 1.000000
0.700590 0.304081 0.134464 1.000000
0.667896 0.358899 0.129794 1.000000
0.409538 0.518191 0.139381 1.000000
0.336775 0.566372 0.137414 1.000000
0.722960 0.208702 0.140855 1.000000
0.353982 0.347099 0.113569 1.000000
0.434366 0.465585 0.144297 0.000000
0.514749 0.190511 0.107670 1.000000
0.399951 0.508112 0.141839 1.000000
0.536873 0.242625 0.120698 1.000000
0.813913 0.257375 0.125615 1.000000
0.723697 0.102753 0.119469 1.000000
0.793510 0.144789 0.138151 1.000000
0.771386 0.089479 0.125615 1.000000
0.066372 0.640610 0.126352 1.000000
0.210914 0.429204 0.106441 1.000000
0.691740 0.257129 0.144543 0.000000
0.827188 0.236726 0.132006 1.000000
0.291298 0.414454 0.118977 1.000000
0.387906 0.655359 0.117502 1.000000
0.362094 0.530482 0.142822 1.000000
0.797443 0.073746 0.126106 1.000000
0.814651 0.198378 0.140610 1.000000
0.289823 0.549656 0.140364 1.000000
0.963618 0.200836 0.118977 1.000000
0.291298 0.414454 0.118977 1.000000
0.578417 0.374385 0.141593 1.000000
0.091691 0.717797 0.143068 1.000000
0.457965 0.406588 0.136431 1.000000
0.505654 0.221485 0.111603 1.000000
0.400442 0.339970 0.118486 1.000000
0.042281 0.647001 0.125615 1.000000
0.536873 0.377581 0.143559 0.000000
0.058997 0.685841 0.134218 1.000000
0.591445 0.457473 0.125860 1.000000
0.678958 0.389872 0.123402 1.000000
0.776549 0.380285 0.115536 1.000000
0.304326 0.504916 0.135939 1.000000
0.347837 0.699115 0.112832 1.000000
0.514749 0.190511 0.107670 1.000000
0.200098 0.663471 0.139626 1.000000
0.833088 0.263520 0.124140 1.000000
0.699853 0.109145 0.119469 1.000000
0.203540 0.468535 0.115782 1.000000
0.459440 0.504916 0.131268 1.000000
0.159538 0.719518 0.135693 1.000000
0.071534 0.593166 0.117257 1.000000
0.806047 0.351032 0.112832 1.000000
0.579646 0.260816 0.129302 1.000000
0.154621 0.659784 0.143314 1.000000
0.870452 0.037119 0.129302 1.000000
0.870206 0.312193 0.114307 1.000000
0.168879 0.784907 0.123402 1.000000
0.448132 0.466814 0.142330 0.000000
0.254916 0.546706 0.133727 1.000000
0.524582 0.518682 0.123156 1.000000
0.360619 0.360374 0.114798 1.000000
0.630777 0.352753 0.134956 1.000000
0.338496 0.409292 0.122419 1.000000
0.476155 0.358407 0.132743 1.000000
0.749754 0.140364 0.131268 1.000000
0.452802 0.537856 0.128073 1.000000
0.489184 0.255900 0.114798 1.000000
0.340708 0.667650 0.124877 1.000000
0.914208 0.128564 0.138397 1.000000
0.106686 0.672812 0.138889 1.000000
0.493609 0.270895 0.119223 1.000000
0.816126 0.006146 0.115782 1.000000
0.431662 0.541298 0.130777 1.000000
0.034907 0.574238 0.110374 1.000000
0.655113 0.396264 0.126352 1.000000
0.320796 0.676991 0.121681 1.000000
0.406342 0.383235 0.126844 1.000000
0.205752 0.707227 0.133727 1.000000
0.472468 0.617011 0.111849 1.000000
0.296214 0.397001 0.113815 1.000000
0.859390 0.080875 0.135939 1.000000
0.438545 0.358161 0.127089 1.000000
0.769912 0.192970 0.143068 1.000000
0.889626 0.057276 0.135447 1.000000
0.167404 0.483776 0.113078 1.000000
0.742380 0.247542 0.140364 1.000000
0.228859 0.810964 0.112832 1.000000
0.173550 0.711898 0.134956 1.000000
0.493609 0.270895 0.119223 1.000000
0.739184 0.303343 0.130531 1.000000
0.699853 0.214848 0.138151 1.000000
0.215585 0.641347 0.143805 0.000000
0.401426 0.295969 0.111849 1.000000
0.845379 0.025565 0.124631 1.000000
0.235988 0.789577 0.111357 1.000000
0.513029 0.249263 0.116765 1.000000
0.329400 0.749508 0.104720 1.000000
0.202065 0.647001 0.143314 1.000000
0.631268 0.402409 0.128564 1.000000
0.373156 0.571534 0.132498 1.000000
0.129794 0.548427 0.119223 1.000000
0.664946 0.388397 0.124877 1.000000
0.197394 0.705506 0.134464 1.000000
0.596362 0.297689 0.136185 1.000000
0.467060 0.232301 0.108407 1.000000
0.628319 0.305556 0.158309 2.000000
0.489184 0.255900 0.114798 1.000000
0.346608 0.429695 0.125615 1.000000
0.383481 0.612832 0.126106 1.000000
0.183137 0.742625 0.127827 1.000000
0.381023 0.508604 0.142085 0.000000
0.352999 0.706735 0.112340 1.000000
0.337512 0.627090 0.129548 1.000000
0.645034 0.485005 0.109636 1.000000
0.579154 0.517207 0.113815 1.000000
0.987463 0.183137 0.117748 1.000000
0.773353 0.133972 0.133727 1.000000
0.332350 0.327188 0.000000 2.000000
0.683137 0.404867 0.119961 1.000000
0.255654 0.517945 0.129794 1.000000
0.611357 0.327434 0.144543 0.000000
0.518928 0.579400 0.111111 1.000000
0.775811 0.165192 0.140364 1.000000
0.178466 0.653147 0.144543 1.000000
0.184366 0.834071 0.110619 1.000000
0.699853 0.214848 0.138151 1.000000
0.382743 0.615290 0.121927 1.000000
0.450590 0.321288 0.120452 1.000000
0.661259 0.367502 0.130285 1.000000
0.620206 0.493363 0.115782 1.000000
0.444936 0.311455 0.119223 1.000000
0.217060 0.656834 0.141101 1.000000
0.477630 0.545477 0.124631 1.000000
0.234759 0.679941 0.133972 1.000000
0.798918 0.054572 0.125369 1.000000
0.229351 0.566126 0.136922 1.000000
0.858161 0.212881 0.132743 1.000000
0.407080 0.289577 0.111849 1.000000
0.615536 0.446657 0.120944 1.000000
0.326942 0.583579 0.137906 1.000000
0.357178 0.389872 0.141839 1.000000
0.400688 0.479597 0.144297 0.000000
0.231318 0.524336 0.126598 1.000000
0.224189 0.522861 0.127581 1.000000
0.834317 0.268682 0.125123 1.000000
0.399951 0.508112 0.141839 1.000000
0.293265 0.680187 0.127089 1.000000
0.837758 0.192232 0.137660 1.000000
0.151917 0.767699 0.128564 1.000000
0.523353 0.425762 0.137660 1.000000
0.308997 0.575959 0.140118 1.000000
0.320796 0.676991 0.121681 1.000000
0.813176 0.184366 0.142330 1.000000
0.724926 0.327679 0.128564 1.000000
0.529253 0.358899 0.140364 1.000000
0.757620 0.335300 0.122419 1.000000
0.211160 0.686332 0.137168 1.000000
0.388151 0.478122 0.144297 1.000000
0.708456 0.439282 0.109390 1.000000
0.167404 0.654130 0.142822 1.000000
0.536873 0.377581 0.143559 0.000000
0.802114 0.323500 0.116519 1.000000
0.939774 0.178220 0.123894 1.000000
0.631514 0.216814 0.129548 1.000000
0.446411 0.252458 0.107670 1.000000
0.518928 0.579400 0.111111 1.000000
0.359882 0.712881 0.110374 1.000000
0.927483 0.238446 0.117011 1.000000
0.437807 0.245329 0.000983 2.000000
0.742380 0.247542 0.140364 1.000000
0.562684 0.252212 0.125615 1.000000
0.768682 0.323992 0.122911 1.000000
0.577679 0.382743 0.136922 1.000000
0.542527 0.441986 0.134710 1.000000
0.555556 0.553589 0.108653 1.000000
0.865536 0.097345 0.139626 1.000000
0.621190 0.491396 0.109636 1.000000
0.625860 0.361849 0.135693 1.000000
0.615044 0.451082 0.121436 1.000000
0.045723 0.659538 0.125369 1.000000
0.492380 0.298673 0.122911 1.000000
0.149459 0.718289 0.137168 1.000000
0.918142 0.212635 0.124140 1.000000
0.712144 0.375860 0.120944 1.000000
0.846853 0.311701 0.113078 1.000000
0.643314 0.285398 0.141101 1.000000
0.790560 0.190511 0.142085 0.000000
0.625860 0.189528 0.122911 1.000000
0.691740 0.257129 0.144543 0.000000
0.583333 0.415192 0.132252 1.000000
0.279499 0.463127 0.123894 1.000000
0.320059 0.390364 0.117011 1.000000
0.701327 0.334071 0.128319 1.000000
0.264012 0.759587 0.114307 1.000000
0.349066 0.444199 0.130285 1.000000
0.435103 0.642822 0.113324 1.000000
0.179695 0.475172 0.113815 1.000000
0.291298 0.414454 0.118977 1.000000
0.264012 0.759587 0.114307 1.000000
0.511554 0.434366 0.140118 1.000000
0.520649 0.352016 0.137168 1.000000
0.252704 0.559735 0.138643 1.000000
0.865536 0.290806 0.114798 1.000000
0.279253 0.540315 0.137168 1.000000
0.802114 0.323500 0.116519 1.000000
0.362586 0.403147 0.124140 1.000000
0.335054 0.583088 0.142085 1.000000
0.346608 0.429695 0.125615 1.000000
0.265487 0.385447 0.109882 1.000000
0.953540 0.220256 0.115044 1.000000
0.204523 0.833333 0.110619 1.000000
0.831121 0.004671 0.117011 1.000000
0.482547 0.498771 0.130039 1.000000
0.209440 0.744592 0.126106 1.000000
0.286627 0.595870 0.139872 1.000000
0.335054 0.656834 0.122173 1.000000
0.419125 0.559489 0.128073 1.000000
0.564405 0.161013 0.110128 1.000000
0.429204 0.376844 0.129794 1.000000
0.643805 0.487217 0.110865 1.000000
0.069076 0.549410 0.109390 1.000000
0.433137 0.511799 0.137414 1.000000
0.042281 0.647001 0.125615 1.000000
0.611111 0.265978 0.135447 1.000000
0.312930 0.572763 0.141101 1.000000
0.617502 0.417404 0.127335 1.000000
0.516962 0.264749 0.121927 1.000000
0.242380 0.434857 0.112094 1.000000
0.618486 0.462881 0.118732 1.000000
0.359882 0.712881 0.110374 1.000000
0.772616 0.122173 0.130531 1.000000
0.626106 0.189036 0.121927 1.000000
0.767207 0.269420 0.130777 1.000000
0.241396 0.681662 0.132006 1.000000
0.391101 0.522861 0.138397 1.000000
0.810472 0.225664 0.134464 1.000000
0.916421 0.184366 0.125615 1.000000
0.424041 0.501721 0.139626 1.000000
0.505162 0.492625 0.129794 1.000000
0.249017 0.634710 0.136922 1.000000
0.520649 0.352016 0.137168 1.000000
0.668633 0.478614 0.109145 1.000000
0.548427 0.569322 0.109390 1.000000
0.401426 0.635693 0.122173 1.000000
0.306047 0.661013 0.125860 1.000000
0.449361 0.423304 0.141593 1.000000
0.720747 0.281711 0.135939 1.000000
0.308260 0.365044 0.110619 1.000000
0.352507 0.492380 0.139135 1.000000
0.645526 0.364798 0.132252 1.000000
0.678958 0.159538 0.126352 1.000000
0.155851 0.481809 0.109882 1.000000
0.242380 0.434857 0.112094 1.000000
0.094395 0.673550 0.135693 1.000000
0.259341 0.416175 0.113815 1.000000
0.662734 0.438545 0.117257 1.000000
0.453786 0.551868 0.126352 1.000000
0.336283 0.625369 0.131760 1.000000
0.509587 0.338741 0.133727 1.000000
0.011554 0.611357 0.114553 1.000000
0.869715 0.196657 0.129548 1.000000
0.195674 0.518191 0.122911 1.000000
0.942970 0.194690 0.123894 1.000000
0.682153 0.246559 0.142822 1.000000
0.666912 0.279007 0.145526 0.000000
0.207227 0.530728 0.124877 1.000000
0.671091 0.176745 0.126352 1.000000
0.571780 0.429695 0.130531 1.000000
0.758112 0.413225 0.109145 1.000000
0.746313 0.111603 0.125369 1.000000
0.117257 0.536136 0.114307 1.000000
0.757620 0.335300 0.122419 1.000000
0.597591 0.497542 0.114553 1.000000
0.583825 0.365290 0.138643 1.000000
0.461406 0.578417 0.117994 1.000000
0.481809 0.371436 0.136185 1.000000
0.578909 0.547443 0.106932 1.000000
0.867502 0.055064 0.130777 1.000000
0.269174 0.686578 0.128073 1.000000
0.225172 0.416421 0.108407 1.000000
0.149459 0.718289 0.137168 1.000000
0.678466 0.309980 0.137168 1.000000
0.584562 0.185349 0.117257 1.000000
0.045723 0.659538 0.125369 1.000000
0.455506 0.335054 0.123402 1.000000
0.699853 0.214848 0.138151 1.000000
0.485742 0.345133 0.132006 1.000000
0.583825 0.365290 0.138643 1.000000
0.576696 0.244346 0.126844 1.000000
0.769666 0.151180 0.135202 1.000000
0.168142 0.582104 0.129302 1.000000
0.563668 0.279007 0.130285 1.000000
0.375860 0.684612 0.114553 1.000000
0.704031 0.098574 0.118732 1.000000
0.798673 0.358161 0.112586 1.000000
0.600295 0.376598 0.136677 1.000000
0.818584 0.303097 0.118486 1.000000
0.034907 0.574238 0.110374 1.000000
0.214848 0.554081 0.130777 1.000000
0.141347 0.529744 0.114798 1.000000
0.367502 0.377581 0.120698 1.000000
0.729351 0.233776 0.144051 0.000000
0.314651 0.415683 0.119715 1.000000
0.676008 0.115782 0.115044 1.000000
0.685841 0.399705 0.119715 1.000000
0.913717 0.140610 0.134956 1.000000
0.109636 0.585300 0.129056 1.000000
0.011062 0.580629 0.109145 1.000000
0.477630 0.545477 0.124631 1.000000
0.258604 0.673550 0.131023 1.000000
0.364307 0.661504 0.119715 1.000000
0.170846 0.700344 0.136922 1.000000
0.109636 0.556539 0.117011 1.000000
0.364307 0.317847 0.107424 1.000000
0.354474 0.352507 0.115536 1.000000
0.287365 0.622173 0.136431 1.000000
0.436332 0.298673 0.113569 1.000000
0.144789 0.675762 0.142330 1.000000
0.067355 0.654130 0.129056 1.000000
0.595870 0.468781 0.121190 1.000000
0.350295 0.577434 0.137660 1.000000
0.607424 0.408800 0.131760 1.000000
0.469764 0.321288 0.124877 1.000000
0.539823 0.258358 0.124385 1.000000
0.133972 0.550147 0.119961 1.000000
0.436824 0.510570 0.135693 1.000000
0.128564 0.773599 0.131023 1.000000
0.457719 0.641101 0.109390 1.000000
0.735497 0.369715 0.119469 1.000000
0.424533 0.473206 0.145034 0.000000
0.236726 0.595133 0.140855 1.000000
0.560472 0.236234 0.121436 1.000000
0.329646 0.654867 0.121927 1.000000
0.070059 0.607915 0.120206 1.000000
0.107670 0.688053 0.139872 1.000000
0.617748 0.400934 0.128073 1.000000
0.322517 0.540806 0.145772 0.000000
0.165438 0.523107 0.119715 1.000000
0.041298 0.617502 0.116519 1.000000
0.570551 0.413471 0.132252 1.000000
0.508604 0.565880 0.114798 1.000000
0.769666 0.151180 0.135202 1.000000
0.641101 0.456981 0.115536 1.000000
0.482547 0.498771 0.130039 1.000000
0.799902 0.374140 0.111849 1.000000
0.548181 0.339233 0.138397 1.000000
0.559489 0.421583 0.136185 1.000000
0.900442 0.251475 0.115290 1.000000
0.758112 0.413225 0.109145 1.000000
0.546952 0.419617 0.133727 1.000000
0.385693 0.524336 0.141593 1.000000
0.242380 0.434857 0.112094 1.000000
0.846853 0.318338 0.113078 1.000000
0.425516 0.429695 0.138889 1.000000
0.839725 0.305064 0.115782 1.000000
0.333825 0.521386 0.141593 1.000000
0.324238 0.705506 0.114798 1.000000
0.288102 0.669125 0.127335 1.000000
0.117257 0.536136 0.114307 1.000000
0.836775 0.087021 0.134464 1.000000
0.217060 0.656834 0.141101 1.000000
0.421091 0.318092 0.117748 1.000000
0.412242 0.653147 0.111603 1.000000
0.187561 0.620944 0.139135 1.000000
0.430924 0.600295 0.122911 1.000000
0.603982 0.312684 0.144051 1.000000
0.125615 0.724435 0.139626 1.000000
0.989184 0.228122 0.110128 1.000000
0.137168 0.763766 0.130777 1.000000
0.327925 0.697394 0.117011 1.000000
0.109636 0.585300 0.129056 1.000000
0.645034 0.485005 0.109636 1.000000
0.798918 0.054572 0.125369 1.000000
0.880285 0.166912 0.135202 1.000000
0.867011 0.153147 0.139135 1.000000
0.773353 0.177974 0.142330 1.000000
0.469764 0.321288 0.124877 1.000000
0.296214 0.397001 0.113815 1.000000
0.866028 0.063668 0.134710 1.000000
0.381023 0.464110 0.138643 1.000000
0.561947 0.177974 0.111111 1.000000
0.512537 0.219764 0.111603 1.000000
0.554326 0.380777 0.140364 1.000000
0.912488 0.113078 0.141101 1.000000
0.673550 0.349312 0.131268 1.000000
0.168142 0.582104 0.129302 1.000000
0.289086 0.379302 0.110865 1.000000
0.158309 0.543756 0.120698 1.000000
0.224189 0.522861 0.127581 1.000000
0.506637 0.393559 0.142576 1.000000
0.476647 0.531465 0.126106 1.000000
0.409784 0.419371 0.133727 1.000000
0.776303 0.375615 0.112832 1.000000
0.312684 0.631514 0.133235 1.000000
0.530728 0.387168 0.145526 0.000000
0.834317 0.219272 0.133235 1.000000
0.607424 0.358899 0.137906 1.000000
0.116273 0.507620 0.109145 1.000000
0.378073 0.302360 0.110374 1.000000
0.376844 0.700590 0.111603 1.000000
0.545231 0.465093 0.128319 1.000000
0.912979 0.154867 0.134464 1.000000
0.796952 0.171583 0.143805 0.000000
0.501229 0.539331 0.122911 1.000000
0.524336 0.345624 0.136922 1.000000
0.767207 0.269420 0.130777 1.000000
0.448132 0.466814 0.142330 0.000000
0.817601 0.138397 0.142330 1.000000
0.212881 0.795723 0.113569 1.000000
0.769174 0.037119 0.113324 1.000000
0.752458 0.171337 0.139381 1.000000
0.748279 0.321780 0.124877 1.000000
0.667404 0.307522 0.139135 0.000000
0.476155 0.438299 0.141101 0.000000
0.275811 0.553589 0.139872 1.000000
0.771386 0.089479 0.125615 1.000000
0.843658 0.159046 0.142330 1.000000
0.607424 0.408800 0.131760 1.000000
0.573255 0.474926 0.123156 1.000000
0.800639 0.330629 0.118732 1.000000
0.868240 0.140610 0.142576 1.000000
0.505162 0.492625 0.129794 1.000000
0.356932 0.470747 0.134956 1.000000
0.116519 0.641101 0.134218 1.000000
0.167404 0.483776 0.113078 1.000000
0.115290 0.627581 0.130285 1.000000
0.753687 0.381760 0.115044 1.000000
0.602262 0.368240 0.139135 1.000000
0.147493 0.706490 0.139381 1.000000
0.343658 0.670846 0.120452 1.000000
0.923550 0.254671 0.113815 1.000000
0.758850 0.363569 0.114553 1.000000
0.413963 0.516716 0.137660 1.000000
0.289331 0.578909 0.142822 0.000000
0.652409 0.271386 0.141101 1.000000
0.556539 0.523107 0.118977 1.000000
0.414700 0.261799 0.000000 2.000000
0.047689 0.599803 0.114553 1.000000
0.703048 0.383481 0.122665 1.000000
0.171091 0.524828 0.119961 1.000000
0.071534 0.593166 0.117257 1.000000
0.745084 0.216814 0.145280 1.000000
0.732547 0.415683 0.109636 1.000000
0.923550 0.254671 0.113815 1.000000
0.817601 0.138397 0.142330 1.000000
0.686578 0.432153 0.114553 1.000000
0.678712 0.203786 0.133235 1.000000
0.070059 0.680187 0.133727 1.000000
0.735497 0.369715 0.119469 1.000000
0.726155 0.134464 0.128073 1.000000
0.167158 0.567109 0.126106 1.000000
0.215831 0.470993 0.115782 1.000000
0.753196 0.386431 0.115044 1.000000
0.520649 0.404621 0.144297 0.000000
0.697394 0.287856 0.137660 1.000000
0.119469 0.579892 0.124385 1.000000
0.100541 0.718781 0.144789 0.000000
0.343658 0.383972 0.117502 1.000000
0.459440 0.504916 0.131268 1.000000
0.143068 0.660521 0.140364 1.000000
0.157817 0.572517 0.128810 1.000000
0.353736 0.648476 0.123648 1.000000
0.427974 0.496313 0.137414 1.000000
0.929941 0.168142 0.128564 1.000000
0.831367 0.279007 0.122665 1.000000
0.262291 0.540806 0.135202 1.000000
0.391347 0.370944 0.122911 1.000000
0.532940 0.332350 0.135693 1.000000
0.474926 0.364553 0.134218 1.000000
0.567355 0.463864 0.126106 1.000000
0.349558 0.337512 0.110619 1.000000
0.717797 0.120698 0.123156 1.000000
0.370452 0.423058 0.129056 1.000000
0.669862 0.321534 0.138643 1.000000
0.529744 0.215093 0.113324 1.000000
0.359390 0.603245 0.131268 1.000000
0.257620 0.732055 0.124877 1.000000
0.209685 0.482055 0.116519 1.000000
0.715093 0.437316 0.110374 1.000000
0.170846 0.700344 0.136922 1.000000
0.000000 0.612586 0.112832 1.000000
0.233038 0.475664 0.120206 1.000000
0.471731 0.460669 0.140855 0.000000
0.217797 0.687807 0.133235 1.000000
0.337266 0.438791 0.127581 1.000000
0.622419 0.319322 0.173304 2.000000
0.865536 0.290806 0.114798 1.000000
0.455506 0.534907 0.128319 1.000000
0.263029 0.602262 0.143559 0.000000
0.960423 0.142330 0.130285 1.000000
0.289086 0.379302 0.110865 1.000000
0.333333 0.477139 0.134710 1.000000
0.573009 0.303835 0.135939 1.000000
0.795723 0.116028 0.133481 1.000000
0.607915 0.223206 0.126352 1.000000
0.388151 0.478122 0.144297 1.000000
0.320059 0.390364 0.117011 1.000000
0.758112 0.413225 0.109145 1.000000
0.412242 0.653147 0.111603 1.000000
0.143314 0.573501 0.124631 1.000000
0.525074 0.575467 0.112094 1.000000
0.356932 0.470747 0.134956 1.000000
0.922812 0.245575 0.115290 1.000000
0.549164 0.165683 0.108653 1.000000
0.192232 0.575467 0.131760 1.000000
0.217060 0.656834 0.141101 1.000000
0.130285 0.666421 0.138889 1.000000
0.554326 0.380777 0.140364 1.000000
0.329154 0.455261 0.129056 1.000000
0.883972 0.180187 0.133481 1.000000
0.731072 0.349066 0.126106 1.000000
0.900442 0.251475 0.115290 1.000000
0.499017 0.308505 0.127335 1.000000
0.000000 0.612586 0.112832 1.000000
0.734267 0.419617 0.111357 1.000000
0.572271 0.506146 0.117748 1.000000
0.475172 0.483776 0.135447 1.000000
0.746313 0.111603 0.125369 1.000000
0.210914 0.429204 0.106441 1.000000
0.233038 0.475664 0.120206 1.000000
0.139626 0.705261 0.140855 1.000000
0.101770 0.730826 0.143559 0.000000
0.526057 0.316372 0.130039 1.000000
0.011308 0.582842 0.107424 1.000000
0.313913 0.724926 0.114307 1.000000
0.523107 0.302114 0.127581 1.000000
0.232547 0.480826 0.120452 1.000000
0.115290 0.627581 0.130285 1.000000
0.345379 0.534661 0.143805 0.000000
0.337021 0.366519 0.117011 1.000000
0.584071 0.290069 0.135693 1.000000
0.762291 0.282448 0.132252 1.000000
0.341937 0.479351 0.135939 1.000000
0.313913 0.543265 0.143805 1.000000
0.300885 0.711652 0.117748 1.000000
0.258850 0.768191 0.111111 1.000000
0.697640 0.212144 0.136677 1.000000
0.268682 0.498771 0.129056 1.000000
0.707719 0.355211 0.126106 1.000000
0.655113 0.210423 0.130285 1.000000
0.354474 0.352507 0.115536 1.000000
0.745575 0.157571 0.132252 1.000000
0.654130 0.227384 0.132989 1.000000
0.382743 0.296214 0.107915 1.000000
0.366028 0.472960 0.135202 1.000000
0.207965 0.827925 0.107915 1.000000
0.159046 0.585300 0.128073 1.000000
0.564897 0.220993 0.120698 1.000000
0.767207 0.269420 0.130777 1.000000
0.581121 0.141347 0.110374 1.000000
0.867011 0.153147 0.139135 1.000000
0.377089 0.442478 0.132498 1.000000
0.752458 0.171337 0.139381 1.000000
0.082842 0.679449 0.135939 1.000000
0.548427 0.526794 0.118486 1.000000
0.542527 0.441986 0.134710 1.000000
0.716323 0.164454 0.129548 1.000000
0.721731 0.205752 0.139626 1.000000
0.822517 0.351770 0.109882 1.000000
0.572271 0.332842 0.141839 1.000000
0.615536 0.446657 0.120944 1.000000
0.455015 0.577925 0.122911 1.000000
0.205998 0.572517 0.134218 1.000000
0.738446 0.288594 0.132989 1.000000
0.953048 0.161996 0.127581 1.000000
0.280236 0.511554 0.133972 1.000000
0.180924 0.823501 0.116028 1.000000
0.927483 0.238446 0.117011 1.000000
0.388151 0.478122 0.144297 1.000000
0.017699 0.623894 0.115782 1.000000
0.232547 0.480826 0.120452 1.000000
0.650688 0.241888 0.136922 1.000000
0.744100 0.275565 0.134464 1.000000
0.448869 0.623156 0.116028 1.000000
0.720993 0.336529 0.127581 1.000000
0.645526 0.364798 0.132252 1.000000
0.326942 0.583579 0.137906 1.000000
0.625860 0.361849 0.135693 1.000000
0.693707 0.127089 0.120206 1.000000
0.186332 0.488446 0.116028 1.000000
0.814159 0.093166 0.132498 1.000000
0.865290 0.167650 0.138889 1.000000
0.946411 0.248525 0.112586 1.000000
0.264012 0.759587 0.114307 1.000000
0.364307 0.317847 0.107424 1.000000
0.495575 0.482793 0.132252 1.000000
0.441986 0.553343 0.126352 1.000000
0.880531 0.250983 0.120452 1.000000
0.335546 0.609636 0.133235 1.000000
0.614553 0.379794 0.134710 1.000000
0.097837 0.544494 0.113815 1.000000
0.597345 0.152655 0.112340 1.000000
0.506637 0.393559 0.142576 1.000000
0.689528 0.273107 0.143805 0.000000
0.452311 0.625860 0.113078 1.000000
0.234513 0.607915 0.144543 1.000000
0.717797 0.120698 0.123156 1.000000
0.789823 0.101524 0.129794 1.000000
0.302606 0.456981 0.123648 1.000000
0.816126 0.311455 0.120452 1.000000
0.305556 0.359882 0.108899 1.000000
0.424287 0.289823 0.113078 1.000000
0.644051 0.313668 0.143068 0.000000
0.614553 0.379794 0.134710 1.000000
0.526303 0.441495 0.135693 1.000000
0.548427 0.569322 0.109390 1.000000
0.275074 0.449115 0.120698 1.000000
0.280728 0.595870 0.140610 0.000000
0.684120 0.361357 0.125860 1.000000
0.574730 0.474435 0.124385 1.000000
0.535152 0.213618 0.113815 1.000000
0.073009 0.637906 0.127089 1.000000
0.143559 0.588496 0.126844 1.000000
0.119469 0.594887 0.127089 1.000000
0.700590 0.304081 0.134464 1.000000
0.192232 0.575467 0.131760 1.000000
0.510079 0.400197 0.145526 0.000000
0.471731 0.489184 0.135447 1.000000
0.510079 0.400197 0.145526 0.000000
0.774336 0.079892 0.122419 1.000000
0.714848 0.294985 0.135202 1.000000
0.257620 0.732055 0.124877 1.000000
0.893068 0.190511 0.127581 1.000000
0.333333 0.477139 0.134710 1.000000
0.264503 0.457965 0.120944 1.000000
0.526303 0.558997 0.113569 1.000000
0.192478 0.778515 0.120698 1.000000
0.493854 0.239921 0.112832 1.000000
0.340708 0.667650 0.124877 1.000000
0.537119 0.198378 0.110619 1.000000
0.381023 0.508604 0.142085 0.000000
0.444936 0.311455 0.119223 1.000000
0.381023 0.464110 0.138643 1.000000
0.240167 0.464602 0.119715 1.000000
0.444199 0.238201 0.108161 1.000000
0.320059 0.615536 0.135202 1.000000
0.151917 0.767699 0.128564 1.000000
0.600049 0.339970 0.143068 0.000000
0.452311 0.625860 0.113078 1.000000
0.691740 0.443461 0.112094 1.000000
0.251229 0.455506 0.118977 1.000000
0.930187 0.226401 0.116765 1.000000
0.601770 0.195919 0.118977 1.000000
0.188053 0.608161 0.136185 1.000000
0.712144 0.375860 0.120944 1.000000
0.458702 0.636676 0.111849 1.000000
0.888889 0.119469 0.143068 1.000000
0.373648 0.330875 0.113569 1.000000
0.701082 0.123894 0.122665 1.000000
0.573501 0.159046 0.112832 1.000000
0.097099 0.631268 0.129302 1.000000
0.567601 0.392085 0.137660 1.000000
0.710177 0.426008 0.111111 1.000000
0.501229 0.539331 0.122911 1.000000
0.609145 0.165438 0.116765 1.000000
0.650688 0.241888 0.136922 1.000000
0.701327 0.334071 0.128319 1.000000
0.572271 0.332842 0.141839 1.000000
0.750983 0.370698 0.117748 1.000000
0.846608 0.345379 0.109145 1.000000
0.869223 0.306047 0.110619 1.000000
0.913717 0.140610 0.134956 1.000000
0.781465 0.248771 0.135939 1.000000
0.197640 0.791790 0.119469 1.000000
0.649213 0.225172 0.131514 1.000000
0.456735 0.505654 0.133727 1.000000
0.777532 0.336775 0.121190 1.000000
0.379794 0.383972 0.123156 1.000000
0.426500 0.327679 0.119469 1.000000
0.357178 0.563176 0.138643 1.000000
0.187070 0.692724 0.136677 1.000000
0.403884 0.377827 0.125369 1.000000
0.465585 0.262291 0.113078 1.000000
0.252704 0.559735 0.138643 1.000000
0.603491 0.194936 0.121190 1.000000
0.163963 0.614553 0.135939 1.000000
0.798673 0.358161 0.112586 1.000000
0.457965 0.377827 0.133481 1.000000
0.776303 0.375615 0.112832 1.000000
0.244346 0.505408 0.126352 1.000000
0.499017 0.613569 0.106932 1.000000
0.688299 0.382252 0.122419 1.000000
0.277286 0.717797 0.118240 1.000000
0.966814 0.234267 0.107915 1.000000
0.233530 0.738446 0.122419 1.000000
0.222960 0.657325 0.137168 1.000000
0.082350 0.561209 0.116028 1.000000
0.513274 0.383972 0.141347 1.000000
0.646264 0.327925 0.138151 1.000000
0.414700 0.364553 0.124631 1.000000
0.798181 0.038348 0.119961 1.000000
0.349558 0.337512 0.110619 1.000000
0.023845 0.606195 0.113569 1.000000
0.883972 0.180187 0.133481 1.000000
0.622910 0.370698 0.133727 1.000000
0.819076 0.109882 0.135202 1.000000
0.167158 0.567109 0.126106 1.000000
0.627090 0.248033 0.134956 1.000000
0.340462 0.324238 0.105703 1.000000
0.455506 0.534907 0.128319 1.000000
0.745329 0.292281 0.129548 1.000000
0.731072 0.433383 0.107178 1.000000
0.818584 0.076696 0.129056 1.000000
0.376844 0.700590 0.111603 1.000000
0.252704 0.804572 0.108899 1.000000
0.476647 0.531465 0.126106 1.000000
0.091691 0.717797 0.143068 1.000000
0.690511 0.352753 0.129056 1.000000
0.199607 0.850787 0.004425 2.000000
0.722960 0.208702 0.140855 1.000000
0.503933 0.263766 0.118732 1.000000
0.578909 0.547443 0.106932 1.000000
0.862094 0.082104 0.139626 1.000000
0.644051 0.313668 0.143068 0.000000
0.772616 0.122173 0.130531 1.000000
0.592183 0.452802 0.123894 1.000000
0.093412 0.542773 0.110865 1.000000
0.231318 0.524336 0.126598 1.000000
0.173550 0.797935 0.121190 1.000000
0.817847 0.180187 0.143805 1.000000
0.282448 0.667404 0.129056 1.000000
0.372173 0.437807 0.132989 1.000000
0.856686 0.257375 0.122173 1.000000
0.120698 0.682153 0.142085 1.000000
0.839479 0.018682 0.122173 1.000000
0.655113 0.396264 0.126352 1.000000
0.359390 0.603245 0.131268 1.000000
0.631514 0.233530 0.133235 1.000000
0.531957 0.559735 0.110865 1.000000
0.412242 0.653147 0.111603 1.000000
0.428958 0.632006 0.115044 1.000000
0.143314 0.573501 0.124631 1.000000
0.290560 0.422075 0.117011 1.000000
0.768682 0.323992 0.122911 1.000000
0.655359 0.165929 0.124140 1.000000
0.822517 0.049902 0.123648 1.000000
0.328417 0.498771 0.136922 1.000000
0.969027 0.242625 0.108899 1.000000
0.088496 0.604474 0.123648 1.000000
0.856686 0.257375 0.122173 1.000000
0.810472 0.225664 0.134464 1.000000
0.338496 0.409292 0.122419 1.000000
0.776303 0.221485 0.139381 1.000000
0.343658 0.383972 0.117502 1.000000
0.555310 0.388397 0.141593 1.000000
0.404621 0.502458 0.142085 0.000000
0.282694 0.761799 0.111603 1.000000
0.391101 0.522861 0.138397 1.000000
0.925025 0.155113 0.129548 1.000000
0.677237 0.220993 0.135939 1.000000
0.940757 0.206735 0.120206 1.000000
0.611357 0.327434 0.144543 0.000000
0.479105 0.528761 0.125369 1.000000
0.238692 0.547443 0.133972 1.000000
0.377335 0.642085 0.120944 1.000000
0.045723 0.659538 0.125369 1.000000
0.519666 0.476401 0.132006 1.000000
0.336775 0.566372 0.137414 1.000000
0.378073 0.302360 0.110374 1.000000
0.745329 0.292281 0.129548 1.000000
0.404867 0.550393 0.132006 1.000000
0.501475 0.581858 0.113815 1.000000
0.662488 0.434366 0.117502 1.000000
0.169617 0.454277 0.102753 1.000000
0.133481 0.579154 0.125369 1.000000
0.594395 0.407080 0.131514 1.000000
0.444936 0.311455 0.119223 1.000000
0.792527 0.317601 0.121927 1.000000
0.920846 0.200590 0.125123 1.000000
0.502704 0.565143 0.119223 1.000000
0.388397 0.311455 0.110374 1.000000
0.722960 0.298181 0.131268 1.000000
0.192478 0.778515 0.120698 1.000000
0.173550 0.711898 0.134956 1.000000
0.502704 0.565143 0.119223 1.000000
0.911013 0.286136 0.109636 1.000000
0.731563 0.073009 0.117502 1.000000
0.208456 0.487217 0.120206 1.000000
0.352262 0.520895 0.145034 0.000000
0.397247 0.324484 0.115782 1.000000
0.097837 0.544494 0.113815 1.000000
0.712635 0.266962 0.141347 1.000000
0.496067 0.585546 0.113078 1.000000
0.067355 0.654130 0.129056 1.000000
0.284907 0.371436 0.107915 1.000000
0.286136 0.534415 0.138151 1.000000
0.479843 0.270403 0.117011 1.000000
0.580875 0.201327 0.119223 1.000000
0.849803 0.230826 0.127581 1.000000
0.721976 0.163717 0.133972 1.000000
0.464848 0.547443 0.125123 1.000000
0.119469 0.579892 0.124385 1.000000
0.000000 0.612586 0.112832 1.000000
0.603982 0.312684 0.144051 1.000000
0.159292 0.749017 0.129302 1.000000
0.241150 0.562684 0.136431 1.000000
0.842183 0.103736 0.136185 1.000000
0.092920 0.513766 0.108899 1.000000
0.895280 0.218781 0.125369 1.000000
0.256146 0.716323 0.124877 1.000000
0.399705 0.678220 0.111849 1.000000
0.860865 0.186332 0.135693 1.000000
0.947149 0.149213 0.127581 1.000000
0.798673 0.056293 0.123648 1.000000
0.652409 0.271386 0.141101 1.000000
0.799164 0.159046 0.140364 1.000000
0.692724 0.315634 0.134956 1.000000
0.794985 0.309489 0.119469 1.000000
0.540069 0.285398 0.129056 1.000000
0.414208 0.590708 0.124385 1.000000
0.911013 0.286136 0.109636 1.000000
0.556539 0.523107 0.118977 1.000000
0.667404 0.307522 0.139135 0.000000
0.720747 0.281711 0.135939 1.000000
0.688299 0.382252 0.122419 1.000000
0.289823 0.549656 0.140364 1.000000
0.775811 0.165192 0.140364 1.000000
0.211160 0.614307 0.143805 1.000000
0.839479 0.018682 0.122173 1.000000
0.163963 0.627335 0.137414 1.000000
0.183137 0.742625 0.127827 1.000000
0.944936 0.239676 0.114307 1.000000
0.304326 0.504916 0.135939 1.000000
0.621681 0.462144 0.118977 1.000000
0.611111 0.265978 0.135447 1.000000
0.312930 0.372911 0.111357 1.000000
0.194199 0.447640 0.109390 1.000000
0.329154 0.713127 0.115290 1.000000
0.623402 0.333825 0.142085 1.000000
0.898722 0.206490 0.125123 1.000000
0.673550 0.218535 0.135693 1.000000
0.588987 0.333333 0.145280 0.000000
0.940757 0.206735 0.120206 1.000000
0.580383 0.319322 0.139381 1.000000
0.175025 0.761554 0.125123 1.000000
0.903884 0.244838 0.119223 1.000000
0.457719 0.234267 0.107424 1.000000
0.289823 0.549656 0.140364 1.000000
0.627090 0.248033 0.134956 1.000000
0.655359 0.136431 0.117011 1.000000
0.265487 0.585300 0.145280 1.000000
0.431662 0.341445 0.121681 1.000000
0.701082 0.123894 0.122665 1.000000
0.364553 0.484513 0.138397 1.000000
0.366028 0.472960 0.135202 1.000000
0.297935 0.682891 0.125860 1.000000
0.131760 0.488201 0.108653 1.000000
0.489184 0.255900 0.114798 1.000000
0.020895 0.620944 0.115782 1.000000
0.246067 0.651180 0.136922 1.000000
0.380777 0.556785 0.132743 1.000000
0.732547 0.415683 0.109636 1.000000
0.844395 0.061209 0.132252 1.000000
0.414946 0.459931 0.141839 1.000000
0.888397 0.091445 0.141839 1.000000
0.774582 0.062684 0.121436 1.000000
0.472468 0.617011 0.111849 1.000000
0.357670 0.514995 0.143805 1.000000
0.388397 0.311455 0.110374 1.000000
0.280236 0.710177 0.122665 1.000000
0.643560 0.269911 0.139626 1.000000
0.966814 0.234267 0.107915 1.000000
0.636185 0.417404 0.122419 1.000000
0.597591 0.497542 0.114553 1.000000
0.251967 0.695182 0.127827 1.000000
0.441986 0.268682 0.112094 1.000000
0.727384 0.092183 0.118486 1.000000
0.233038 0.475664 0.120206 1.000000
0.792773 0.030973 0.116765 1.000000
0.118977 0.496804 0.109145 1.000000
0.206490 0.736480 0.125860 1.000000
0.505408 0.365290 0.136922 1.000000
0.764749 0.241642 0.137414 1.000000
0.947149 0.149213 0.127581 1.000000
0.481809 0.371436 0.136185 1.000000
0.918142 0.212635 0.124140 1.000000
0.240413 0.765978 0.120452 1.000000
0.146755 0.531465 0.117502 1.000000
0.326942 0.583579 0.137906 1.000000
0.573255 0.474926 0.123156 1.000000
0.480334 0.453540 0.138643 1.000000
0.157817 0.572517 0.128810 1.000000
0.574484 0.546214 0.111357 1.000000
0.658800 0.196165 0.126844 1.000000
0.280236 0.710177 0.122665 1.000000
0.513274 0.205015 0.108653 1.000000
0.843658 0.042527 0.128810 1.000000
0.407325 0.606686 0.124385 1.000000
0.428466 0.603245 0.119223 1.000000
0.367011 0.603245 0.127581 1.000000
0.823746 0.324484 0.116519 1.000000
0.367011 0.603245 0.127581 1.000000
0.145034 0.791298 0.125615 1.000000
0.679449 0.146755 0.124385 1.000000
0.617502 0.417404 0.127335 1.000000
0.573992 0.503687 0.116765 1.000000
0.573992 0.503687 0.116765 1.000000
0.352262 0.520895 0.145034 0.000000
0.085300 0.563176 0.116273 1.000000
0.842429 0.070059 0.133235 1.000000
0.269174 0.686578 0.128073 1.000000
0.946411 0.248525 0.112586 1.000000
0.160275 0.741888 0.133481 1.000000
0.482547 0.630285 0.110619 1.000000
0.465831 0.397001 0.138151 1.000000
0.831367 0.279007 0.122665 1.000000
0.422812 0.258850 0.108407 1.000000
0.508358 0.279499 0.123894 1.000000
0.598083 0.468289 0.122419 1.000000
0.182645 0.537365 0.121927 1.000000
0.333333 0.569322 0.144297 1.000000
0.290806 0.731072 0.115044 1.000000
0.240413 0.765978 0.120452 1.000000
0.470501 0.277286 0.116765 1.000000
0.115290 0.627581 0.130285 1.000000
0.305064 0.461652 0.127089 1.000000
0.187070 0.692724 0.136677 1.000000
0.446657 0.327434 0.122173 1.000000
0.265487 0.585300 0.145280 1.000000
0.808505 0.284907 0.126106 1.000000
0.405605 0.609390 0.121436 1.000000
0.489430 0.390364 0.140610 1.000000
0.413963 0.516716 0.137660 1.000000
0.434120 0.383972 0.131514 1.000000
0.414700 0.364553 0.124631 1.000000
0.475664 0.619715 0.110865 1.000000
0.745084 0.216814 0.145280 1.000000
0.842183 0.103736 0.136185 1.000000
0.647247 0.499508 0.107670 1.000000
0.573009 0.303835 0.135939 1.000000
0.357178 0.563176 0.138643 1.000000
0.082842 0.679449 0.135939 1.000000
0.252704 0.559735 0.138643 1.000000
0.410030 0.390364 0.126844 1.000000
0.597345 0.152655 0.112340 1.000000
0.502704 0.522616 0.123156 1.000000
0.470501 0.277286 0.116765 1.000000
0.550393 0.552606 0.113078 1.000000
0.976401 0.181662 0.119715 1.000000
0.130777 0.681908 0.142085 1.000000
0.726155 0.146755 0.130531 1.000000
0.193461 0.604966 0.138643 1.000000
0.402163 0.334317 0.118240 1.000000
0.936578 0.148722 0.131023 1.000000
0.845870 0.146509 0.151672 0.000000
0.382006 0.644543 0.118240 1.000000
0.749263 0.128319 0.128073 1.000000
0.261062 0.588741 0.144543 1.000000
0.311701 0.662979 0.124631 1.000000
0.318092 0.485497 0.141101 1.000000
0.730088 0.392576 0.117994 1.000000
0.382989 0.706981 0.105703 1.000000
0.520649 0.352016 0.137168 1.000000
0.218289 0.441249 0.111357 1.000000
0.785398 0.291052 0.128564 1.000000
0.217797 0.687807 0.133235 1.000000
0.217552 0.598328 0.140364 1.000000
0.726647 0.075467 0.117011 1.000000
0.304081 0.589725 0.139135 1.000000
0.182645 0.713373 0.133235 1.000000
0.705506 0.183874 0.131514 1.000000
0.809489 0.229843 0.133727 1.000000
0.720010 0.253441 0.140855 0.000000
0.753933 0.066863 0.118977 1.000000
0.436332 0.298673 0.113569 1.000000
0.147493 0.706490 0.139381 1.000000
0.876106 0.212389 0.126106 1.000000
0.387906 0.655359 0.117502 1.000000
0.352999 0.706735 0.112340 1.000000
0.451573 0.489921 0.136677 1.000000
0.228859 0.701327 0.130531 1.000000
0.744838 0.330383 0.124631 1.000000
0.116765 0.640118 0.132989 1.000000
0.451082 0.597345 0.116519 1.000000
0.768191 0.196165 0.145280 1.000000
0.370452 0.423058 0.129056 1.000000
0.829400 0.344887 0.109636 1.000000
0.835546 0.178712 0.138889 1.000000
0.293019 0.492380 0.130285 1.000000
0.312930 0.445182 0.124877 1.000000
0.904130 0.068830 0.139626 1.000000
0.106686 0.672812 0.138889 1.000000
0.041298 0.617502 0.116519 1.000000
0.268191 0.420846 0.114061 1.000000
0.501475 0.581858 0.113815 1.000000
0.730088 0.392576 0.117994 1.000000
0.189282 0.516470 0.121436 1.000000
0.865536 0.097345 0.139626 1.000000
0.221976 0.433383 0.109390 1.000000
0.402163 0.334317 0.118240 1.000000
0.115782 0.711406 0.144297 0.000000
0.143068 0.490413 0.110128 1.000000
0.936824 0.122665 0.136677 1.000000
0.085300 0.563176 0.116273 1.000000
0.094395 0.673550 0.135693 1.000000
0.872665 0.224680 0.127581 1.000000
0.936824 0.122665 0.136677 1.000000
0.827188 0.236726 0.132006 1.000000
0.368486 0.528515 0.142822 1.000000
0.427974 0.371190 0.127827 1.000000
0.573501 0.159046 0.112832 1.000000
0.464848 0.547443 0.125123 1.000000
0.620206 0.493363 0.115782 1.000000
0.485005 0.572271 0.116273 1.000000
0.773353 0.133972 0.133727 1.000000
0.163471 0.698869 0.138643 1.000000
0.288840 0.637906 0.135939 1.000000
0.327925 0.527286 0.143314 1.000000
0.457965 0.377827 0.133481 1.000000
0.266470 0.428466 0.115290 1.000000
0.583333 0.415192 0.132252 1.000000
0.460423 0.292281 0.118732 1.000000
0.303589 0.533677 0.140364 1.000000
0.731072 0.349066 0.126106 1.000000
0.464356 0.412734 0.140855 1.000000
0.667896 0.358899 0.129794 1.000000
0.331367 0.358653 0.112832 1.000000
0.506637 0.393559 0.142576 1.000000
0.197640 0.791790 0.119469 1.000000
0.304326 0.703540 0.121436 1.000000
0.758850 0.363569 0.114553 1.000000
0.750983 0.086037 0.122173 1.000000
0.452065 0.370698 0.132006 1.000000
0.891347 0.299902 0.110865 1.000000
0.629548 0.277532 0.140610 1.000000
0.309980 0.528024 0.139135 1.000000
0.386676 0.396755 0.129794 1.000000
0.846608 0.043510 0.126844 1.000000
0.693707 0.127089 0.120206 1.000000
0.640364 0.411504 0.124631 1.000000
0.284907 0.371436 0.107915 1.000000
0.752458 0.171337 0.139381 1.000000
0.110865 0.513029 0.110865 1.000000
0.241150 0.650442 0.139381 1.000000
0.846362 0.202802 0.133727 1.000000
0.678958 0.159538 0.126352 1.000000
0.177237 0.669371 0.141347 0.000000
0.852999 0.338741 0.108407 1.000000
0.852999 0.338741 0.108407 1.000000
0.577925 0.202311 0.121190 1.000000
0.394543 0.281711 0.106932 1.000000
0.998279 0.219764 0.110619 1.000000
0.447886 0.495329 0.136185 1.000000
0.726893 0.377089 0.119469 1.000000
0.690511 0.352753 0.129056 1.000000
0.535398 0.427974 0.138151 1.000000
0.035890 0.604966 0.115536 1.000000
0.852999 0.338741 0.108407 1.000000
0.903884 0.244838 0.119223 1.000000
0.505162 0.492625 0.129794 1.000000
0.843658 0.042527 0.128810 1.000000
0.277286 0.717797 0.118240 1.000000
0.259095 0.783432 0.109636 1.000000
0.477876 0.588004 0.115782 1.000000
0.159538 0.500246 0.113569 1.000000
0.408063 0.347591 0.121927 1.000000
0.190020 0.621681 0.138643 1.000000
0.782694 0.357424 0.114061 1.000000
0.903884 0.244838 0.119223 1.000000
0.765978 0.107915 0.128564 1.000000
0.181908 0.566126 0.128810 1.000000
0.244346 0.505408 0.126352 1.000000
0.169371 0.669371 0.145280 0.000000
0.631760 0.172566 0.121190 1.000000
0.173550 0.711898 0.134956 1.000000
0.110865 0.513029 0.110865 1.000000
0.707719 0.355211 0.126106 1.000000
0.205998 0.572517 0.134218 1.000000
0.814651 0.198378 0.140610 1.000000
0.865536 0.097345 0.139626 1.000000
0.280236 0.511554 0.133972 1.000000
0.277286 0.717797 0.118240 1.000000
0.708456 0.393559 0.117011 1.000000
0.667650 0.263520 0.141839 1.000000
0.170846 0.700344 0.136922 1.000000
0.550885 0.480826 0.124877 1.000000
0.264995 0.644051 0.137168 1.000000
0.816126 0.024828 0.118977 1.000000
0.384218 0.553835 0.133481 1.000000
0.234759 0.679941 0.133972 1.000000
0.251229 0.455506 0.118977 1.000000
0.649705 0.355457 0.134710 1.000000
0.341937 0.479351 0.135939 1.000000
0.097099 0.631268 0.129302 1.000000
0.165683 0.627827 0.141101 1.000000
0.880285 0.166912 0.135202 1.000000
0.716323 0.164454 0.129548 1.000000
0.731072 0.387660 0.117748 1.000000
0.549656 0.310226 0.132989 1.000000
0.668387 0.449607 0.116519 1.000000
0.541298 0.227384 0.117257 1.000000
0.656096 0.315880 0.139135 1.000000
0.405605 0.609390 0.121436 1.000000
0.390610 0.466323 0.138151 1.000000
0.464356 0.412734 0.140855 1.000000
0.412242 0.653147 0.111603 1.000000
0.753687 0.381760 0.115044 1.000000
0.543265 0.345870 0.139626 1.000000
0.678958 0.389872 0.123402 1.000000
0.141101 0.634464 0.135693 1.000000
0.233038 0.475664 0.120206 1.000000
0.580875 0.201327 0.119223 1.000000
0.685841 0.399705 0.119715 1.000000
0.821780 0.363815 0.107915 1.000000
0.311701 0.662979 0.124631 1.000000
0.187561 0.620944 0.139135 1.000000
0.281465 0.725664 0.121190 1.000000
0.353245 0.448869 0.131514 1.000000
0.914208 0.095624 0.143805 1.000000
0.389381 0.659046 0.114553 1.000000
0.791544 0.099312 0.128810 1.000000
0.281465 0.725664 0.121190 1.000000
0.460423 0.292281 0.118732 1.000000
0.585792 0.171583 0.116273 1.000000
0.456735 0.505654 0.133727 1.000000
0.838004 0.088741 0.133972 1.000000
0.457719 0.234267 0.107424 1.000000
0.474435 0.314897 0.122911 1.000000
0.135202 0.506637 0.112340 1.000000
0.093166 0.646509 0.128810 1.000000
0.406096 0.564405 0.129794 1.000000
0.311455 0.747050 0.109636 1.000000
0.682399 0.190020 0.132498 1.000000
0.721485 0.223206 0.142330 1.000000
0.976401 0.181662 0.119715 1.000000
0.545231 0.465093 0.128319 1.000000
0.473206 0.417158 0.141593 1.000000
0.679449 0.146755 0.124385 1.000000
0.130777 0.681908 0.142085 1.000000
0.749754 0.140364 0.131268 1.000000
0.771878 0.315388 0.125123 1.000000
0.577925 0.202311 0.121190 1.000000
0.750492 0.069076 0.117502 1.000000
0.686087 0.445182 0.113078 1.000000
0.639135 0.440511 0.118732 1.000000
0.382743 0.296214 0.107915 1.000000
0.383235 0.596853 0.127827 1.000000
0.763029 0.238201 0.138643 1.000000
0.987463 0.183137 0.117748 1.000000
0.480334 0.499263 0.132743 1.000000
0.761308 0.152163 0.136431 1.000000
0.281465 0.725664 0.121190 1.000000
0.352507 0.492380 0.139135 1.000000
0.500737 0.525074 0.125615 1.000000
0.275811 0.553589 0.139872 1.000000
0.663717 0.451082 0.115290 1.000000
0.853982 0.218289 0.128564 1.000000
0.500737 0.525074 0.125615 1.000000
0.035890 0.576205 0.110619 1.000000
0.289823 0.549656 0.140364 1.000000
0.441986 0.403392 0.136185 1.000000
0.286627 0.595870 0.139872 1.000000
0.650688 0.300393 0.142330 0.000000
0.191495 0.647738 0.143805 1.000000
0.846853 0.318338 0.113078 1.000000
0.654130 0.227384 0.132989 1.000000
0.376598 0.485988 0.140855 1.000000
0.550885 0.480826 0.124877 1.000000
0.678220 0.130039 0.119715 1.000000
0.418142 0.410030 0.133235 1.000000
0.359882 0.618977 0.128564 1.000000
0.572271 0.506146 0.117748 1.000000
0.197394 0.705506 0.134464 1.000000
0.164700 0.793019 0.120452 1.000000
0.779990 0.329400 0.120206 1.000000
0.702802 0.153147 0.128810 1.000000
0.360128 0.621190 0.126598 1.000000
0.539823 0.258358 0.124385 1.000000
0.663717 0.451082 0.115290 1.000000
0.464848 0.547443 0.125123 1.000000
0.867502 0.108161 0.143805 1.000000
0.571288 0.289086 0.132989 1.000000
0.594395 0.407080 0.131514 1.000000
0.352016 0.691003 0.117502 1.000000
0.202065 0.647001 0.143314 1.000000
1.000000 0.207965 0.110619 1.000000
0.170846 0.700344 0.136922 1.000000
0.441249 0.419125 0.139135 1.000000
0.206490 0.736480 0.125860 1.000000
0.904130 0.068830 0.139626 1.000000
0.118732 0.667158 0.138889 1.000000
0.286627 0.595870 0.139872 1.000000
0.703048 0.383481 0.122665 1.000000
0.807276 0.011062 0.115782 1.000000
0.414208 0.590708 0.124385 1.000000
0.073746 0.550885 0.115536 1.000000
0.017699 0.623894 0.115782 1.000000
0.176991 0.535644 0.122911 1.000000
0.541298 0.227384 0.117257 1.000000
0.286136 0.534415 0.138151 1.000000
0.331613 0.397001 0.119223 1.000000
0.963618 0.200836 0.118977 1.000000
0.395034 0.431662 0.133727 1.000000
0.550393 0.552606 0.113078 1.000000
0.701082 0.123894 0.122665 1.000000
0.585546 0.246067 0.127827 1.000000
0.299164 0.547198 0.143314 1.000000
0.337266 0.438791 0.127581 1.000000
0.500000 0.432153 0.138889 0.000000
0.252704 0.804572 0.108899 1.000000
0.311209 0.589479 0.141593 1.000000
0.607424 0.408800 0.131760 1.000000
0.820551 0.120944 0.139381 1.000000
0.758604 0.254916 0.138643 1.000000
0.314405 0.633235 0.128810 1.000000
0.194199 0.447640 0.109390 1.000000
0.600049 0.339970 0.143068 0.000000
0.105949 0.554818 0.117257 1.000000
0.470256 0.246313 0.112340 1.000000
0.868240 0.140610 0.142576 1.000000
0.430187 0.558014 0.128564 1.000000
0.136431 0.725664 0.138151 1.000000
0.258604 0.673550 0.131023 1.000000
0.902655 0.161013 0.133235 1.000000
0.649213 0.225172 0.131514 1.000000
0.452065 0.364798 0.130285 1.000000
0.816126 0.024828 0.118977 1.000000
0.716323 0.164454 0.129548 1.000000
0.219764 0.511799 0.122911 1.000000
0.423550 0.333825 0.119961 1.000000
0.811947 0.274828 0.125123 1.000000
0.922812 0.245575 0.115290 1.000000
0.877581 0.266716 0.117994 1.000000
0.045723 0.614553 0.118240 1.000000
0.384464 0.353982 0.117748 1.000000
0.757620 0.335300 0.122419 1.000000
0.313913 0.724926 0.114307 1.000000
0.465831 0.397001 0.138151 1.000000
0.311455 0.615782 0.136431 1.000000
0.341937 0.479351 0.135939 1.000000
0.794002 0.186578 0.145034 0.000000
0.601032 0.237955 0.129794 1.000000
0.516962 0.264749 0.121927 1.000000
0.986234 0.194690 0.116519 1.000000
0.406342 0.383235 0.126844 1.000000
0.294494 0.503687 0.133481 1.000000
0.600295 0.376598 0.136677 1.000000
0.658555 0.253196 0.138889 1.000000
0.251967 0.695182 0.127827 1.000000
0.566126 0.339725 0.142330 1.000000
0.628319 0.305556 0.158309 2.000000
0.595379 0.282694 0.134218 1.000000
0.090954 0.633972 0.132252 1.000000
0.264749 0.675516 0.129548 1.000000
0.199607 0.850787 0.004425 2.000000
0.634956 0.259587 0.138397 1.000000
0.378073 0.340708 0.115536 1.000000
0.768437 0.210669 0.145034 0.000000
0.714848 0.294985 0.135202 1.000000
0.549164 0.435595 0.133235 1.000000
0.749508 0.184612 0.138151 1.000000
0.305310 0.719272 0.118732 1.000000
0.318092 0.485497 0.141101 1.000000
0.280236 0.511554 0.133972 1.000000
0.950836 0.232301 0.113324 1.000000
0.526057 0.316372 0.130039 1.000000
0.380777 0.556785 0.132743 1.000000
0.804326 0.242871 0.133481 1.000000
0.438545 0.358161 0.127089 1.000000
0.268682 0.498771 0.129056 1.000000
0.473206 0.417158 0.141593 1.000000
0.529744 0.215093 0.113324 1.000000
0.549656 0.310226 0.132989 1.000000
0.042773 0.660521 0.129056 1.000000
0.480334 0.453540 0.138643 1.000000
0.454523 0.594149 0.119223 1.000000
0.754179 0.342920 0.119223 1.000000
0.045231 0.555801 0.107915 1.000000
0.601524 0.511308 0.112094 1.000000
0.624385 0.505408 0.109390 1.000000
0.578663 0.132498 0.002704 2.000000
0.329892 0.353491 0.112094 1.000000
0.940757 0.206735 0.120206 1.000000
0.268928 0.645280 0.132743 1.000000
0.517699 0.233530 0.116519 1.000000
0.816126 0.311455 0.120452 1.000000
0.659784 0.411013 0.123648 1.000000
0.286136 0.534415 0.138151 1.000000
0.556539 0.523107 0.118977 1.000000
0.404867 0.457473 0.141593 1.000000
0.745575 0.157571 0.132252 1.000000
0.219764 0.511799 0.122911 1.000000
0.674287 0.294002 0.140855 0.000000
0.066372 0.640610 0.126352 1.000000
0.496067 0.610619 0.108407 1.000000
0.371436 0.692724 0.112094 1.000000
0.069567 0.652901 0.128810 1.000000
0.487217 0.440757 0.139381 1.000000
0.821780 0.363815 0.107915 1.000000
0.752458 0.171337 0.139381 1.000000
0.821042 0.048673 0.125123 1.000000
0.479105 0.328909 0.127827 1.000000
0.673550 0.349312 0.131268 1.000000
0.774828 0.364307 0.115536 1.000000
0.118977 0.496804 0.109145 1.000000
0.184366 0.493609 0.118732 1.000000
0.746313 0.111603 0.125369 1.000000
0.744100 0.275565 0.134464 1.000000
0.288840 0.451573 0.123156 1.000000
0.818584 0.076696 0.129056 1.000000
0.881760 0.074730 0.138397 1.000000
0.428712 0.451082 0.143314 1.000000
0.533677 0.529253 0.118486 1.000000
0.649705 0.355457 0.134710 1.000000
0.821042 0.067601 0.127827 1.000000
0.556785 0.325713 0.138643 1.000000
0.206244 0.843904 0.103982 1.000000
0.168879 0.784907 0.123402 1.000000
0.112340 0.754671 0.136922 1.000000
0.818584 0.076696 0.129056 1.000000
0.863569 0.298918 0.113078 1.000000
0.648476 0.182891 0.123402 1.000000
0.379794 0.383972 0.123156 1.000000
0.503196 0.447640 0.136677 1.000000
0.287856 0.753196 0.114798 1.000000
0.794985 0.083088 0.127827 1.000000
0.169617 0.611357 0.137906 1.000000
0.547198 0.295723 0.130531 1.000000
0.854474 0.272861 0.121190 1.000000
0.774582 0.044985 0.118732 1.000000
0.084562 0.591937 0.118977 1.000000
0.690511 0.352753 0.129056 1.000000
0.424779 0.629548 0.115536 1.000000
0.685841 0.427974 0.114798 1.000000
0.561209 0.296214 0.133235 1.000000
0.457227 0.459685 0.140364 0.000000
0.309243 0.483530 0.133972 1.000000
0.384464 0.353982 0.117748 1.000000
0.317847 0.497296 0.135939 1.000000
0.527778 0.486726 0.126352 1.000000
0.412488 0.305064 0.114061 1.000000
0.227630 0.461898 0.117994 1.000000
0.519174 0.448132 0.136677 1.000000
0.602262 0.368240 0.139135 1.000000
0.430924 0.584317 0.122911 1.000000
0.756146 0.409538 0.107915 1.000000
0.739430 0.244346 0.140610 1.000000
0.806047 0.140118 0.136922 1.000000
0.189528 0.801868 0.115290 1.000000
0.645034 0.455998 0.116273 1.000000
0.139626 0.620944 0.134218 1.000000
0.724926 0.327679 0.128564 1.000000
0.239676 0.634956 0.140855 1.000000
0.101770 0.730826 0.143559 0.000000
0.860865 0.186332 0.135693 1.000000
0.274828 0.689282 0.124877 1.000000
0.642576 0.501967 0.108899 1.000000
0.619961 0.291544 0.138889 1.000000
0.396018 0.565388 0.131514 1.000000
0.591691 0.154867 0.031219 2.000000
0.163963 0.614553 0.135939 1.000000
0.576696 0.346116 0.145034 0.000000
0.561209 0.296214 0.133235 1.000000
0.453786 0.551868 0.126352 1.000000
0.750983 0.051377 0.116273 1.000000
0.384464 0.353982 0.117748 1.000000
0.529253 0.358899 0.140364 1.000000
0.268191 0.420846 0.114061 1.000000
0.070059 0.680187 0.133727 1.000000
0.212881 0.795723 0.113569 1.000000
0.556539 0.523107 0.118977 1.000000
0.302114 0.350541 0.106195 1.000000
0.606932 0.283923 0.137906 1.000000
0.791544 0.204523 0.143068 1.000000
0.725910 0.191003 0.136677 1.000000
0.544248 0.398230 0.142085 1.000000
0.221485 0.749263 0.121681 1.000000
0.287856 0.753196 0.114798 1.000000
0.675025 0.265241 0.143314 1.000000
0.206490 0.559735 0.130285 1.000000
0.703048 0.383481 0.122665 1.000000
0.418142 0.275074 0.109145 1.000000
0.070059 0.607915 0.120206 1.000000
0.723697 0.117748 0.125615 1.000000
0.337512 0.401917 0.120944 1.000000
0.622910 0.370698 0.133727 1.000000
0.595870 0.468781 0.121190 1.000000
0.482547 0.630285 0.110619 1.000000
0.133972 0.550147 0.119961 1.000000
0.548427 0.526794 0.118486 1.000000
0.122173 0.537856 0.115044 1.000000
0.550639 0.480580 0.126844 1.000000
0.240413 0.765978 0.120452 1.000000
0.697886 0.229351 0.140610 1.000000
0.704031 0.098574 0.118732 1.000000
0.484513 0.285890 0.122419 1.000000
0.531957 0.559735 0.110865 1.000000
0.289823 0.549656 0.140364 1.000000
0.216323 0.772124 0.119715 1.000000
0.473697 0.591445 0.113569 1.000000
0.093412 0.542773 0.110865 1.000000
0.558014 0.207473 0.117257 1.000000
0.256146 0.469518 0.121681 1.000000
0.221485 0.699115 0.132989 1.000000
0.403884 0.377827 0.125369 1.000000
0.232055 0.722714 0.126844 1.000000
0.293019 0.766470 0.108653 1.000000
0.479105 0.328909 0.127827 1.000000
0.753196 0.386431 0.115044 1.000000
0.829400 0.344887 0.109636 1.000000
0.603982 0.312684 0.144051 1.000000
0.085300 0.563176 0.116273 1.000000
0.566126 0.435841 0.132252 1.000000
0.667896 0.480580 0.112586 1.000000
0.663717 0.451082 0.115290 1.000000
0.521878 0.471485 0.129302 1.000000
0.891347 0.299902 0.110865 1.000000
0.589479 0.429695 0.128319 1.000000
0.368486 0.528515 0.142822 1.000000
0.669617 0.133481 0.118732 1.000000
0.513274 0.205015 0.108653 1.000000
0.596362 0.326450 0.144297 0.000000
0.175025 0.761554 0.125123 1.000000
0.360619 0.559980 0.137414 1.000000
0.361603 0.432153 0.131023 1.000000
0.744100 0.275565 0.134464 1.000000
0.612094 0.208702 0.123648 1.000000
0.470501 0.277286 0.116765 1.000000
0.261308 0.496559 0.130039 1.000000
0.041298 0.617502 0.116519 1.000000
0.560718 0.191986 0.115290 1.000000
0.526057 0.316372 0.130039 1.000000
0.290806 0.731072 0.115044 1.000000
0.116519 0.641101 0.134218 1.000000
0.269420 0.772616 0.115536 1.000000
0.798918 0.369961 0.108653 1.000000
0.570551 0.413471 0.132252 1.000000
0.572271 0.506146 0.117748 1.000000
0.048918 0.557522 0.109145 1.000000
0.639135 0.440511 0.118732 1.000000
0.986234 0.194690 0.116519 1.000000
0.538348 0.302360 0.131760 1.000000
0.790560 0.190511 0.142085 0.000000
0.911750 0.085300 0.143805 1.000000
0.831613 0.224189 0.129794 1.000000
0.813913 0.095133 0.131760 1.000000
0.637906 0.373648 0.131514 1.000000
0.974680 0.225910 0.112094 1.000000
0.598328 0.539823 0.111603 1.000000
0.716077 0.309489 0.132743 1.000000
0.394789 0.686824 0.108161 1.000000
0.914208 0.128564 0.138397 1.000000
0.645772 0.139872 0.118977 1.000000
0.785890 0.276057 0.131760 1.000000
0.412242 0.653147 0.111603 1.000000
0.536873 0.242625 0.120698 1.000000
0.789823 0.280482 0.127335 1.000000
0.526303 0.558997 0.113569 1.000000
0.213373 0.509833 0.123402 1.000000
0.211160 0.686332 0.137168 1.000000
0.842183 0.296952 0.117994 1.000000
0.799164 0.159046 0.140364 1.000000
0.689528 0.273107 0.143805 0.000000
0.594641 0.423550 0.127827 1.000000
0.133972 0.550147 0.119961 1.000000
0.785890 0.276057 0.131760 1.000000
0.257620 0.601770 0.144051 0.000000
0.140364 0.633727 0.135447 1.000000
0.136185 0.748279 0.135447 1.000000
0.272616 0.628319 0.133481 1.000000
0.526303 0.441495 0.135693 1.000000
0.206490 0.736480 0.125860 1.000000
0.383235 0.389381 0.125369 1.000000
0.622419 0.319322 0.173304 2.000000
0.383481 0.612832 0.126106 1.000000
0.595870 0.514258 0.115536 1.000000
0.773353 0.177974 0.142330 1.000000
0.241396 0.591937 0.142822 1.000000
0.873402 0.121681 0.145526 1.000000
0.721485 0.223206 0.142330 1.000000
0.607915 0.223206 0.126352 1.000000
0.208210 0.729105 0.127089 1.000000
0.188545 0.786627 0.119715 1.000000
0.048918 0.644543 0.124631 1.000000
0.587266 0.154867 0.112340 1.000000
0.785890 0.276057 0.131760 1.000000
0.821780 0.031957 0.121681 1.000000
0.435103 0.642822 0.113324 1.000000
0.309980 0.528024 0.139135 1.000000
0.671091 0.176745 0.126352 1.000000
0.877581 0.266716 0.117994 1.000000
0.435103 0.647001 0.111603 1.000000
0.789823 0.101524 0.129794 1.000000
0.206490 0.736480 0.125860 1.000000
0.389381 0.659046 0.114553 1.000000
0.799410 0.215339 0.136677 1.000000
0.208456 0.487217 0.120206 1.000000
0.385447 0.425762 0.131023 1.000000
0.154621 0.659784 0.143314 1.000000
0.119469 0.579892 0.124385 1.000000
0.503196 0.447640 0.136677 1.000000
0.362094 0.530482 0.142822 1.000000
0.453786 0.551868 0.126352 1.000000
0.555801 0.266962 0.127335 1.000000
0.613078 0.423550 0.126598 1.000000
0.241396 0.681662 0.132006 1.000000
0.376106 0.514503 0.143805 1.000000
0.337021 0.718781 0.112340 1.000000
0.048918 0.557522 0.109145 1.000000
0.262291 0.540806 0.135202 1.000000
0.434120 0.383972 0.131514 1.000000
0.697886 0.229351 0.140610 1.000000
0.123894 0.712635 0.142576 1.000000
0.697394 0.342920 0.128810 1.000000
0.225664 0.640855 0.139626 1.000000
0.561209 0.296214 0.133235 1.000000
0.452311 0.625860 0.113078 1.000000
0.238938 0.608653 0.145526 1.000000
0.890364 0.146755 0.137168 1.000000
0.280728 0.468043 0.124140 1.000000
0.455506 0.276794 0.113324 1.000000
0.529253 0.358899 0.140364 1.000000
0.208456 0.487217 0.120206 1.000000
0.481809 0.227876 0.110128 1.000000
0.769912 0.192970 0.143068 1.000000
0.517699 0.233530 0.116519 1.000000
0.408063 0.547689 0.132006 1.000000
0.881760 0.206735 0.128564 1.000000
0.333825 0.521386 0.141593 1.000000
0.228859 0.826942 0.108161 1.000000
0.181908 0.566126 0.128810 1.000000
0.707719 0.355211 0.126106 1.000000
0.228859 0.826942 0.108161 1.000000
0.194444 0.693953 0.136185 1.000000
0.712881 0.347099 0.125369 1.000000
0.071534 0.593166 0.117257 1.000000
0.166421 0.807768 0.118486 1.000000
0.889135 0.161259 0.136677 1.000000
0.191740 0.477384 0.114798 1.000000
0.552851 0.352507 0.142330 1.000000
0.495329 0.454523 0.136431 1.000000
0.865290 0.167650 0.138889 1.000000
0.673795 0.176745 0.127335 1.000000
0.455506 0.276794 0.113324 1.000000
0.559489 0.421583 0.136185 1.000000
0.517699 0.233530 0.116519 1.000000
0.631514 0.233530 0.133235 1.000000
0.441249 0.419125 0.139135 1.000000
0.208456 0.487217 0.120206 1.000000
0.709194 0.421829 0.113324 1.000000
0.338496 0.409292 0.122419 1.000000
0.553835 0.208702 0.115536 1.000000
0.352999 0.706735 0.112340 1.000000
0.587512 0.272616 0.132498 1.000000
0.617748 0.400934 0.128073 1.000000
0.463373 0.446903 0.144297 0.000000
0.360374 0.395772 0.123156 1.000000
0.414700 0.364553 0.124631 1.000000
0.917404 0.110128 0.139381 1.000000
0.244592 0.743117 0.120452 1.000000
0.548427 0.512537 0.120944 1.000000
0.407080 0.590462 0.127827 1.000000
0.312930 0.445182 0.124877 1.000000
0.333333 0.569322 0.144297 1.000000
0.337021 0.718781 0.112340 1.000000
0.906834 0.232547 0.118732 1.000000
0.786873 0.231809 0.136677 1.000000
0.139626 0.705261 0.140855 1.000000
0.677729 0.340216 0.131023 1.000000
0.867502 0.108161 0.143805 1.000000
0.431416 0.283186 0.112832 1.000000
0.649705 0.183137 0.124631 1.000000
0.401180 0.436087 0.135202 1.000000
0.180433 0.839725 0.113324 1.000000
0.452065 0.364798 0.130285 1.000000
0.842183 0.103736 0.136185 1.000000
0.774336 0.079892 0.122419 1.000000
0.799902 0.374140 0.111849 1.000000
0.216323 0.772124 0.119715 1.000000
0.745575 0.202557 0.142822 1.000000
0.064897 0.610865 0.120206 1.000000
0.572271 0.332842 0.141839 1.000000
0.248771 0.410030 0.109390 1.000000
0.635447 0.202311 0.125860 1.000000
0.621190 0.491396 0.109636 1.000000
0.230089 0.730334 0.123648 1.000000
0.354720 0.308997 0.105211 1.000000
0.487217 0.406588 0.142576 1.000000
0.280728 0.468043 0.124140 1.000000
0.145034 0.791298 0.125615 1.000000
0.721731 0.205752 0.139626 1.000000
0.427974 0.371190 0.127827 1.000000
0.357178 0.563176 0.138643 1.000000
0.439282 0.453294 0.144051 1.000000
0.655851 0.153147 0.119715 1.000000
0.571780 0.429695 0.130531 1.000000
0.157817 0.572517 0.128810 1.000000
0.823009 0.209194 0.133235 1.000000
0.255654 0.517945 0.129794 1.000000
0.311701 0.662979 0.124631 1.000000
0.493609 0.270895 0.119223 1.000000
0.306047 0.755654 0.107178 1.000000
0.296460 0.621927 0.133972 1.000000
0.741888 0.114307 0.124631 1.000000
0.400688 0.694199 0.110865 1.000000
0.423795 0.671829 0.109636 1.000000
0.193215 0.662979 0.142822 1.000000
0.731072 0.433383 0.107178 1.000000
0.107670 0.688053 0.139872 1.000000
0.139626 0.501229 0.111111 1.000000
0.431662 0.541298 0.130777 1.000000
0.241150 0.650442 0.139381 1.000000
0.408063 0.347591 0.121927 1.000000
0.245329 0.779007 0.114307 1.000000
0.965093 0.189036 0.119715 1.000000
0.217797 0.687807 0.133235 1.000000
0.976401 0.181662 0.119715 1.000000
0.316617 0.674041 0.124140 1.000000
0.802114 0.323500 0.116519 1.000000
0.060226 0.598574 0.117257 1.000000
0.362586 0.403147 0.124140 1.000000
0.214848 0.554081 0.130777 1.000000
0.390610 0.597099 0.125615 1.000000
0.133972 0.550147 0.119961 1.000000
0.091937 0.647493 0.129794 1.000000
0.280728 0.468043 0.124140 1.000000
0.475664 0.619715 0.110865 1.000000
0.965093 0.189036 0.119715 1.000000
0.625860 0.189528 0.122911 1.000000
0.492625 0.314897 0.127335 1.000000
0.538348 0.184120 0.109636 1.000000
0.143068 0.490413 0.110128 1.000000
0.094641 0.601524 0.122173 1.000000
0.567355 0.463864 0.126106 1.000000
0.269420 0.772616 0.115536 1.000000
0.543510 0.470010 0.128564 1.000000
0.200590 0.529253 0.125615 1.000000
0.358653 0.576942 0.135693 1.000000
0.790560 0.263274 0.128564 1.000000
0.673550 0.218535 0.135693 1.000000
0.729351 0.177483 0.136922 1.000000
0.891347 0.134710 0.141101 1.000000
0.595870 0.468781 0.121190 1.000000
0.912242 0.278515 0.109882 1.000000
0.465585 0.262291 0.113078 1.000000
0.298918 0.442478 0.122419 1.000000
0.408063 0.547689 0.132006 1.000000
0.841200 0.174041 0.137660 1.000000
0.952802 0.187807 0.121927 1.000000
0.702802 0.153147 0.128810 1.000000
0.188545 0.786627 0.119715 1.000000
0.583825 0.365290 0.138643 1.000000
0.113324 0.731563 0.141101 1.000000
0.247542 0.516470 0.127827 1.000000
0.798918 0.054572 0.125369 1.000000
0.221485 0.699115 0.132989 1.000000
0.285152 0.490167 0.129794 1.000000
0.435103 0.647001 0.111603 1.000000
0.776303 0.060718 0.121436 1.000000
0.413963 0.516716 0.137660 1.000000
0.531957 0.273353 0.122419 1.000000
0.229351 0.566126 0.136922 1.000000
0.362586 0.403147 0.124140 1.000000
0.256146 0.469518 0.121681 1.000000
0.880285 0.166912 0.135202 1.000000
0.225172 0.416421 0.108407 1.000000
0.430187 0.558014 0.128564 1.000000
0.482301 0.399951 0.140364 1.000000
0.135447 0.591691 0.127335 1.000000
0.364553 0.484513 0.138397 1.000000
0.603982 0.312684 0.144051 1.000000
0.843904 0.114553 0.140364 1.000000
0.556785 0.325713 0.138643 1.000000
0.574484 0.546214 0.111357 1.000000
0.976647 0.214110 0.112832 1.000000
0.400442 0.339970 0.118486 1.000000
0.235988 0.789577 0.111357 1.000000
0.434120 0.412734 0.137660 1.000000
0.477876 0.588004 0.115782 1.000000
0.633972 0.321534 0.143314 0.000000
0.412488 0.305064 0.114061 1.000000
0.678958 0.389872 0.123402 1.000000
0.265241 0.556293 0.136431 1.000000
0.852016 0.126352 0.164700 0.000000
0.189528 0.801868 0.115290 1.000000
0.291790 0.639135 0.132498 1.000000
0.693707 0.170354 0.130039 1.000000
0.073009 0.637906 0.127089 1.000000
0.794985 0.309489 0.119469 1.000000
0.162979 0.494592 0.114307 1.000000
0.206490 0.736480 0.125860 1.000000
0.527778 0.486726 0.129794 1.000000
0.191003 0.560472 0.129302 1.000000
0.510570 0.535398 0.119469 1.000000
0.173550 0.797935 0.121190 1.000000
0.428712 0.544248 0.130531 1.000000
0.540069 0.285398 0.129056 1.000000
0.589479 0.429695 0.128319 1.000000
0.452065 0.370698 0.132006 1.000000
0.549164 0.435595 0.133235 1.000000
0.853982 0.218289 0.128564 1.000000
0.167158 0.567109 0.126106 1.000000
0.783677 0.146018 0.136431 1.000000
0.513029 0.249263 0.116765 1.000000
0.414700 0.261799 0.000000 2.000000
0.263520 0.628564 0.139872 1.000000
0.998279 0.219764 0.110619 1.000000
0.135693 0.755162 0.131514 1.000000
0.182399 0.578909 0.131514 1.000000
0.358653 0.576942 0.135693 1.000000
0.245084 0.426991 0.111603 1.000000
0.748279 0.321780 0.124877 1.000000
0.422812 0.258850 0.108407 1.000000
0.649213 0.225172 0.131514 1.000000
0.596116 0.499754 0.114798 1.000000
0.245329 0.692970 0.130039 1.000000
0.474926 0.364553 0.134218 1.000000
0.086283 0.519666 0.107670 1.000000
0.738938 0.158309 0.132989 1.000000
0.865536 0.125615 0.146264 0.000000
0.505162 0.492625 0.129794 1.000000
0.798181 0.038348 0.119961 1.000000
0.478614 0.571534 0.117994 1.000000
0.774582 0.044985 0.118732 1.000000
0.502950 0.322517 0.130531 1.000000
0.394297 0.416667 0.130039 1.000000
0.307276 0.403392 0.115782 1.000000
0.343658 0.609390 0.130777 1.000000
0.311455 0.747050 0.109636 1.000000
0.462144 0.351524 0.130777 1.000000
0.096116 0.688791 0.138889 1.000000
0.724926 0.327679 0.128564 1.000000
0.608161 0.178958 0.117748 1.000000
0.536873 0.377581 0.143559 0.000000
0.286627 0.595870 0.139872 1.000000
0.619223 0.508112 0.111357 1.000000
0.477630 0.545477 0.124631 1.000000
0.655359 0.165929 0.124140 1.000000
0.571780 0.520649 0.113569 1.000000
0.191495 0.647738 0.143805 1.000000
0.883727 0.238692 0.120944 1.000000
0.641101 0.456981 0.115536 1.000000
0.705506 0.183874 0.131514 1.000000
0.237463 0.503196 0.126598 1.000000
0.878564 0.257375 0.118486 1.000000
0.133972 0.550147 0.119961 1.000000
0.458702 0.636676 0.111849 1.000000
0.418142 0.275074 0.109145 1.000000
0.572271 0.332842 0.141839 1.000000
0.071780 0.695182 0.136677 1.000000
0.474435 0.314897 0.122911 1.000000
0.929204 0.194199 0.124877 1.000000
0.320796 0.676991 0.121681 1.000000
0.095624 0.586529 0.120698 1.000000
0.624877 0.231563 0.128810 1.000000
0.163963 0.614553 0.135939 1.000000
0.168879 0.784907 0.123402 1.000000
0.535152 0.213618 0.113815 1.000000
0.786873 0.235742 0.134710 1.000000
0.500246 0.352016 0.135447 1.000000
0.937070 0.134464 0.132989 1.000000
0.253687 0.723943 0.121927 1.000000
0.818584 0.303097 0.118486 1.000000
0.749754 0.140364 0.131268 1.000000
0.828663 0.133972 0.141101 1.000000
0.891347 0.134710 0.141101 1.000000
0.601770 0.195919 0.118977 1.000000
0.658800 0.196165 0.126844 1.000000
0.888889 0.284415 0.112832 1.000000
0.095624 0.586529 0.120698 1.000000
0.776303 0.375615 0.112832 1.000000
0.902655 0.161013 0.133235 1.000000
0.796706 0.127581 0.134956 1.000000
0.382743 0.296214 0.107915 1.000000
0.907080 0.174041 0.131023 1.000000
0.424041 0.501721 0.139626 1.000000
0.045231 0.555801 0.107915 1.000000
0.549164 0.435595 0.133235 1.000000
0.434120 0.412734 0.137660 1.000000
0.489676 0.211406 0.107178 1.000000
0.418142 0.425270 0.136677 1.000000
0.400688 0.694199 0.110865 1.000000
0.267699 0.737217 0.115782 1.000000
0.377089 0.442478 0.132498 1.000000
0.446411 0.252458 0.107670 1.000000
0.204769 0.817355 0.112340 1.000000
0.642576 0.501967 0.108899 1.000000
0.378073 0.302360 0.110374 1.000000
0.860374 0.244838 0.122911 1.000000
0.753196 0.386431 0.115044 1.000000
0.394543 0.281711 0.106932 1.000000
0.588987 0.333333 0.145280 0.000000
0.654376 0.346608 0.133481 1.000000
0.856195 0.263274 0.120206 1.000000
0.911750 0.085300 0.143805 1.000000
0.608407 0.239676 0.129302 1.000000
0.308997 0.575959 0.140118 1.000000
0.414946 0.459931 0.141839 1.000000
0.058751 0.567847 0.112832 1.000000
0.309243 0.483530 0.133972 1.000000
0.309980 0.528024 0.139135 1.000000
0.671091 0.176745 0.126352 1.000000
0.705506 0.183874 0.131514 1.000000
0.946411 0.248525 0.112586 1.000000
0.555801 0.266962 0.127335 1.000000
0.327925 0.527286 0.143314 1.000000
0.353982 0.347099 0.113569 1.000000
0.281219 0.366519 0.106932 1.000000
0.776549 0.380285 0.115536 1.000000
0.715585 0.250737 0.142085 0.000000
0.641101 0.394789 0.125615 1.000000
0.411504 0.648968 0.115290 1.000000
0.410030 0.390364 0.126844 1.000000
0.282694 0.761799 0.111603 1.000000
0.905359 0.200344 0.125860 1.000000
0.312930 0.445182 0.124877 1.000000
0.560472 0.371190 0.143068 1.000000
0.839479 0.018682 0.122173 1.000000
0.447148 0.283677 0.113324 1.000000
0.197640 0.791790 0.119469 1.000000
0.487709 0.541298 0.122419 1.000000
0.237463 0.503196 0.126598 1.000000
0.752950 0.227630 0.142330 1.000000
0.221485 0.785398 0.116765 1.000000
0.891101 0.101770 0.145526 1.000000
0.168142 0.582104 0.129302 1.000000
0.550885 0.480826 0.124877 1.000000
0.831367 0.279007 0.122665 1.000000
0.885693 0.075959 0.139872 1.000000
0.532694 0.394297 0.142576 0.000000
0.293019 0.766470 0.108653 1.000000
0.503933 0.493117 0.129548 1.000000
0.204523 0.833333 0.110619 1.000000
0.307276 0.403392 0.115782 1.000000
0.092920 0.513766 0.108899 1.000000
0.406342 0.383235 0.126844 1.000000
0.187070 0.692724 0.136677 1.000000
0.269174 0.686578 0.128073 1.000000
0.210914 0.429204 0.106441 1.000000
0.235497 0.774336 0.114798 1.000000
0.287365 0.622173 0.136431 1.000000
0.329646 0.654867 0.121927 1.000000
0.771386 0.089479 0.125615 1.000000
0.584071 0.229843 0.123894 1.000000
0.767453 0.286382 0.128073 1.000000
0.480334 0.499263 0.132743 1.000000
0.560718 0.191986 0.115290 1.000000
0.524828 0.533186 0.119469 1.000000
0.251967 0.695182 0.127827 1.000000
0.814159 0.093166 0.132498 1.000000
0.668633 0.478614 0.109145 1.000000
0.547198 0.295723 0.130531 1.000000
0.217306 0.569076 0.137660 1.000000
0.434366 0.465585 0.144297 0.000000
0.935595 0.272124 0.108407 1.000000
0.885693 0.075959 0.139872 1.000000
0.404621 0.502458 0.142085 0.000000
0.329892 0.353491 0.112094 1.000000
0.382498 0.570796 0.131760 1.000000
0.495329 0.454523 0.136431 1.000000
0.591445 0.457473 0.125860 1.000000
0.230089 0.730334 0.123648 1.000000
0.515978 0.292035 0.126106 1.000000
0.824730 0.317601 0.116765 1.000000
0.451573 0.489921 0.136677 1.000000
0.702557 0.140610 0.122665 1.000000
0.235005 0.422566 0.110128 1.000000
0.590954 0.385939 0.137414 1.000000
0.366519 0.664946 0.118240 1.000000
0.257620 0.732055 0.124877 1.000000
0.364307 0.661504 0.119715 1.000000
0.241150 0.562684 0.136431 1.000000
0.241396 0.681662 0.132006 1.000000
0.109636 0.585300 0.129056 1.000000
0.619715 0.276303 0.138643 1.000000
0.702557 0.140610 0.122665 1.000000
0.482547 0.630285 0.110619 1.000000
0.524582 0.518682 0.123156 1.000000
0.526303 0.558997 0.113569 1.000000
0.168879 0.784907 0.123402 1.000000
0.325959 0.344149 0.107670 1.000000
0.405359 0.638151 0.117011 1.000000
0.502704 0.565143 0.119223 1.000000
0.357178 0.563176 0.138643 1.000000
0.452557 0.444690 0.143805 1.000000
0.480334 0.453540 0.138643 1.000000
0.386676 0.396755 0.129794 1.000000
0.394789 0.686824 0.108161 1.000000
0.798673 0.358161 0.112586 1.000000
0.686578 0.432153 0.114553 1.000000
0.230580 0.553097 0.134218 1.000000
0.296460 0.621927 0.133972 1.000000
0.860374 0.244838 0.122911 1.000000
0.903884 0.244838 0.119223 1.000000
0.857915 0.172812 0.137168 1.000000
0.674287 0.235497 0.137906 1.000000
0.386676 0.396755 0.129794 1.000000
0.678220 0.130039 0.119715 1.000000
0.125615 0.724435 0.139626 1.000000
0.561209 0.296214 0.133235 1.000000
0.846608 0.043510 0.126844 1.000000
0.428712 0.451082 0.143314 1.000000
0.745575 0.202557 0.142822 1.000000
0.060226 0.569813 0.111357 1.000000
0.859390 0.080875 0.135939 1.000000
0.860865 0.186332 0.135693 1.000000
0.084071 0.694444 0.137906 1.000000
0.207227 0.530728 0.124877 1.000000
0.841691 0.132006 0.147247 0.000000
0.320796 0.676991 0.121681 1.000000
0.822271 0.152901 0.142330 1.000000
0.747542 0.096116 0.123648 1.000000
0.749754 0.140364 0.131268 1.000000
0.774582 0.062684 0.121436 1.000000
0.762537 0.297198 0.132006 1.000000
0.478614 0.571534 0.117994 1.000000
0.819076 0.109882 0.135202 1.000000
0.285152 0.582350 0.143559 0.000000
0.824730 0.317601 0.116765 1.000000
0.843658 0.159046 0.142330 1.000000
0.086283 0.519666 0.107670 1.000000
0.423795 0.671829 0.109636 1.000000
0.541544 0.167158 0.109882 1.000000
0.360619 0.360374 0.114798 1.000000
0.705752 0.240167 0.144543 0.000000
0.264995 0.644051 0.137168 1.000000
0.185595 0.750983 0.128073 1.000000
0.753687 0.381760 0.115044 1.000000
0.143314 0.573501 0.124631 1.000000
0.282694 0.777286 0.109882 1.000000
0.528269 0.257375 0.120944 1.000000
0.662979 0.405605 0.122419 1.000000
